id,t_key0,t_mode0,t_dur0,t_dance0,t_energy0,t_speech0,t_acous0,t_ins0,t_live0,t_val0,t_tempo0,popularity,ClasePopularidad
116295,3.873488880460096,1.0,102.07743382262233,1.1360051413715428,0.6520678855900447,0.03880600336970576,0.24529654364002723,4.4499243503009465e-06,0.061370530210634044,0.31386999284176065,20.325737358351784,56.0,3
101223,1.5954046671017168,1.0,163.22245243045853,1.5596663441426157,1.3758917009694793,0.09060308225465417,0.0009985074216367666,0.14447399996626462,0.07989911657905567,0.23795182913777405,32.519311981633095,22.0,2
47928,4.359420279727952,1.0,113.53185287197407,1.593801330922556,1.5041555271287885,0.05276348676969412,0.030623186214899293,0.005558738254789952,0.07019179955184995,0.7761684083032372,26.36946702227457,22.0,2
88722,3.873488880460096,1.0,96.79206095675387,1.2892590495900826,1.5953196693962126,0.04871393084203881,0.1511740477018857,0.0,0.03487806120732366,0.8626292624718457,32.618254363444265,50.0,3
111363,4.359420279727952,0.0,102.64081710668945,1.814995089313839,1.0315616104748004,0.03671076172813789,0.015052670763103827,1.6099900975332845e-06,0.08961697180144913,0.8381688053614872,25.15734722608591,35.0,2
45158,3.873488880460096,1.0,113.44961130255265,1.3857033743699478,1.224836140286072,0.09998279941324975,0.14041716978012045,0.0,0.08892922146119757,0.5897388344096739,24.551727659414635,55.0,3
102895,3.873488880460096,0.0,119.94144742208915,2.3432143909107492,0.7197556293230039,0.06417169459392577,0.06354836097597961,1.86986641650071e-05,0.13475720148807846,0.7991725622072491,26.503949810543133,2.0,1
72466,0.872923795046736,1.0,101.22107472989427,1.4695941574011762,0.9633865604732803,0.10558557925566092,0.054177532011139076,0.0,0.1274776608148665,0.6275089041868975,27.181211484600546,14.0,1
41272,3.873488880460096,0.0,105.03030784683119,1.8975213518964196,0.8870481719091188,0.044209968103347645,0.1941059981153935,1.0099961030423567e-06,0.07782218133052284,0.3231583147981585,23.193476577002514,18.0,1
68114,2.81870192439919,0.0,138.4307821448957,1.0770677015296135,1.460800869304105,0.037503497957860635,0.014670307255570792,0.0,0.09630503739313614,0.7255949080509491,25.545778507032974,59.0,3
129571,0.872923795046736,1.0,132.3512809618005,0.4997366955494057,0.6200563553337668,0.05223874875548161,0.18071497178150703,0.12651942629048368,0.128645412749902,0.13277101043652648,27.650646919623764,26.0,2
4573,5.270402895934253,0.0,74.35040221594754,1.0468602170294494,1.5351222119478976,0.06408679225719048,0.11056948609566525,0.1305619137481116,0.12189331958493682,0.470341237512751,25.998246364797573,60.0,3
148097,0.872923795046736,0.0,91.19472506964405,1.2054289960576283,0.8648633807671563,0.08307477277729898,0.1912034946595629,0.0,0.07567160824092482,0.44052059468949495,28.810586825804485,9.0,1
147326,2.234779091684268,1.0,43.001153359572506,1.0937363611747035,0.048580483322845126,0.05181565204652488,0.375466997075387,0.14867172392528688,0.07523239892816581,0.11822862398498821,24.54101998694769,24.0,2
112551,3.873488880460096,1.0,90.46776725643336,1.563060875323366,1.1489248154734721,0.03177121969776521,0.024374542771290923,0.001481554906246739,0.0834609979772711,0.41963386075746517,26.504741841692372,54.0,3
140842,1.5954046671017168,0.0,85.3819741166015,0.787802634069226,0.729098628509576,0.06056899457987591,0.2524586145099518,0.0,0.04939316370457285,0.4332653199494439,21.751725093738834,6.0,1
130421,3.873488880460096,0.0,81.22928838585699,1.1189948897666122,0.4047791174136846,0.10778520225113049,0.27347028496277787,0.12723460622343344,0.10807879371529658,0.24550549161982108,19.445629369772895,24.0,2
134530,3.873488880460096,0.0,130.5443723261941,0.894973455755926,1.208550416448057,0.03482762600454365,0.004962882796202298,0.1353564655945731,0.08716837634649345,0.5187756442984244,29.956085862078346,25.0,2
31255,0.0,0.0,84.84640586072798,1.5026003343861656,1.0840160182295047,0.09220467864151599,0.17605677935381134,0.0,0.06776790858233991,0.490127341111776,22.213852566955946,35.0,2
12785,3.873488880460096,1.0,130.4536812829797,0.6523964551813372,1.4330682921235658,0.04843439090520536,0.007905355412165744,0.14837748463692157,0.10763668424531088,0.3324287028011156,24.147929058210902,4.0,1
98392,5.270402895934253,1.0,109.03187961173913,1.8447562024754598,1.257705099064472,0.05728648091811103,0.006770706554991453,0.000392410631782778,0.12589889796513168,0.42963382439383313,27.02024520922472,33.0,2
45619,0.0,0.0,104.95234353986277,1.1189948897666122,0.6112701122260614,0.05728648091811103,0.27530300231186905,0.0,0.10979175009966557,0.36657593878089856,23.47953393079083,72.0,4
24257,2.81870192439919,1.0,105.19140788489645,1.593801330922556,0.7997003756155685,0.11603283490114359,0.2548947328680451,0.0,0.07782218133052284,0.5844482742465293,26.898894739354414,18.0,1
32293,4.359420279727952,1.0,158.40109414518753,1.3447892366328362,1.1489248154734721,0.03240626087208351,0.08447906470967452,0.0,0.06966589041842604,0.35737047171995895,25.555116512763156,65.0,4
44893,3.3619271977508447,0.0,107.36542645078035,1.9357467418808714,0.9633865604732803,0.0853906261142464,0.12658456236904403,4.999904494889575e-06,0.07824336696718033,0.5419401255638323,28.56043272438139,34.0,2
125416,4.824000686513771,1.0,126.54025540456148,1.2113149601562354,1.1308513369073827,0.04893668168033808,0.10500286109376333,0.00022281014420678772,0.07019179955184995,0.4232724839940975,23.18567324963014,13.0,1
80210,4.359420279727952,1.0,124.93456103139164,1.3230403074748542,0.9570978852161511,0.06737279893323408,0.11669313372009094,0.0,0.08680895131871912,0.28776582155373864,23.965091331593662,38.0,2
59442,6.117892928831929,0.0,100.97546420431752,1.0523187556135853,0.9259172992484815,0.045804168123012245,0.1529201254059554,0.0,0.09833371298734968,0.24833490189782328,30.03590934068197,40.0,2
95019,4.359420279727952,1.0,68.45252265313415,1.2231336726202555,0.9362622300425101,0.10852846367617025,0.06703712078328004,0.0,0.09510266620308695,0.5853303840742065,34.639783801148184,24.0,2
61320,2.234779091684268,0.0,135.78426094380677,1.1849505506472449,1.4939002107471904,0.0997124288993236,0.1658841956233759,0.0,0.08858182813778119,0.5773863402581226,27.51498423646293,44.0,3
111963,4.359420279727952,1.0,119.5741951854188,0.37980950185913204,1.4456428644832313,0.050636785623080244,0.13980511964077502,0.1163717815652028,0.11905083262975834,0.3748461739260816,27.032620334740503,23.0,2
102747,1.5954046671017168,1.0,97.02864507026432,1.635322297431103,0.8628581206184712,0.054615173928087325,0.04126698976593212,0.0,0.0607750943259681,0.2793444188864179,21.56881367733482,2.0,1
133801,1.5954046671017168,0.0,108.63371316019077,2.270648237396543,0.4139711117068804,0.06182769896522369,0.14465841868461957,0.0,0.07824336696718033,0.5080505822351178,23.050423179836372,37.0,2
62832,3.873488880460096,1.0,101.10089299444546,1.928065764092387,0.8911068094754843,0.030844808525263702,0.2247560956944594,0.0,0.07824336696718033,0.6519686275075127,25.963590349097235,44.0,3
18334,1.5954046671017168,1.0,92.73082676515783,1.0441365530273317,1.2529852016303604,0.08307477277729898,0.02943811244950024,0.0,0.09917475099732172,0.37300954001041753,31.015222455438042,18.0,1
86115,0.872923795046736,0.0,122.66533931738742,0.2710396899408596,1.6351796831827423,0.05223874875548161,0.03683917775901111,0.00681651852218226,0.11443906789033216,0.22943896094336566,23.772780884497248,17.0,1
37484,3.873488880460096,1.0,93.33896314930047,1.3888789288233903,0.9321184334126422,0.10852846367617025,0.32486877333512926,0.0,0.08858182813778119,0.4793441631124205,20.243850503088495,58.0,3
33110,0.872923795046736,0.0,151.5385499558239,1.7346023120600809,0.7272262776524988,0.10452341798063405,0.027973413346776416,0.0,0.05502269754756687,0.44052059468949495,27.296012760290715,24.0,2
41869,6.117892928831929,1.0,167.9262764962193,1.13316055416276,1.4006167860242422,0.04673112473458526,0.0341517760422906,0.0,0.05306868496164823,0.7048997520634385,29.767107513334686,35.0,2
101538,3.3619271977508447,1.0,95.41296710985864,0.09670853778640338,1.1854566026281719,0.059651224241981105,0.03325079712840182,0.14479017562031374,0.1358373673407423,0.0139748435760533,20.853820369406236,51.0,3
144719,1.5954046671017168,1.0,115.45183903207602,1.4959659338530724,0.6646784571795217,0.035235138009384284,0.1098800831673712,0.14869142354534587,0.06297072826400497,0.058364295968406255,21.714893281351316,44.0,3
54363,0.872923795046736,1.0,80.20398682592315,1.2201731395132756,0.2923571692648311,0.04673112473458526,0.1964938211855431,0.14567081143587732,0.07989911657905567,0.13954045346855962,26.50223368782838,25.0,2
79139,0.872923795046736,0.0,123.8184621311544,2.0771036036296118,0.8890765263984753,0.09943794886500139,0.07199457314923663,0.0,0.05629957800231109,0.5250220325545847,26.634286408936475,35.0,2
147888,2.81870192439919,0.0,40.26293046007026,1.698757269387999,0.26617686285745656,0.07851550707857491,0.3317940177903035,0.1338427588405769,0.07207008747600625,0.5437179067418695,24.149756924245306,9.0,1
62786,3.873488880460096,1.0,115.20568061610066,1.532661226759913,1.3513725909920593,0.049490153228170956,0.19838414786356615,0.0,0.08384328428839721,0.5525981112890355,21.717762837091957,15.0,1
134972,0.0,1.0,116.21035590167986,0.5667208372492745,0.21433736748688742,0.026953409443536608,0.34535875427473595,0.0,0.07697095147323091,0.2971052741693927,29.087769911153956,30.0,2
158062,0.0,1.0,96.80257755813072,1.1133552989984767,0.4356650081024779,0.10935399873970236,0.1146679813352171,0.007761030056575878,0.07907699494507488,0.3110799737441455,28.475918797023013,18.0,1
48769,4.359420279727952,1.0,98.6195137351966,1.313779393613908,0.5077466257061825,0.0461533086282955,0.13672143769829853,0.08525667246632279,0.07344443758622808,0.2999035103297946,21.96509968074929,20.0,1
124846,0.872923795046736,1.0,111.8029785578049,1.4208581649724286,1.0995302396656046,0.09628957850027947,0.2382034174387412,0.0,0.09776367429658296,0.47664490956611383,28.972021102397793,2.0,1
125077,4.359420279727952,1.0,34.92956857120608,1.1820405678953774,1.0186256893922574,0.04071676728200563,0.3381352494969032,0.14714191966744974,0.11617843095528736,0.3940899342910126,25.33321960961649,20.0,1
49567,0.872923795046736,1.0,110.8649099682479,0.7095829213622472,1.5533254571377446,0.10064118982096132,0.07452016071660737,0.1475855259215049,0.12242178962049771,0.461322770147165,32.42096715438921,2.0,1
38734,1.5954046671017168,1.0,104.56239768776882,0.8067838170617007,1.6271696146393297,0.05431056943270107,0.005946621798604477,0.0,0.08150955334797905,0.5720839688793614,29.40265412928647,35.0,2
56552,0.872923795046736,1.0,117.14727401687345,0.22202883019725272,0.04228299070706411,0.041962598355487504,0.37130700566282,0.14736650942860754,0.07567160824092482,0.05659026636171216,28.68557101826532,52.0,3
44855,2.234779091684268,1.0,89.8037569112743,1.338555201025666,0.8310347149247238,0.03134499269087866,0.3244483425283577,0.0,0.10363955969640551,0.8203964651635863,31.321505527423348,69.0,4
150341,4.824000686513771,0.0,107.27216200415167,0.8187599816799841,0.729098628509576,0.029907481693841425,0.2671982360325522,0.0,0.08422295110813957,0.3213020905324471,22.122543256770875,50.0,3
93949,1.5954046671017168,1.0,115.85168647468272,0.9279519897293446,0.40783610587122643,0.02844379682282684,0.2800839896815336,0.0009961907158109078,0.06050287974072933,0.3370572240184057,24.20328598836386,31.0,2
32309,2.234779091684268,0.0,106.43744629690359,2.0174878286975386,0.882997246197953,0.10442257216654599,0.15058911051770973,0.0,0.06712347472330239,0.8102180588519682,29.80477384726358,11.0,1
35987,0.0,0.0,86.86301153073802,1.1675486338704655,1.420545549682991,0.03584231509880679,0.012366637010684292,0.0,0.12453212525422737,0.5525981112890355,30.997315625090835,13.0,1
28533,5.701060861471607,0.0,117.19844077300627,1.532661226759913,1.1671264680853237,0.03995857585723361,0.10074959601613999,2.0898331372340912e-05,0.041947486398096284,0.5588056688922406,22.462075786727954,47.0,3
12173,0.0,1.0,54.350256747263856,1.9357467418808714,1.0402249611304715,0.05937280274030666,0.19696805351856575,0.0031026718403115677,0.07610775407689287,0.7974715008392304,25.009758718766978,40.0,2
65342,3.873488880460096,1.0,165.5524140315855,0.9202876017469687,0.9781284470444853,0.032054095044992494,0.22557525993315777,0.035267599177157063,0.065765824499414,0.3426056156966485,25.33852789526266,28.0,2
34628,1.5954046671017168,1.0,155.78115916940243,1.586940561014816,1.4006167860242422,0.10723265730154023,0.04065091238761172,0.0,0.07344443758622808,0.5791526678427404,30.51770962087351,54.0,3
51229,3.3619271977508447,0.0,102.61995895053542,0.755116866294833,1.3808202212133387,0.09220467864151599,0.2703660577561017,0.024499830402021316,0.08422295110813957,0.6362565578510048,33.97353821577809,37.0,2
81168,0.0,1.0,181.96094654275132,0.5526328582336586,0.7030562129490128,0.026198033914667747,0.06976627626521868,0.0,0.1402624753950625,0.15401045902161728,28.946173325596845,52.0,3
48870,5.701060861471607,0.0,166.47724059811713,1.2409790360109807,0.8850217453836101,0.044982288551343556,0.07452016071660737,0.008698409363821236,0.06627170617944157,0.45590417500931824,27.633970538525656,35.0,2
107396,3.3619271977508447,1.0,159.55208922109344,1.6110273795933783,1.288582650538607,0.080004802065222,0.15637341109399755,0.0,0.08030591854684666,0.7932167916851092,27.000045925652817,30.0,2
103908,2.81870192439919,0.0,91.19472506964405,1.789185585833376,0.7309728561567572,0.07154319726812285,0.13547693088861773,0.06562043953028128,0.08190524688566762,0.30921905351352663,25.0636823755237,7.0,1
25347,3.873488880460096,0.0,128.67834261880418,1.2201731395132756,1.2790452321863144,0.07821024105866159,0.025948304091180735,0.00681651852218226,0.07298954199416931,0.16747215160921813,26.543531671609106,30.0,2
30700,0.0,1.0,115.41081784694066,1.3447892366328362,1.2861952396200695,0.060112080397729396,0.08455490089482158,0.0,0.055431191649043365,0.5410510166898501,23.425754889306305,31.0,2
77260,0.872923795046736,0.0,99.88224368809327,1.2260981136938247,1.03805616547117,0.11333843021810176,0.2838582084562178,0.0005568124174426961,0.08716837634649345,0.6780604729547725,24.450225327422853,45.0,3
121853,0.0,0.0,88.70793498349133,0.7163267310388866,0.8349858419672646,0.05531977924046881,0.28299581488152875,0.0,0.10999979085255757,0.39500445441039295,30.590062698725745,48.0,3
44861,0.872923795046736,0.0,116.07715433996654,1.1937037408317457,1.0642120665634267,0.05680116751690537,0.0330702889675393,0.009368940372122082,0.07697095147323091,0.31665838257302165,23.190586662169483,37.0,2
26134,4.359420279727952,1.0,84.76602911775598,1.3857033743699478,1.0164765902676833,0.10698728321032973,0.3138925520714904,0.0,0.10212019116983716,0.7161185947953245,21.830079824745987,10.0,1
70926,6.117892928831929,0.0,87.39679557014428,1.1417057923154803,0.8035905104059599,0.05621322507774692,0.015529992453677007,0.0,0.05962517592933622,0.21521517345479477,22.599836662960186,32.0,2
83999,3.873488880460096,1.0,90.64294983861299,1.5495079674127066,1.2981526855390904,0.024589270636504634,0.1373413159554467,0.0002926723110075352,0.08150955334797905,0.4041404961216831,26.76720645623976,41.0,3
151217,0.0,1.0,87.11928606516571,0.30377320092017374,0.3880907013868155,0.03584231509880679,0.37302130041070103,0.14851985496221193,0.06344411017050605,0.26433542927204406,33.31069294451511,21.0,2
47264,2.81870192439919,1.0,109.96184948181394,0.8429744814568473,1.2295073977449773,0.03597658040809012,0.053080236648718124,0.0,0.10413295990069908,0.817005514313588,30.53365176401533,31.0,2
38683,0.0,1.0,116.77877887501928,0.7925271422579314,1.4305595995732223,0.03345331143459896,0.0,0.0,0.13837404082200308,0.31944514756429193,26.897718559971423,69.0,4
106449,3.873488880460096,0.0,126.87925495317903,0.9851555438001129,1.5247664907417113,0.04426969272819861,0.056192763791756715,0.00014891522277557626,0.07066635954166857,0.4050531875874435,20.484613901700033,28.0,2
97511,5.701060861471607,1.0,94.8963929021066,1.2142637860645362,0.6253501522484253,0.11776622270741541,0.045631865334373974,0.0,0.12511337403336176,0.6327591102779849,32.75138007741544,12.0,1
130011,5.270402895934253,0.0,109.34199511234429,1.5698625629767227,1.1511930062111049,0.059279675784777434,0.016292248182897914,7.707729584568512e-05,0.06918422264604328,0.4856370331868439,23.61725932755068,5.0,1
20035,2.234779091684268,1.0,111.12273380737857,0.5035770433788322,0.11934197262109546,0.04379041442699696,0.37405960254010995,0.1485484678378855,0.08497450704940865,0.3259413065890475,25.816454203474407,44.0,3
93550,5.701060861471607,1.0,123.73723525481101,1.7635911034941345,0.817265915439901,0.07154319726812285,0.241972737467687,0.1480116311050532,0.07479010183432175,0.22091007236670035,27.796848970603147,23.0,2
76272,0.872923795046736,0.0,135.81431939807405,1.382531875836705,1.8190668370535943,0.03482762600454365,0.002986602388962986,0.13793579055402838,0.11020651288205074,0.6371305844385486,26.63139183259478,34.0,2
159617,5.701060861471607,0.0,114.49242161868207,0.7231008787618839,0.8330093229215549,0.02844379682282684,0.27890300212052405,0.0,0.07697095147323091,0.2858957051591956,22.907351757951098,50.0,3
119110,4.824000686513771,1.0,118.04223219720762,1.1966292274711101,0.5143288414977084,0.09563039090246964,0.1614580741411667,0.0,0.07654086052747315,0.22849210047277335,30.077340792910793,22.0,2
72241,1.5954046671017168,1.0,104.58840053555147,0.2292670187861027,0.9844757146265559,0.03861210524436159,0.0005036206112955776,0.09470779463649132,0.06617081820143467,0.1356735164838955,21.159745823347755,15.0,1
31504,0.0,1.0,89.03262614190483,0.6480902820411296,1.1331035227505035,0.06534527571603274,0.020358832082419225,0.12011521841156712,0.11566792219410234,0.23606145763498151,22.966165119978314,39.0,2
77859,4.824000686513771,1.0,126.24162572642852,1.0117429819484791,1.4305595995732223,0.0461533086282955,0.034960437362430756,0.0,0.12622580018510962,0.3619753613456227,30.40595429894634,29.0,2
19674,6.117892928831929,0.0,164.90946655307198,1.6916401609057337,1.5092957197361627,0.05431056943270107,0.1862740142590032,0.009628717289747853,0.12973537823509393,0.6624195015311976,27.10744024920691,36.0,2
157659,1.5954046671017168,1.0,120.74679917044045,1.0144220302914997,1.0620215341973758,0.04899224740895944,0.23278726790755302,0.0,0.11812843327074328,0.7031718835524514,24.435861130148897,39.0,2
142946,0.0,1.0,88.67598900032094,1.814995089313839,0.7555088942782333,0.03880600336970576,0.3104007536577539,0.0,0.13620837712054312,0.7264556430606567,27.848955242818946,49.0,3
95061,3.3619271977508447,0.0,94.50606063010557,1.0117429819484791,0.6975233845593646,0.10501676070355577,0.34743304895058974,0.00045620319138042607,0.08644706391858864,0.3693342235535494,19.50248314729775,13.0,1
68675,0.0,1.0,89.38374123133666,1.486045460471644,1.0554618093302919,0.0457457983419078,0.08379560804947994,0.0,0.10107366171887236,0.5729680510664715,22.308618592542334,7.0,1
31918,0.0,0.0,109.2799820823726,1.3762010353347607,1.1557353982549923,0.037174223482640885,0.00818840812506289,4.009938570588976e-06,0.12567774876200102,0.3490707404716398,25.97898203143562,67.0,4
114663,4.359420279727952,1.0,103.87558738442179,0.925393585596664,1.4887850777116909,0.027103665101560117,5.319577032657485e-05,0.00019984727755202174,0.0308352520670404,0.7333370560811653,26.454812396940024,1.0,1
152128,3.873488880460096,0.0,121.00149704097291,0.8235748656635028,0.11934197262109546,0.029178943760520885,0.37183808953849257,0.14844628185416234,0.062121579541474924,0.12308164179780615,22.026492358469937,31.0,2
8370,1.5954046671017168,0.0,176.29402407907057,0.7344587426213406,0.817265915439901,0.0689341804959577,0.027789847142669463,0.06244813377938165,0.09630503739313614,0.15497339791921644,29.46459289858126,30.0,2
50276,2.234779091684268,1.0,123.15827244123348,1.5192591302375724,1.1557353982549923,0.057719692978303636,0.304855180705445,0.0,0.11859386596217729,0.8305582689590693,20.165075013657994,14.0,1
144252,3.873488880460096,1.0,54.538575814055584,1.3292342453589678,0.7328489612337938,0.061426404648300695,0.012944084026269448,0.13431433409863586,0.13008243038714398,0.12986652282760713,28.570467595899775,5.0,1
149132,3.873488880460096,0.0,105.49792030220189,1.0224814030232345,1.0315616104748004,0.03162939973567415,0.17710064452048874,7.657758933542448e-05,0.05968032943034548,0.3250138217148678,31.69787145814934,45.0,3
159418,4.359420279727952,1.0,107.7487254439416,0.9667630100669081,0.6095183704904821,0.0711798012622476,0.2900298579758404,0.0,0.10763668424531088,0.6126068486236221,30.123692813035987,46.0,3
141576,2.81870192439919,1.0,128.8903562311261,1.2409790360109807,0.653863841431761,0.02357788366992196,0.32959850987983824,0.04324615106719024,0.08030591854684666,0.2727839400024509,20.636108356313283,30.0,2
128688,4.359420279727952,1.0,88.14864272637799,1.4794525303974508,1.1084392632811322,0.11029334661670147,0.16478578751621065,0.0,0.10696278729458521,0.5330424673029763,21.21348853485725,15.0,1
2176,3.3619271977508447,0.0,129.7278271888124,1.4273029632982537,1.2648001779253042,0.044982288551343556,0.17917339349527653,0.0,0.1299098908721293,0.7599282170448584,28.890696462773107,55.0,3
6860,0.872923795046736,0.0,126.77301533162183,1.0468602170294494,0.7347269443802338,0.03247650422115219,0.14764237027396704,0.0,0.1375171518960045,0.36381610868103414,24.597859662770574,53.0,3
18955,5.701060861471607,1.0,130.2319540356613,0.8115638316796402,1.2318460617081535,0.032054095044992494,0.004962882796202298,0.0,0.07907699494507488,0.6292595119241615,24.6139642724713,67.0,4
47850,2.234779091684268,1.0,130.81135470431644,0.2021130503443883,0.0426019009036291,0.03841768798409405,0.3753400103877654,0.1488527443441111,0.07907699494507488,0.04286441274271279,21.84046270715688,22.0,2
35146,5.270402895934253,0.0,108.04901275298414,1.2710355796097998,1.6245038255176485,0.027253648886448583,0.0978759997682047,0.13528462654113338,0.07824336696718033,0.7143940027013405,26.632444430572928,34.0,2
37282,4.359420279727952,1.0,170.91594069738304,1.0632807525460788,0.630660508976416,0.058717534870942424,0.17183062586123532,0.001984806558653298,0.12093734207546923,0.45771100209068194,28.364646914608844,61.0,4
66201,6.117892928831929,1.0,137.63609296560816,0.17590177941286525,0.13948737587497925,0.03177121969776521,0.36424191240932374,0.07437731585469125,0.10696278729458521,0.07282321074135713,28.485722645720887,17.0,1
1004,0.872923795046736,1.0,129.0871813082007,1.249954663221884,0.971798776571637,0.03345331143459896,0.0,0.0,0.07523239892816581,0.4694400923118106,27.286566407548573,68.0,4
4666,0.872923795046736,1.0,66.01003404590418,1.5226033909488335,1.3611555555156263,0.10770794092542646,0.2300164851229946,0.05208167588019315,0.07989911657905567,0.4423328122524797,22.953944960540515,23.0,2
81144,5.701060861471607,1.0,132.4216735259134,1.6283596013417518,0.8448971249366763,0.07971180677246352,0.012944084026269448,0.0,0.08858182813778119,0.3821859095722139,28.796367982817515,57.0,3
65803,0.0,1.0,130.5746006686981,1.4532460742582065,1.3343314548273377,0.05776762020712451,0.06330339403872892,0.022774425824096823,0.05186136939192016,0.7298973410881702,28.519390117440977,11.0,1
144286,1.5954046671017168,1.0,146.0203033379108,1.1360051413715428,1.5900409064989947,0.044982288551343556,0.029620722255763815,0.0009961907158109078,0.09417957066797655,0.5035754392914052,25.792660555308764,45.0,3
130899,2.81870192439919,0.0,153.8588078649723,0.7185814057543572,0.5426245627788366,0.0431865287142909,0.3368200216584678,0.0,0.1031396955853106,0.35276125013630455,26.900985638487555,6.0,1
1086,2.234779091684268,0.0,118.69110834264747,1.6774576631672329,0.7938794242950211,0.09039569818937865,0.08981251686689971,0.0,0.07697095147323091,0.3203737089709441,28.9802195063402,61.0,4
100230,0.0,1.0,184.54759713091022,1.3984299557000819,1.1308513369073827,0.03919224834750007,0.011788166338059581,0.0,0.07066635954166857,0.5906201054722333,21.716403605564857,27.0,2
1119,0.872923795046736,1.0,147.57590513521933,0.5526328582336586,1.4887850777116909,0.0461533086282955,0.004962882796202298,0.0,0.09689431395432624,0.5008885459395205,25.717956519935154,66.0,4
47050,0.0,1.0,101.98349347142576,1.437000860302872,0.8749185103672998,0.09661164643050027,0.02952943058970155,0.0,0.057101594944309615,0.49640736697300886,21.332166968798667,29.0,2
105749,3.3619271977508447,0.0,105.8198810217836,1.3635879022326585,0.776519017031305,0.10706965946680329,0.009376520783168795,0.0,0.07697095147323091,0.3610547290259492,31.00348301682967,4.0,1
51561,5.270402895934253,1.0,111.23099430685185,1.3416702104497014,1.4532125165491048,0.027103665101560117,0.15751312861954064,0.0009137960504228066,0.05721550628430818,0.3305760518370182,26.76707533411966,44.0,3
1964,4.359420279727952,1.0,127.10686842066782,1.274062926972884,1.2318460617081535,0.07434357648268704,0.1028847268953419,0.0,0.10581030322960991,0.329649459445562,23.28769933887482,42.0,3
42060,0.0,1.0,105.03030784683119,1.3888789288233903,1.314978844489941,0.10845647711077161,0.1580808751609178,0.0,0.12737664277608474,0.3803519932120896,28.30788936633024,48.0,3
15755,6.117892928831929,0.0,89.17628796117006,1.9357467418808714,0.9156208630438081,0.09692880978339921,0.054261772628098816,0.0,0.11874712021012017,0.4105258689230816,24.0338537897645,21.0,2
42699,2.81870192439919,0.0,64.90367919224761,1.6041242390834507,0.26890397549880163,0.10011646490093588,0.3244483425283577,0.1419172504478607,0.06627170617944157,0.3398322134003418,23.578556628812517,29.0,2
153558,4.824000686513771,1.0,136.3752359098381,1.3292342453589678,1.3053516392490825,0.04557037994341877,0.061171719184311045,0.13770183498111538,0.08384328428839721,0.7238730648159113,20.48712661759658,8.0,1
151630,5.270402895934253,0.0,132.9896462030211,0.8429744814568473,0.7422576704438388,0.09200993864114734,0.10074959601613999,0.1194711125043972,0.06776790858233991,0.15112035188052228,21.094055646889274,36.0,2
8617,1.5954046671017168,1.0,143.03122634436477,1.2054289960576283,1.095087666887929,0.10786191730577435,0.07294428524369923,0.0,0.09889625578485943,0.3647362240112409,26.246610742370944,23.0,2
140080,4.359420279727952,1.0,105.26415118196292,0.6523964551813372,1.691784810850091,0.05276348676969412,0.0,0.1485053757043052,0.12727503714890795,0.37759984787925627,30.839761525302542,18.0,1
7688,0.0,1.0,98.2523138603294,0.5486362213143707,0.5765830106954144,0.02792522605990291,0.3390651291819761,0.0,0.07523239892816581,0.22375482435312113,20.888252803567173,3.0,1
40779,0.0,1.0,135.58384687477238,0.8625992772181287,1.2553441352295662,0.030629476337651843,0.08379560804947994,0.07437731585469125,0.11749437973115917,0.48743361513789707,27.459869751374324,31.0,2
135696,3.3619271977508447,1.0,96.43439929180356,1.1560244956058299,1.3173907569336416,0.04557037994341877,0.3145794733439592,0.048319307351867236,0.07739805058592603,0.8449259926732132,25.24927561299354,32.0,2
104790,1.5954046671017168,1.0,117.65879798631411,1.6144853188230401,1.0402249611304715,0.1129367836452434,0.1488254969080726,0.0,0.053725243727408965,0.6248819796008633,26.371718844088964,32.0,2
56978,3.3619271977508447,0.0,84.63740372440027,1.0037280259604542,1.0100410881731547,0.030629476337651843,0.050788310921096536,0.0,0.10237756976806238,0.1751458780795015,21.56456519583105,28.0,2
132611,6.117892928831929,0.0,105.36805771858195,1.4597729435754092,0.3163008607122087,0.05581785744347516,0.3441294643385888,0.1482488086305023,0.0652563208801996,0.39317524704291157,29.795634529772403,37.0,2
56283,2.234779091684268,1.0,141.44866936759226,0.8115638316796402,0.11466919863657576,0.02740336134270613,0.373801201041412,4.929071621264837e-05,0.05868145286559786,0.20570758564253153,24.030891417603694,33.0,2
152930,4.359420279727952,1.0,83.22067313143276,0.3610759328950257,0.2432677692739327,0.036177528458350545,0.37483015478170034,0.14828992278854083,0.08268848505094586,0.6763246671744051,21.622781241221997,32.0,2
66886,6.117892928831929,0.0,97.73790442052811,1.5528898930012174,0.6324343108852805,0.09901837159570151,0.11125707260979383,0.032281348581267556,0.12175920649046457,0.2313320887455652,23.771359813695057,6.0,1
25925,4.359420279727952,1.0,106.43744629690359,1.1617788655968144,0.8330093229215549,0.09677083598355257,0.05333381640356864,0.0,0.090631273449164,0.3027000936330375,25.28268506453073,26.0,2
16228,4.359420279727952,1.0,150.21110802813897,1.232038730877049,0.8211903186456566,0.02844379682282684,0.051639214901532914,0.002965912600349943,0.08307607176161669,0.7350561716768521,29.080831391060453,12.0,1
17229,4.359420279727952,1.0,112.86339282205422,0.5506329600414857,0.4017291313143787,0.02770197444137078,0.36322782224080397,0.14707637421252515,0.10763668424531088,0.25022020596358363,26.560407717892527,26.0,2
56869,0.0,1.0,134.7516739874217,1.2439669833584739,1.1511930062111049,0.026198033914667747,0.1297971916212612,0.0,0.05186136939192016,0.7161185947953245,25.589471271010712,38.0,2
33089,5.701060861471607,0.0,106.40113312977029,0.3393858056818088,0.36123690408972214,0.02844379682282684,0.34879317068115623,0.0,0.09718602680360759,0.384019149597404,26.947610091314406,61.0,4
128252,0.0,0.0,111.28254162961515,1.1445618616011808,0.49629680953734306,0.03684347528477961,0.31157539028061215,0.0,0.090631273449164,0.5152030121689768,26.846586250891423,61.0,4
51077,5.270402895934253,0.0,69.87020420872095,1.5226033909488335,0.6828512271475592,0.0769637268850384,0.11601985112802114,0.07483251025913822,0.12453212525422737,0.3203737089709441,25.87043878618601,34.0,2
8701,0.872923795046736,1.0,85.25883592458572,1.4499888131526906,0.9424924981597133,0.11075589287932544,0.08906753062547003,0.0,0.07948948280021469,0.44414439156625246,21.358293230778557,60.0,3
20139,0.0,1.0,112.19436608612286,0.7253656825023128,0.7726819849845797,0.047871617065426426,0.3101645249866143,0.0,0.07739805058592603,0.7470761963978335,32.99720902255867,54.0,3
61909,0.0,1.0,128.32487536737062,0.8115638316796402,1.458269339562285,0.09887638189285769,0.09055548875425853,0.12239772377456234,0.06370578415960063,0.3748461739260816,25.247638461725998,20.0,1
110503,0.872923795046736,1.0,62.13432119773408,0.7505023214854164,0.7842157988769721,0.09039569818937865,0.21891869809742429,0.10261970860420891,0.10627575941954966,0.3110799737441455,28.316723419285882,19.0,1
54153,5.270402895934253,1.0,124.49336595214524,0.7185814057543572,1.5325301385083494,0.04379041442699696,0.008880373055813805,0.11618944016353955,0.1299964056903021,0.6510968640924567,27.48073970252493,50.0,3
155007,4.359420279727952,1.0,78.40789944535715,0.7597450800680996,0.4704547534652788,0.03414355059055638,0.33719740797510417,0.03378545374854456,0.10581030322960991,0.3082883206301165,23.83808825295457,8.0,1
66660,6.117892928831929,0.0,96.68162678822522,1.7346023120600809,0.48979344763555255,0.09724115111165019,0.22227665399240484,0.0,0.08111111514562246,0.4513843481564584,25.524928802479536,51.0,3
12673,4.359420279727952,0.0,95.20743960348042,1.0117429819484791,0.4656601541525873,0.03482762600454365,0.1997904096162951,0.14756329632777992,0.08680895131871912,0.41872379767106116,30.201039035688183,28.0,2
86093,2.234779091684268,0.0,132.35630917989212,1.2260981136938247,0.5663192073340175,0.03317547616112335,0.21376733495324746,0.0013529616328733184,0.05945947658976187,0.6143620734538914,20.001160389299326,37.0,2
150862,0.0,0.0,129.66227011158497,1.4467356640090427,0.7347269443802338,0.09563039090246964,0.2445634442629467,0.0,0.12757809509702486,0.3610547290259492,26.787918264009637,58.0,3
95550,1.5954046671017168,0.0,83.89726523325776,0.9228387905195625,1.0729939993093416,0.036177528458350545,0.2629821075691872,0.1189777447428575,0.13273675530204682,0.708353971685764,23.354638738765352,50.0,3
50780,1.5954046671017168,1.0,118.90047957692356,0.8235748656635028,0.7253558029455678,0.038157654766122096,0.3163930134310159,0.002965912600349943,0.1282651059706081,0.5508232274881332,26.492067410988998,28.0,2
46175,5.701060861471607,0.0,108.29743618730109,1.246958858166756,1.4255484317321425,0.08612600426799331,0.18776509519169676,0.0,0.0542585308030303,0.5897388344096739,24.65225349385405,45.0,3
22513,4.359420279727952,1.0,95.2232516586724,1.2113149601562354,0.24193525533195437,0.028665038788637076,0.3735420189563072,0.14875542823625373,0.07253143383276514,0.03920282832224809,26.506985842540058,37.0,2
56995,1.5954046671017168,1.0,132.57752370951812,1.035987948999315,1.3005502950795864,0.0415290707388654,0.2665568873392643,6.639831569510852e-06,0.06899059756252661,0.5053659477481252,31.477164619116383,8.0,1
3623,5.270402895934253,1.0,78.27783604701727,1.0090676336197404,0.9362622300425101,0.0756753591574628,0.33663084347941513,0.0,0.1085152749541968,0.7582161929317754,25.805029734373697,68.0,4
124870,4.359420279727952,1.0,122.09582645522728,1.8635008037178689,1.810627357456136,0.10051148267888103,0.21506826913802218,0.0,0.10237756976806238,0.7307574555284216,24.609522334091434,9.0,1
126642,0.872923795046736,1.0,109.26964608830912,1.8484962499838813,1.4939002107471904,0.05456451665558833,0.027238508126925073,0.004578141810149608,0.11277808358501228,0.07017134369811275,24.325218704496855,26.0,2
69267,3.3619271977508447,1.0,55.85994244983369,1.4926549618789116,0.008048573142439747,0.06737279893323408,0.3743172265866471,0.14884091051548612,0.07697095147323091,0.6406253525679155,21.991916983026982,41.0,3
137157,5.701060861471607,0.0,78.42415520937533,0.7253656825023128,0.585186269256022,0.04146691814450317,0.06711775861784504,0.03592749691823569,0.11781335401820275,0.055900155344863596,21.753233701283524,41.0,3
53766,1.5954046671017168,1.0,95.66583732739937,1.5159190404539722,0.850866867530047,0.10432098682144851,0.08211785388657757,0.0001239412806431945,0.08150955334797905,0.6345081025096693,33.31802994859723,6.0,1
4514,4.359420279727952,1.0,121.06770591549673,0.7140754272172378,1.6728123173826326,0.060112080397729396,0.005946621798604477,0.0,0.11828452903796835,0.4387077377800461,29.271353650252664,39.0,2
20124,1.5954046671017168,0.0,93.20680780658498,0.641655665212604,0.16378465410139162,0.050311323611251645,0.36322782224080397,0.002574367221208908,0.07253143383276514,0.20189888019114546,32.41878193978106,1.0,1
23174,3.873488880460096,0.0,149.08467215769278,0.7972654942346424,1.5015885652972079,0.05631163987576615,0.12463698198191898,0.055685670262276735,0.12511337403336176,0.2943053803806194,25.681156115272053,59.0,3
76705,6.117892928831929,0.0,181.48527529157758,0.6459421267605535,0.4577046871378976,0.029178943760520885,0.3602681406755159,0.0,0.10785844760529659,0.5472717260619129,26.72627512333547,25.0,2
118852,0.0,1.0,46.5912452494103,0.8503073162091651,0.8931390217637617,0.04557037994341877,0.300600368224815,0.0,0.08995736455673303,0.567661430117058,28.940827826532004,48.0,3
98579,0.0,0.0,131.6319634251576,1.5562760176399235,1.1241067643567022,0.0426995572243835,0.1458565046907266,0.0013529616328733184,0.06458850317541653,0.8802833227321611,19.362586714773585,22.0,2
152137,3.3619271977508447,1.0,102.55738084713134,0.2091666998351505,0.013536404056131351,0.03373015066982788,0.37050428781081524,0.14589872060048586,0.0636012269960141,0.08723109158537594,18.836682864275957,47.0,3
100294,4.359420279727952,1.0,145.52439080605683,0.5229649023558965,0.1811796128063288,0.03414355059055638,0.37023507737824185,0.1228302628351898,0.11296729991626979,0.18471915968581262,28.097968238142684,6.0,1
138456,3.3619271977508447,0.0,145.033198677379,1.486045460471644,1.5979622149768788,0.03584231509880679,0.0003667987969649856,0.0,0.06652329787396519,0.20570758564253153,27.92788190570036,17.0,1
97205,3.873488880460096,0.0,90.11725675286908,1.3604447167824396,1.1877569186390118,0.09579709610988524,0.32919477649516676,0.0,0.09195206939260495,0.6231300200369565,28.549015129186824,6.0,1
98475,4.824000686513771,1.0,97.11274401128729,1.0063959825440436,1.1218625664872488,0.029907481693841425,0.016577632105374596,0.0,0.0994514137349725,0.4595172001147029,27.84576436958015,48.0,3
81472,5.701060861471607,0.0,102.28092890568327,0.8724965562789044,1.6836409726368637,0.08199009495769913,0.017337427019743376,0.013100452002998272,0.11200919934125854,0.6919283533734552,38.672388860168645,23.0,2
145609,4.359420279727952,1.0,117.37749926525775,0.5506329600414857,0.4592922305015822,0.030629476337651843,0.2861332159338602,0.0,0.1231911327681001,0.43235768782226963,22.934732991850993,19.0,1
99141,0.872923795046736,1.0,47.45931546631532,1.258965687733321,0.729098628509576,0.1176863264116435,0.3190644659471356,0.0,0.12453212525422737,0.762495346225589,22.53831948035665,54.0,3
32372,4.359420279727952,0.0,91.00377999382998,1.0770677015296135,0.8192271637225136,0.11442847005276537,0.16201610323787796,0.0,0.1283610048523297,0.17131070112413319,22.46015639054753,3.0,1
137136,4.359420279727952,0.0,118.12400841802624,1.5259518253987494,1.420545549682991,0.0708133464056408,0.11398938173084487,0.0,0.10437726552568219,0.6449908092028069,25.78149794789846,62.0,4
149592,4.824000686513771,0.0,65.7656410379995,1.752687621763492,0.5392685908845773,0.07971180677246352,0.1658841956233759,0.14867172392528688,0.08150955334797905,0.7273162537818824,27.285660475837332,23.0,2
143607,4.824000686513771,1.0,110.42641248266301,0.5974354268582583,0.7012100698643479,0.05003879730313118,0.02335206327601732,0.0,0.09689431395432624,0.05333585114918795,20.78157480030624,1.0,1
113457,0.872923795046736,1.0,119.91084922099972,1.2831687122254798,0.9802422468499067,0.045862486478646186,0.1200332692849557,0.0,0.12511337403336176,0.3849355163638353,25.976707129466018,19.0,1
11536,0.872923795046736,1.0,123.3157481889769,0.7574292631964193,0.7216204794212896,0.029907481693841425,0.1440571078191837,0.10994108762794899,0.07907699494507488,0.20665925415005007,27.499796639349924,78.0,4
70119,0.872923795046736,0.0,146.39703542696364,1.2409790360109807,0.2406044124121248,0.032756846992377936,0.286415091197947,0.0,0.07824336696718033,0.3342806431153462,24.87315643938012,11.0,1
7422,5.270402895934253,1.0,86.43564743398606,1.2290664655179893,0.4047791174136846,0.02770197444137078,0.3242375668695837,0.1334377433402856,0.0912961293942096,0.6143620734538914,24.61035523887626,1.0,1
126285,3.3619271977508447,0.0,82.09665492996106,1.2054289960576283,0.6235837141668364,0.0973955388973874,0.00855893663879571,7.138052846783958e-05,0.13414250231258923,0.3481476766638229,29.435109369283868,13.0,1
9036,2.81870192439919,1.0,121.98391322298042,0.8874490702428841,1.2295073977449773,0.026198033914667747,0.03505015914588083,0.0,0.11296729991626979,0.5499355690315485,29.06881020359378,57.0,3
14936,0.872923795046736,0.0,101.45093085450279,0.8284037357211327,0.4387923199218749,0.02770197444137078,0.24085046066065832,0.14770448271626585,0.07207008747600625,0.07723916604445669,22.815872579824312,17.0,1
154910,5.270402895934253,0.0,98.05289473387651,0.9202876017469687,0.1613257379612461,0.032756846992377936,0.36749706392501474,0.14739040867826833,0.07824336696718033,0.12017050102339782,26.23903554646293,37.0,2
102957,3.3619271977508447,0.0,93.68244221277679,0.9407982425356697,1.0818076464946016,0.11214289994463984,0.32919477649516676,0.0,0.06510275914425293,0.6055804699512913,29.391584239240547,6.0,1
148473,4.359420279727952,1.0,94.51133692251146,0.2974441174908126,1.3464934343650294,0.06776810307407538,0.0029271319112924147,0.0,0.047749606388116934,0.5303703138952661,36.56403006579632,47.0,3
11034,2.81870192439919,0.0,100.67748155079279,1.3014873780326923,0.9012871754952682,0.08489042627422848,0.09715277734440843,0.0,0.11497228316209064,0.3821859095722139,25.982996234268867,45.0,3
1756,1.5954046671017168,0.0,106.22991861242012,1.2409790360109807,0.7919429048882065,0.026953409443536608,0.1597757214669062,0.0,0.09999929605428569,0.37300954001041753,25.309527292152683,31.0,2
69418,4.824000686513771,1.0,92.73082676515783,1.1021217240069057,1.33675974885698,0.0461533086282955,0.011788166338059581,0.0,0.104861145959801,0.6510968640924567,27.26637220919183,24.0,2
13928,4.359420279727952,1.0,118.74217936670789,1.0826088263724851,0.6130236887191868,0.041900830519227446,0.12915797286804528,2.659729714337294e-05,0.07344443758622808,0.14050664092053686,30.761134804208474,57.0,3
61196,0.872923795046736,0.0,85.23741799971297,0.7830919477975231,0.9696927940084842,0.05904615596595763,0.1857746293957585,1.5899903421498297e-06,0.10557531116723944,0.6624195015311976,28.440706485253898,51.0,3
20650,5.270402895934253,0.0,49.04983760932453,1.2710355796097998,0.5748678265386208,0.11929316135697893,0.016292248182897914,0.0,0.1028873097127769,0.8525191769204221,30.05032998671022,10.0,1
10337,5.270402895934253,1.0,78.38622434683587,1.5562760176399235,1.2981526855390904,0.09477728604255982,0.05282644181301772,0.02384571265710935,0.13382235463599929,0.475744849543228,23.168036987303942,10.0,1
38323,0.0,1.0,139.61410800267953,0.9407982425356697,1.329481015462743,0.06279572776316904,0.22393328775948465,0.07391897168127363,0.09917475099732172,0.7470761963978335,28.79736595289445,31.0,2
12549,1.5954046671017168,1.0,82.34961469171999,2.330308527991424,0.7030562129490128,0.11285320965981253,0.0016160861004485103,0.002789864842489618,0.07523239892816581,0.39683299385755855,26.510021638055957,8.0,1
89964,5.270402895934253,1.0,110.56056751206255,1.7382106712178036,1.6138618224161947,0.11439662883263202,0.09570049597102921,0.00015590707189095903,0.1261174700059207,0.599425165844399,25.70582847008013,27.0,2
154846,2.234779091684268,1.0,66.46515153031758,0.7208394540873487,0.7631224941741739,0.047871617065426426,0.2280111046994741,0.14492973255681252,0.09355379050258464,0.16939184884033198,25.40665201147561,25.0,2
133539,6.117892928831929,0.0,151.19821322724397,1.0224814030232345,1.5403126485640692,0.04673112473458526,0.0421449613639152,0.14210230681572966,0.06050287974072933,0.5623496876972396,28.44548704475174,27.0,2
54847,0.872923795046736,1.0,126.95513259965053,1.4048176378816764,1.2695403925683402,0.11200102058496486,0.2791991299722246,0.0,0.14292711005694902,0.35552730403390576,26.9887037538165,6.0,1
58851,2.81870192439919,0.0,131.44575471209592,1.2350149125555943,1.476033739652881,0.06322975991368103,0.054177532011139076,0.001984806558653298,0.04939316370457285,0.7126689085118315,29.87672465336444,19.0,1
88580,6.117892928831929,0.0,63.04071958248084,1.2680121847925503,1.2742887424067721,0.10874140811719965,0.24493038553947208,0.0,0.10388706186522997,0.6134845293745955,34.76511225297557,22.0,2
157438,4.359420279727952,1.0,183.7994944648557,0.7807417810472599,0.9760166024735442,0.03550559855419764,0.221024451677974,0.07205360064678425,0.07298954199416931,0.5026799590533929,26.999915574292135,28.0,2
148763,6.117892928831929,0.0,104.13061520191248,1.8975213518964196,0.6556616476550895,0.06331612256348311,0.050703087888205475,0.013729197166331633,0.07948948280021469,0.2671533079347595,22.172176569999728,21.0,2
86617,5.701060861471607,0.0,139.79871670740727,1.2172165115891747,1.4380918973981762,0.03789669224235712,0.05952137724388536,0.14818125462915135,0.08571582562284803,0.2180635239145109,23.62425266226156,32.0,2
1305,0.872923795046736,1.0,128.65814823856053,1.347912282370425,1.4305595995732223,0.04954523409962817,0.045631865334373974,0.1415723233322975,0.07160547706998972,0.3867677441611076,25.971755404389093,29.0,2
109778,4.359420279727952,1.0,130.22187424051162,1.4926549618789116,1.1443944415571772,0.06517932745939234,0.13233770064580988,0.0,0.05112847416366203,0.7031718835524514,27.41564642151369,56.0,3
108345,1.5954046671017168,1.0,102.91713056724531,1.2172165115891747,0.8789540273492653,0.03247650422115219,0.05112896171609742,4.789123596465786e-05,0.07298954199416931,0.12405157644659484,25.97108620316692,24.0,2
145009,3.3619271977508447,1.0,31.516015893585173,0.8381035217009131,0.5990464133621874,0.032054095044992494,0.24819787995466153,0.1293431579863078,0.1046199903677044,0.6702452610397654,30.205868667340557,9.0,1
40703,5.701060861471607,0.0,99.75659729121912,1.0798363793789911,0.7536102102164997,0.03448635494491179,0.10780091166141967,0.0,0.08680895131871912,0.4990965284816648,26.493783981533486,71.0,4
47689,5.270402895934253,1.0,138.71051690622556,0.6785107863592905,0.5359198474324859,0.025435779189136993,0.2438272032254007,0.14770448271626585,0.0807099107755365,0.09973583900653984,23.050568273051006,34.0,2
22058,5.270402895934253,0.0,112.59585037027634,1.1937037408317457,0.9404137982053083,0.044982288551343556,0.1297971916212612,0.002965912600349943,0.09162520541474937,0.39957455327271907,30.807850910859873,40.0,2
85583,0.0,1.0,145.5987931097581,1.7238032976844435,1.5847705774637866,0.0461533086282955,0.05585783783563089,0.016823724306544618,0.07866163055322024,0.8516759405752526,30.83595249371323,12.0,1
1790,6.117892928831929,1.0,81.74124719343206,1.486045460471644,0.6993657939488159,0.05476688216271569,0.16312805578940295,0.012739677132297261,0.07654086052747315,0.12502128870570975,23.195932813739933,11.0,1
149515,3.873488880460096,0.0,133.4367429869469,0.7073417138831405,1.2838098666500841,0.04557037994341877,0.17236337369497504,0.08859787959685464,0.1110204011529758,0.3684149667388865,30.844879403355886,53.0,3
47093,6.117892928831929,0.0,118.99748738054389,0.9459621033695175,0.7086058516452183,0.03880600336970576,0.29541631388901735,0.0,0.08608269509259017,0.42509082013318533,29.44567662296002,17.0,1
19230,0.0,1.0,120.73660965733625,0.8749797475547563,0.44349653102047515,0.0588116288426824,0.07818946484900116,2.3999779955192454e-06,0.09227673809299898,0.30363192158696917,21.681497101715955,8.0,1
92316,0.0,1.0,106.68640321390025,2.187027436278164,0.74981849672868,0.07366089915094279,0.00818840812506289,0.0,0.09540627374586548,0.13954045346855962,27.533381889924545,18.0,1
45593,6.117892928831929,0.0,116.01054536007348,2.0972051206970237,1.079601259342487,0.11429986153250965,0.1796884828622201,0.0,0.036982685928716695,0.3342806431153462,27.278800613512473,48.0,3
83587,3.3619271977508447,0.0,58.82273026824327,1.4273029632982537,1.5979622149768788,0.03441791698119191,0.0187572410526497,0.1397871163588293,0.05873728712785969,0.7744609539463155,27.029103586233333,39.0,2
1794,4.824000686513771,1.0,64.21851343488974,0.7208394540873487,0.6901723993940194,0.03345331143459896,0.32167877725314264,0.14066062804439977,0.12892496155362296,0.15978487678331918,27.119918222851048,36.0,2
26469,3.873488880460096,0.0,152.87417760535234,1.3857033743699478,1.4913416009490772,0.047871617065426426,0.008880373055813805,0.14769389526576468,0.10696278729458521,0.34999362956189706,26.983357467156242,16.0,1
90955,3.3619271977508447,0.0,97.42802253311241,0.5132321194330479,0.7784403718217229,0.02844379682282684,0.1416366259819575,0.0009961907158109078,0.1260085040040869,0.44052059468949495,24.981049649185266,34.0,2
52056,3.873488880460096,0.0,111.62782072575921,1.0853850452792237,1.6620176809780942,0.040590962981325904,0.027514297788047825,0.0,0.0909648244230264,0.379434781026071,27.028191785761415,29.0,2
103065,5.701060861471607,1.0,79.60953829225656,0.9511404885049599,1.4887850777116909,0.03550559855419764,0.0009985074216367666,0.14263080117173976,0.11200919934125854,0.581801103291445,26.566734355125604,6.0,1
69353,0.0,1.0,85.90636677476502,2.005688063444212,0.1100219716449971,0.04888106720670597,0.37130700566282,0.0,0.06874779249788905,0.5729680510664715,27.311018823187187,40.0,2
41171,6.117892928831929,0.0,118.00134104737005,1.5903688309600632,0.6993657939488159,0.07534654601913696,0.07764597405794815,0.0,0.08961697180144913,0.48114289466383386,24.471412553484317,51.0,3
149421,4.824000686513771,0.0,148.0361887481083,0.7830919477975231,1.550718696885937,0.05431056943270107,0.049079250964874775,0.03378545374854456,0.11634650289624089,0.5711997449849593,25.424580263539063,20.0,1
106325,5.270402895934253,1.0,108.61819596317542,0.6567157965186239,1.1331035227505035,0.04893668168033808,0.02843186267997368,1.659894733920132e-05,0.09417957066797655,0.2915038241674874,23.19275412105544,27.0,2
37082,0.872923795046736,0.0,100.37937286542991,1.9165779889820305,0.7958178421299469,0.10038079826288383,0.2659129107407421,1.1999944988780516e-06,0.08190524688566762,0.3940899342910126,27.287472318768565,11.0,1
73240,3.873488880460096,0.0,125.62886497645506,1.0117429819484791,1.2861952396200695,0.04843439090520536,0.10003407720918936,0.0,0.10363955969640551,0.5950243716781197,23.26708757325784,38.0,2
154177,3.873488880460096,0.0,116.47669354466125,1.2054289960576283,0.7347269443802338,0.04257727432062326,0.16643138894708484,0.0,0.0878799146864748,0.31665838257302165,25.384229621369833,3.0,1
98838,0.0,1.0,159.66957051249292,1.0550536357269065,1.1173801565958892,0.07261531317345733,0.002986602388962986,0.14621819141652825,0.07298954199416931,0.3748461739260816,27.071284030197226,1.0,1
88380,3.3619271977508447,0.0,185.5012762932892,1.3230403074748542,1.0906530470009785,0.03677714815628141,0.28037777348200726,9.036878834476544e-05,0.07389614600927014,0.5472717260619129,19.36356506368418,51.0,3
78206,3.873488880460096,1.0,135.81932904779353,0.9984031852273931,1.5533254571377446,0.040085503505564654,0.18122637916738668,0.14648129928046102,0.09804963764136568,0.4649320304843778,29.819758175298592,69.0,4
70013,1.5954046671017168,0.0,86.86301153073802,0.6741252782109894,0.2001732032125568,0.03034145949899996,0.3283830537838016,0.14882298549156928,0.07523239892816581,0.20380363962376757,24.622430214775775,23.0,2
71340,2.234779091684268,0.0,153.5536693787155,1.3888789288233903,0.6466911138682083,0.039448600807730404,0.22269219649736002,0.12381015704961333,0.07253143383276514,0.4041404961216831,26.54682834780079,42.0,3
16896,0.872923795046736,1.0,91.9685304284963,1.2862118976616896,1.288582650538607,0.030485597741861343,0.0017653286788360141,1.3099344429888262e-05,0.0878799146864748,0.45228862939516046,23.19463247495981,50.0,3
42578,2.81870192439919,0.0,109.19212167622072,0.897488732723847,0.25398812315516606,0.03421223449066382,0.34879317068115623,8.767062468692628e-05,0.07697095147323091,0.33890739350112375,22.01302577078272,15.0,1
7718,5.270402895934253,0.0,97.14427843301519,1.4273029632982537,0.4704547534652788,0.06408679225719048,0.2982919353356223,0.00019185924775007616,0.0607750943259681,0.5321518963893909,19.36503252540744,21.0,2
136979,4.824000686513771,1.0,126.24668808836499,1.0117429819484791,0.776519017031305,0.032756846992377936,0.3055920446641296,0.0,0.08497450704940865,0.7599282170448584,27.074276619584158,42.0,3
147992,4.359420279727952,1.0,107.27216200415167,0.8429744814568473,0.37758067059571104,0.029907481693841425,0.30411417011148073,0.03378545374854456,0.09162520541474937,0.7727530213566,28.915707373454715,31.0,2
146527,3.873488880460096,1.0,119.07916938651294,1.6598262815654952,0.74981849672868,0.03848255151408425,0.07452016071660737,0.0017087538976432416,0.062068183291391285,0.7770219563481559,24.608550587724217,18.0,1
88140,5.701060861471607,1.0,120.6398031431534,1.1274828423974343,0.6165363485918351,0.02627387989249491,0.36011768658612775,0.0006344575461077511,0.07344443758622808,0.482042029581441,22.0193108668485,45.0,3
87507,5.270402895934253,1.0,148.36766378713602,1.3199493399191744,0.9424924981597133,0.05223874875548161,0.1750078775205933,0.0,0.08644706391858864,0.41143740592545724,24.326617825767606,8.0,1
73438,5.701060861471607,1.0,84.63740372440027,0.894973455755926,1.0532791897548954,0.06235797169475681,0.28270721539288424,0.0009961907158109078,0.08111111514562246,0.5339328914848354,26.040353327946345,36.0,2
107132,4.359420279727952,1.0,110.63279519427734,1.7166256457400175,0.9053728438287705,0.09442669630209094,0.2514035351565574,0.0,0.08268848505094586,0.6832647885223685,24.459984145162842,31.0,2
91884,0.0,1.0,157.26361475480283,1.713043318578456,0.6112701122260614,0.08115311709967152,0.03144101174407487,0.0,0.06874779249788905,0.4150819119420289,28.267481128458908,19.0,1
74528,4.824000686513771,0.0,112.03989437035679,0.7390256179332092,1.2861952396200695,0.08226457702046334,0.04336991068881819,0.0,0.08384328428839721,0.09973583900653984,27.546242404409718,4.0,1
16186,0.872923795046736,0.0,64.01778116227672,0.44909275400574167,0.7612162633794276,0.06492934472932263,0.32360298822239997,0.11600597990351828,0.11634650289624089,0.41143740592545724,23.864602587255543,40.0,2
76000,5.270402895934253,0.0,143.03619896812177,1.9666508341413012,1.224836140286072,0.03414355059055638,0.15921216697781893,0.0,0.04289595725436679,0.8407036013755891,25.53169945358004,60.0,3
140153,3.3619271977508447,1.0,81.58501359677078,0.37637728742838533,0.6610661750968433,0.07941640169894552,0.1857746293957585,0.14746089258273198,0.0878799146864748,0.2511625677425661,28.611710721113376,1.0,1
60432,2.81870192439919,0.0,104.07337183529066,1.0965276954317247,0.593835151024814,0.10715144929109219,0.10074959601613999,0.0,0.07434469244013149,0.37117222363207886,25.72213306044092,1.0,1
34753,5.701060861471607,1.0,92.35508453230946,0.8774664929240397,1.3391900932368495,0.06442553556564624,0.2053189330857846,4.219931968205737e-06,0.08497450704940865,0.5017843279773949,23.19983353522647,43.0,3
39778,4.359420279727952,1.0,126.83878421872215,0.8187599816799841,0.5292440246282983,0.041342447356368994,0.11398938173084487,0.10904337752235276,0.09600744425199255,0.28776582155373864,26.715641743989178,12.0,1
32141,5.701060861471607,0.0,115.89268529759377,1.249954663221884,1.1489248154734721,0.028812200552599924,0.0038971530707682315,8.229741248737087e-06,0.057895522580797866,0.283089132646496,23.051583908319934,4.0,1
89421,5.270402895934253,0.0,121.2663014656865,1.0523187556135853,1.4913416009490772,0.10586085027058409,0.16860685887279303,0.006179675106949332,0.143577243778483,0.5330424673029763,21.855053332091217,30.0,2
107567,5.270402895934253,1.0,164.03213974267666,0.7208394540873487,1.0057605767148683,0.037503497957860635,0.3257051775707076,0.0,0.11389577405950702,0.5472717260619129,27.485118444268203,26.0,2
147053,5.270402895934253,0.0,116.12326504611084,1.499281057085816,1.6325075429004299,0.04183900787932587,0.061171719184311045,0.0,0.11781335401820275,0.7864031279468107,22.385657599490365,37.0,2
126554,5.270402895934253,1.0,140.02319374539383,1.6318388174675127,1.5041555271287885,0.04673112473458526,0.29673090014924597,0.00681651852218226,0.12065670517582489,0.8415483063097657,24.611326937009085,41.0,3
99409,1.5954046671017168,1.0,148.05598128713626,0.8503073162091651,1.6271696146393297,0.04557037994341877,0.003976213546291906,0.1384445480535052,0.12883231270653828,0.1075322378998024,29.800630927812435,18.0,1
35699,2.81870192439919,0.0,94.80146834064551,1.3323372212749316,1.3343314548273377,0.11250755524274503,0.19696805351856575,0.0,0.09600744425199255,0.4730437411412784,27.201448735180588,26.0,2
1080,1.5954046671017168,1.0,90.62171816037737,1.0993228154521477,0.5176307295664182,0.11810249722072179,0.3125073551215127,0.0074123953067892845,0.11617843095528736,0.6563254629183313,28.604066887647065,10.0,1
155594,4.359420279727952,1.0,140.43709401129303,1.3667351240154904,1.3907019974812584,0.03345331143459896,0.29932277078008496,0.0,0.12022932698877,0.8305582689590693,27.974605091388433,35.0,2
157991,0.0,1.0,87.09259582142285,0.6267561796552508,0.8153065731672732,0.05117544300866493,0.32979984747365504,0.0009961907158109078,0.11812843327074328,0.3110799737441455,25.096574215199198,21.0,2
18018,5.270402895934253,0.0,137.42106420097485,0.9050560474853104,1.7190694846582937,0.07007114572550133,0.010821767172170031,0.027633553338831628,0.11935085950785726,0.2615158354360752,30.45364374125812,24.0,2
100499,3.3619271977508447,0.0,148.29346218880502,1.4305314995612604,1.2016011071995636,0.032756846992377936,0.19458579580402588,0.01941222798933369,0.09029545927515505,0.7195662755401635,26.20073811862104,32.0,2
135384,6.117892928831929,1.0,96.6500708613397,1.443486624022477,1.4280529796370869,0.10874140811719965,0.14284992485469716,0.0,0.061424427534635194,0.5383828155329159,30.303796075505282,7.0,1
85133,1.5954046671017168,1.0,73.45969264943808,1.7855160893099271,0.7197556293230039,0.04899224740895944,0.23081248243290878,0.0,0.09889625578485943,0.4910249444225651,28.227792175202428,29.0,2
106254,2.81870192439919,0.0,80.98122744874671,2.0017639122572035,1.0773968561658953,0.08933383591792979,0.14764237027396704,0.0,0.06727271957900667,0.4468605662115773,23.623396410652596,13.0,1
47748,3.3619271977508447,0.0,144.42756296930003,1.8335626327890615,0.9972231075729378,0.05117544300866493,0.015625372543004,0.09534286919131267,0.06158588724043837,0.3867677441611076,27.02741022582926,35.0,2
153803,2.81870192439919,0.0,95.30230631433999,0.19651715059525185,0.039736721534197474,0.03345331143459896,0.3630820417718151,0.14822373451728077,0.07344443758622808,0.044842250954761714,20.40425540813636,51.0,3
74402,5.701060861471607,0.0,65.66006784238043,0.8187599816799841,0.7555088942782333,0.041342447356368994,0.1997904096162951,0.12711712559518024,0.1151478184282261,0.2671533079347595,21.91920457473714,7.0,1
128370,2.81870192439919,0.0,172.46604793054016,0.39017613682175256,1.4330682921235658,0.05824462509301763,0.0,0.14845377296858217,0.12845635323811264,0.20475571420411642,27.48846657304276,19.0,1
27756,4.824000686513771,1.0,162.59772168758298,1.3323372212749316,1.1466586274561965,0.09984812356667594,0.13359821373595446,0.0,0.07207008747600625,0.7238730648159113,25.86372845316262,11.0,1
28631,3.3619271977508447,0.0,175.90307811785905,1.0909488099104507,1.7081300168957543,0.09239789907154937,0.0023715609085723875,0.05708461623941225,0.09227673809299898,0.23700674147691309,32.168999434662204,19.0,1
9753,4.359420279727952,1.0,149.27743825072676,1.4240785193695762,0.6901723993940194,0.037503497957860635,0.09642761173667264,0.1433083587898617,0.09600744425199255,0.48114289466383386,24.743651863929156,14.0,1
78351,0.0,1.0,89.20820832565119,2.113369398190098,0.5903701182783821,0.09887638189285769,0.1827532997044595,0.0,0.06865042905475728,0.5879758736035932,22.01781452471916,14.0,1
82681,4.824000686513771,1.0,158.45989736047972,0.8187599816799841,1.1443944415571772,0.04843439090520536,0.20622559862988302,0.0,0.07654086052747315,0.372090967206333,25.851244088053843,1.0,1
3510,3.3619271977508447,0.0,125.60353509064353,1.2439669833584739,0.9321184334126422,0.08334048687121909,0.17395390653627266,0.009628717289747853,0.08571582562284803,0.5703153792725135,26.97461929978221,7.0,1
144358,5.701060861471607,1.0,108.1214780142149,1.3076254137645986,0.7977581590258924,0.03482762600454365,0.2626531020560216,0.025231074929758734,0.061046331132959944,0.870201275136677,27.49683567918283,53.0,3
5904,3.873488880460096,1.0,178.76714089627126,0.5586515365791151,0.028597055548981593,0.03482762600454365,0.37508546512046803,0.14844628185416234,0.06627170617944157,0.03781648672357541,26.570819763736687,28.0,2
47766,5.701060861471607,1.0,81.91897852226523,1.6951965578252368,1.5041555271287885,0.03543807420676252,0.19791321344492074,0.0012440522682837711,0.1253411175128383,0.884479490153752,29.071784834464925,54.0,3
127679,4.824000686513771,1.0,107.85228628889783,0.7807417810472599,0.2702700593198571,0.03345331143459896,0.3418078903960608,0.014176275640349664,0.11828452903796835,0.29337171326094935,23.94996549002186,38.0,2
28487,5.701060861471607,1.0,128.86511913539303,0.8115638316796402,0.8409268716865445,0.02770197444137078,0.22227665399240484,0.14796473604214241,0.059955501299521215,0.12599077882340193,26.23983300550099,54.0,3
49035,2.234779091684268,0.0,116.230846510601,1.8823565270014346,0.8192271637225136,0.03919224834750007,0.29139601967277307,1.8799864976421764e-06,0.06932908154789773,0.7505060789938793,28.5541597064425,22.0,2
73511,0.872923795046736,0.0,123.33098624943497,1.4499888131526906,1.7410509764195912,0.09512248854355311,0.18426934876289744,0.0,0.08229821707572699,0.591501237117933,32.67239599308018,20.0,1
99495,0.0,1.0,96.84464233266046,1.8823565270014346,0.5110341419887489,0.10024912841460783,0.1988539897807107,0.12615240624428958,0.1220266290353647,0.41325998704410216,26.67794224612557,18.0,1
41222,5.270402895934253,1.0,109.09908199311506,1.4695941574011762,0.9053728438287705,0.06534527571603274,0.15921216697781893,0.0,0.14452506657201397,0.5765029649516105,20.951899312485146,31.0,2
74991,4.359420279727952,1.0,151.46457304099877,0.5268798488130423,0.6095183704904821,0.024279346528439372,0.26815536298715575,1.0999953774752678e-06,0.06494886800397695,0.22754504202061962,20.278655670548297,7.0,1
13865,1.5954046671017168,1.0,119.26292460091678,1.2260981136938247,0.7612162633794276,0.03134499269087866,0.2272027431707757,0.0009961907158109078,0.12022932698877,0.5116279940761842,27.296400918920114,61.0,4
9296,3.873488880460096,0.0,95.7764380355292,1.7202123044997546,0.9094662464472685,0.08889717616409516,0.2858507883540187,0.0,0.100270542490563,0.5950243716781197,23.86984638085763,45.0,3
96163,4.359420279727952,1.0,111.20521936457608,1.6388100440527043,0.7977581590258924,0.0431865287142909,0.27099193577783337,0.0,0.09689431395432624,0.8474580694755108,26.83271287159637,61.0,4
125672,6.117892928831929,0.0,99.00224289260228,1.499281057085816,1.6432088154910538,0.09596252188748704,0.005946621798604477,0.020262220644609228,0.048131677365161295,0.6090947568251034,27.032880822237388,30.0,2
97374,5.270402895934253,1.0,80.14997204277648,0.1624789420630379,0.04324013922451314,0.04849039704760272,0.37508546512046803,0.14804845413788578,0.07207008747600625,0.2426743316518963,19.14884378369779,53.0,3
80005,6.117892928831929,0.0,57.89033958034354,1.6041242390834507,0.6235837141668364,0.038157654766122096,0.13422605430153228,0.14847606628565815,0.0846000186739813,0.37300954001041753,28.520520270309735,23.0,2
145615,3.873488880460096,1.0,75.05969657402392,1.2529544013102096,0.7900082832763979,0.03932053869617266,0.05952137724388536,0.14770448271626585,0.10388706186522997,0.3008358881800992,32.15396546918444,11.0,1
20511,0.0,0.0,98.03714865328627,1.1762322066763853,0.6235837141668364,0.04557037994341877,0.2300164851229946,0.0,0.08307607176161669,0.4423328122524797,26.21683298889981,29.0,2
18131,3.3619271977508447,0.0,55.689327155646126,0.14540791419493396,1.0143294574313837,0.07971180677246352,0.002986602388962986,0.14889344355298073,0.13960865519024057,0.07036783745392333,26.65296443760956,54.0,3
56568,3.3619271977508447,1.0,99.54713637462403,1.338555201025666,0.22476437703283975,0.08280689613768356,0.3534152681520182,0.0010854753600897822,0.06082941978259933,0.12696004704742558,24.04682889352493,62.0,4
54737,0.872923795046736,1.0,124.83822714399248,1.1189948897666122,1.1671264680853237,0.04379041442699696,0.21113880216734304,0.012377812595437692,0.1294698537927405,0.30921905351352663,23.34097347407889,59.0,3
27502,4.824000686513771,0.0,120.21168306271956,1.274062926972884,0.9074185780413175,0.11092289844555954,0.26363808924697757,0.0,0.061693333802855174,0.509839587862524,29.80635780049526,12.0,1
63782,1.5954046671017168,1.0,114.23056302499666,0.9433783587917097,1.5067245784156227,0.036177528458350545,0.002986602388962986,0.11744276161502963,0.10186112363500793,0.3849355163638353,25.207505743622104,41.0,3
102224,2.234779091684268,0.0,106.7434441408634,1.2409790360109807,1.0751944363573847,0.044864046298832415,0.01447895654022694,0.0,0.07434469244013149,0.30921905351352663,25.139837296103043,53.0,3
68889,1.5954046671017168,1.0,107.34988318077335,1.0387004217770066,1.7798483767676978,0.060341027895466415,0.0014169920429687789,0.034380926673068246,0.08534643612555834,0.31665838257302165,29.792709542754775,14.0,1
102394,5.270402895934253,1.0,116.28719302101116,0.9904435638128387,1.3808202212133387,0.10778520225113049,0.17710064452048874,0.0,0.11651353817190897,0.3370572240184057,26.65848721865586,38.0,2
59973,3.873488880460096,0.0,76.43193377555622,0.9433783587917097,0.7842157988769721,0.09929914618218678,0.07056408099918726,0.0,0.13131606348807848,0.2605755887938996,25.280095198483696,4.0,1
52245,5.270402895934253,1.0,95.66583732739937,0.9719997127794917,0.9508267515704789,0.04257727432062326,0.24711566424780276,0.036000550337622,0.09660065570186806,0.5596918883888553,24.921224511357785,33.0,2
7829,0.0,0.0,140.1977513493165,1.4532460742582065,0.9135673883268748,0.04730387785758131,0.12069608348726522,0.0009961907158109078,0.11389577405950702,0.4586141796681728,25.5189696213432,24.0,2
36645,4.359420279727952,1.0,117.66391161730407,0.576879057113873,0.3835759578380506,0.041962598355487504,0.17183062586123532,0.0,0.08644706391858864,0.3157291000839103,21.89548182331653,47.0,3
4524,3.873488880460096,0.0,105.64333928058811,1.5393873568146128,1.32222071931342,0.08731300249953422,0.27590901786834404,0.0,0.06530743506210197,0.2699694764964411,19.767268058924344,53.0,3
52132,5.701060861471607,0.0,148.34293051225404,1.3698863849283012,1.458269339562285,0.10755176218457028,0.22760737007515214,0.0,0.07866163055322024,0.5561461496395317,28.57510790975904,19.0,1
62318,5.701060861471607,0.0,127.015830042139,0.8849480810453934,0.7726819849845797,0.09708557810085501,0.1153448023958126,0.0,0.0929195560165614,0.17131070112413319,32.634972749225625,6.0,1
50616,4.824000686513771,1.0,149.94936944393262,0.2134303620101483,0.09055515529919876,0.03684347528477961,0.3681894839942659,0.14807567465457025,0.07824336696718033,0.06840247319254529,27.026889177324968,14.0,1
83336,5.701060861471607,1.0,117.94511240566449,0.9719997127794917,1.1831582989482943,0.02844379682282684,0.3184020243569555,0.015065401060720823,0.10696278729458521,0.7547906905198852,24.470437098652795,31.0,2
118234,3.3619271977508447,1.0,134.0492689171301,0.4308966917757894,1.3808202212133387,0.036177528458350545,0.0019940376062208094,0.12461848959905364,0.0692325431781873,0.42509082013318533,28.805723024593455,17.0,1
71630,0.0,0.0,112.59585037027634,0.3460081396049776,0.4419266939684234,0.026198033914667747,0.330000833431264,0.05208167588019315,0.07253143383276514,0.17226981097642582,25.282548760276466,51.0,3
25239,0.0,1.0,168.2275279196838,0.5506329600414857,1.79660463980821,0.06616661355998277,8.988792236896829e-05,0.01983801902828137,0.09323773806836998,0.24644882252897388,32.38944424905414,32.0,2
151153,0.0,1.0,110.9886760983984,1.4273029632982537,1.6809306175645167,0.040022067903532466,0.06338507249382487,0.00035252444470720666,0.13335915191286388,0.8794437592650981,28.303976541465772,19.0,1
139992,0.872923795046736,1.0,70.66275830130319,1.8597430050557224,0.7880755588262914,0.11410059491550721,0.18776509519169676,0.0,0.07866163055322024,0.2709078202006909,23.121879662560186,3.0,1
148380,1.5954046671017168,1.0,121.36303628036973,0.4807198931074894,1.3832875724289047,0.03219515144426198,0.0019244471542006578,0.000793584960503865,0.12910867417091867,0.4990965284816648,30.163228877588825,17.0,1
69501,0.0,1.0,122.78732850701661,1.3984299557000819,0.7234872037486205,0.06322975991368103,0.1028847268953419,0.0,0.10979175009966557,0.7881072528363212,21.76861748951164,46.0,3
12983,4.824000686513771,0.0,112.90454514483667,1.3888789288233903,1.0250847906186369,0.10411557344988047,0.12915797286804528,1.6399897251001977e-06,0.08229821707572699,0.7273162537818824,20.639702580634843,22.0,2
28749,4.359420279727952,1.0,124.3411778467181,1.2290664655179893,1.2131933798627534,0.06575768768239226,0.3125073551215127,0.0,0.1253411175128383,0.7109433115136713,28.138289058465375,7.0,1
25659,5.270402895934253,1.0,186.87065978731974,1.104924423867234,1.1062090211057984,0.026198033914667747,0.1529201254059554,0.004905852458809698,0.10107366171887236,0.6858652061907988,23.698524140209713,35.0,2
53948,2.81870192439919,0.0,116.70710773653283,1.8410205856641353,1.0143294574313837,0.08334048687121909,0.08531212762005844,0.0,0.06874779249788905,0.6152394809651552,25.60906921182658,18.0,1
114273,6.117892928831929,1.0,61.19236678937474,0.9877977162194078,0.0056641322991939245,0.048546354064810414,0.375466997075387,0.14881091808359515,0.06737203932182984,0.7281767403020308,27.757597591729883,52.0,3
14204,3.3619271977508447,1.0,108.93365009261917,0.07466219789382346,0.08976339991031286,0.03848255151408425,0.3711737287444165,0.1489105495776831,0.07160547706998972,0.0340511230651086,19.876272190053438,34.0,2
44333,3.3619271977508447,0.0,143.10084082282003,1.489348138354589,0.5359198474324859,0.03345331143459896,0.2521076621480948,0.06915675674899666,0.0642263303982092,0.6936595288584673,22.171580817234883,33.0,2
68145,5.701060861471607,0.0,143.2897699521181,0.9563334199741291,1.7938065534691567,0.048769691834977445,0.009949561672197385,0.005510846776955135,0.09479702346996888,0.49371684008158656,27.54572806241881,35.0,2
70389,2.234779091684268,0.0,137.04089538153784,1.752687621763492,1.2178444213202304,0.10747283603763581,0.10849580240222706,1.5199911737963394e-06,0.14161542221280488,0.6064592478239177,25.975636540536286,26.0,2
19900,6.117892928831929,1.0,123.72708135870218,0.7854455645604872,0.593835151024814,0.027478115992428973,0.3214630605513888,0.0,0.0642263303982092,0.23984141670888795,28.28945799595114,39.0,2
135057,1.5954046671017168,0.0,97.1390227975704,1.3984299557000819,0.7958178421299469,0.10648044685009093,0.26099785296917244,0.002965912600349943,0.11200919934125854,0.567661430117058,26.417786270748554,29.0,2
100083,0.0,1.0,133.19061517120062,0.5229649023558965,1.3416224885557462,0.07331527306353508,0.241972737467687,0.0,0.1192013035939258,0.35737047171995895,30.089932080035947,26.0,2
32745,6.117892928831929,1.0,55.66657286306905,0.24988894099105236,1.8672575445373654,0.08845352666152759,0.2894796749158462,0.14881091808359515,0.1449011469802626,0.004996779219183891,19.79556083259715,61.0,4
119120,0.872923795046736,0.0,116.94257499999348,0.562679835601423,1.042395729804522,0.028147872668643843,0.0045389748003647696,0.0,0.06407055750409524,0.10266119714760535,19.3638911726816,33.0,2
155029,2.234779091684268,0.0,101.70159817883858,0.915196032112578,0.44349653102047515,0.047871617065426426,0.3293968198283105,0.003939573289650818,0.09600744425199255,0.20665925415005007,24.650450919718466,17.0,1
42812,0.872923795046736,0.0,129.33945831202323,0.7073417138831405,1.236529463082332,0.05829209970585896,0.0006483710312936416,3.239599001733518e-05,0.1446221565586949,0.22565033036371449,29.77991041186035,34.0,2
152531,4.824000686513771,1.0,91.60824397914634,1.8447562024754598,0.6975233845593646,0.10731328807663247,0.16533566327191976,0.0,0.08422295110813957,0.5410510166898501,25.97322760585213,4.0,1
74295,2.81870192439919,0.0,175.66651940771564,0.23804069480164575,0.24593781307764753,0.030629476337651843,0.3735420189563072,0.14803930541291022,0.08150955334797905,0.06643615928723712,22.634959772073387,32.0,2
116679,4.824000686513771,1.0,116.12326504611084,1.1560244956058299,0.5629124880905149,0.0916158468366306,0.3026195839231112,0.0,0.07066635954166857,0.5008885459395205,31.482211147054937,37.0,2
149009,4.824000686513771,1.0,160.12958631363023,1.351039350458107,1.7026730866736057,0.048602262004528156,0.21420196030178915,9.999961796679951e-07,0.07697095147323091,0.8735637266114633,23.76482214888024,29.0,2
11146,5.270402895934253,0.0,136.97084781245727,1.8937234471278688,0.4093672276915117,0.05223874875548161,0.20072249983297194,0.14469493809036457,0.09479702346996888,0.39134537056455715,25.746913380675988,23.0,2
23046,3.873488880460096,1.0,112.50321834670383,0.5229649023558965,0.5527359021169996,0.044982288551343556,0.27005216575859037,0.14369449700609652,0.08608269509259017,0.08116046522221033,21.066631437635575,15.0,1
39251,1.5954046671017168,0.0,127.15238410890572,0.7901631590571356,1.8134383621135695,0.0389993838943384,0.1133089973400213,0.0,0.12107639339864908,0.7736070474713581,33.319835809711485,17.0,1
1868,6.117892928831929,0.0,123.25479325151441,1.3984299557000819,0.7403721686283902,0.029178943760520885,0.18122637916738668,0.0,0.08229821707572699,0.44142678332063784,24.598970554624508,76.0,4
103846,5.701060861471607,0.0,131.87347529062555,1.0441365530273317,1.7272965097434245,0.06492934472932263,0.0009985074216367666,0.0009961907158109078,0.08030591854684666,0.4604200635633939,29.312412859745216,66.0,4
135171,5.701060861471607,1.0,116.24621412817092,1.3354442055656686,1.0057605767148683,0.04843439090520536,0.34035375587736744,0.0,0.09718602680360759,0.567661430117058,23.980634540201777,1.0,1
24704,3.873488880460096,0.0,59.65727740942318,1.9319040049871248,0.7900082832763979,0.11200102058496486,0.011981103784704574,0.0,0.07610775407689287,0.5711997449849593,23.346440227385017,13.0,1
104869,5.270402895934253,0.0,144.72049772708476,1.1388535531640749,1.5118689516687127,0.05009339799691467,0.04993499265901868,0.0345292486555109,0.09600744425199255,0.5143094816331635,29.942970216211386,47.0,3
142714,6.117892928831929,0.0,105.87179705040913,1.5159190404539722,0.7517134112457518,0.08199009495769913,0.3120422282782636,0.0,0.06612032024679311,0.5357133001241309,22.095683260597493,6.0,1
76530,2.81870192439919,0.0,101.77991361086463,1.9395939776160442,1.5716316228929437,0.07468068007540363,0.10217491408483344,0.017346092680927846,0.13033759494934527,0.659808559089989,27.284107402368566,19.0,1
73245,0.0,1.0,119.92614846118727,1.4959659338530724,1.0164765902676833,0.02844379682282684,0.14465841868461957,0.0,0.10915962010817792,0.40779027040891674,25.5718920398133,38.0,2
19528,0.872923795046736,1.0,109.25930995446681,1.3076254137645986,1.3101611541437503,0.05581785744347516,0.012751715278126845,0.0,0.13193265378338864,0.667637849918361,28.81569944770506,68.0,4
2296,4.824000686513771,1.0,113.19769341546305,1.670392228724202,0.6253501522484253,0.04300431850321821,0.08981251686689971,0.1462857414892075,0.07253143383276514,0.3463010242500451,26.762485784503053,25.0,2
103538,6.117892928831929,1.0,160.12469352688458,1.232038730877049,1.4431238001219762,0.09612667909729579,0.1458565046907266,0.0,0.10627575941954966,0.8777643017856138,20.202982576203166,49.0,3
40462,0.872923795046736,1.0,104.25549421764528,1.1617788655968144,0.817265915439901,0.11150678063934065,0.14764237027396704,0.0,0.09029545927515505,0.35552730403390576,25.56512861314025,54.0,3
53418,5.270402895934253,1.0,95.7132398648258,0.9228387905195625,1.3077553750603137,0.06235797169475681,0.0,0.14515383250639416,0.12578864764343925,0.4059657136933484,27.51987394128267,6.0,1
81888,0.872923795046736,1.0,110.81849257673055,2.125541180073894,0.5629124880905149,0.10152244608703388,0.010531289946026881,4.7291454133177086e-05,0.07523239892816581,0.13470623423522704,26.506193856994287,27.0,2
87562,1.5954046671017168,1.0,120.90981465421093,1.0197912380668752,1.2412209663588705,0.04843439090520536,0.03861793216455963,0.0,0.1046199903677044,0.4350801015157789,27.452008510867543,28.0,2
8767,0.872923795046736,1.0,125.15254058586838,0.24246363706370536,1.6059025151258526,0.05728648091811103,0.03594595641034841,0.14536778553847993,0.13719550421094084,0.1999933056484613,30.24195341831403,10.0,1
80236,5.270402895934253,0.0,127.46587330146379,1.1733338226503915,1.4684079384441668,0.09181366582891372,0.13547693088861773,0.0,0.13008243038714398,0.6090947568251034,27.10913020377338,13.0,1
119887,4.359420279727952,0.0,125.65925987438342,1.4016217618309161,1.178567726183657,0.04432936460452302,0.016101852351736213,0.0,0.13756214704369535,0.5035754392914052,25.56661667117895,12.0,1
6144,4.359420279727952,1.0,82.55943344037347,1.4926549618789116,0.5612118533538111,0.04673112473458526,0.23317963820531065,0.0009961907158109078,0.08030591854684666,0.2999035103297946,25.069029289561595,52.0,3
33760,2.81870192439919,1.0,125.94289487944741,1.0660306262012467,1.1376138905461024,0.036444621844153466,0.14041716978012045,0.0,0.07697095147323091,0.5879758736035932,30.034697305667244,46.0,3
19038,1.5954046671017168,0.0,118.81878001072106,1.50925136242719,0.5834619703150993,0.024666575841302687,0.29568023772375085,0.020600442061122742,0.07989911657905567,0.639751861069095,26.112429291165792,36.0,2
81968,0.872923795046736,0.0,87.22069836230165,0.3230290224513678,1.1671264680853237,0.08463728846781318,0.23278726790755302,0.044524370231929775,0.08268848505094586,0.28870060070904596,33.187943430299825,43.0,3
113915,2.234779091684268,0.0,133.15042485416748,1.1388535531640749,0.7688525187496839,0.05276348676969412,0.30945321700189027,0.0,0.10437726552568219,0.24550549161982108,23.11840449905621,24.0,2
102258,1.5954046671017168,1.0,105.48233799888499,1.4144297135629609,1.319804715011444,0.08845352666152759,0.21636042191977492,0.0,0.12453212525422737,0.6953901935688297,21.31106697099146,51.0,3
48146,2.234779091684268,1.0,102.68774574418786,0.5229649023558965,0.9654866865759476,0.030629476337651843,0.3250784302488298,0.1480936353641807,0.08823206529773955,0.6126068486236221,24.670690090447255,6.0,1
133750,4.824000686513771,1.0,136.3752359098381,1.2831687122254798,1.481128021569572,0.028147872668643843,0.0038773850092833962,0.005969854938324769,0.07654086052747315,0.5321518963893909,25.971487725305707,37.0,2
48463,5.701060861471607,1.0,90.9825603476917,0.8454152376174606,0.9508267515704789,0.025435779189136993,0.3508000342321385,0.0,0.08268848505094586,0.6231300200369565,24.67845007780566,13.0,1
63574,4.359420279727952,1.0,138.75047241369862,1.563060875323366,0.7977581590258924,0.03684347528477961,0.2044080949271225,0.001984806558653298,0.07207008747600625,0.4477656398183121,23.958023984485695,34.0,2
29184,6.117892928831929,0.0,106.92490903141916,1.5528898930012174,0.9781284470444853,0.11272574519214026,0.22269219649736002,0.0,0.09747580878089683,0.4004880737342039,25.480483074747646,32.0,2
15000,0.0,1.0,93.14865098539323,1.13316055416276,0.8192271637225136,0.02844379682282684,0.12135717411903511,0.0,0.11041192561352685,0.5685462219497042,26.34919473925306,64.0,4
59580,6.117892928831929,0.0,83.09708375998453,1.246958858166756,1.314978844489941,0.09692880978339921,0.14041716978012045,0.13104584606500833,0.07610775407689287,0.22849210047277335,35.30044757640364,46.0,3
103904,0.0,1.0,130.03033689088934,0.7095829213622472,0.729098628509576,0.029907481693841425,0.1153448023958126,0.005864813330088342,0.1005400101632899,0.0909473830636574,26.69528588692912,23.0,2
114127,0.872923795046736,1.0,121.15937118877139,1.4663162944046058,1.5041555271287885,0.06476197956733314,0.06493263849957365,0.0,0.06766915227167633,0.8297120828876688,25.29604046517028,28.0,2
86145,3.3619271977508447,1.0,83.32812089263113,0.2007101649540725,0.48655249206632356,0.029907481693841425,0.3184020243569555,0.09534286919131267,0.09630503739313614,0.1980869142931519,19.37204271080744,31.0,2
19693,6.117892928831929,1.0,69.58369054253434,1.3447892366328362,0.5697331973345253,0.041342447356368994,0.008880373055813805,0.12394686741555304,0.08716837634649345,0.5463834888224122,23.622254709248537,16.0,1
7403,2.234779091684268,0.0,57.788496016150695,0.8163577776207587,0.3451025488963846,0.02143868914178421,0.2703660577561017,0.1486383663644192,0.12556619701215935,0.3757642353460366,23.044328708906896,8.0,1
13536,2.81870192439919,0.0,64.84801313344526,1.586940561014816,0.9760166024735442,0.11752905490058202,0.08066074544653497,0.0,0.060611883162498235,0.6685071173338719,28.832778591861807,4.0,1
13867,4.824000686513771,0.0,143.54327664152962,1.6318388174675127,0.744145053523369,0.054817363853910714,0.0822707938427152,0.0,0.04685152863155863,0.677192634794403,25.869902003042647,26.0,2
13881,3.873488880460096,0.0,95.3497346143566,1.7166256457400175,0.9012871754952682,0.04468629102755029,0.06501386232194116,6.548361321788925e-05,0.061316594123231004,0.5410510166898501,29.791125092684133,22.0,2
36393,1.5954046671017168,1.0,182.83974829518934,1.1878644052004304,1.0664045786492466,0.03919224834750007,0.0052386245857727505,0.1463024408802034,0.06966589041842604,0.04988132151558968,21.102986469208023,16.0,1
69456,4.359420279727952,0.0,147.79369933763365,1.6951965578252368,1.450687222114931,0.038157654766122096,0.1955420346167789,0.0,0.040851404408130794,0.7333370560811653,29.117865031552014,47.0,3
26097,3.3619271977508447,1.0,112.24584989805423,1.6668659552267933,0.5426245627788366,0.03345331143459896,0.17762069843415543,0.0009961907158109078,0.07344443758622808,0.6806632116178793,24.38700799748318,22.0,2
23394,2.81870192439919,0.0,62.89537343319016,1.8823565270014346,0.4032532494108121,0.06657208594270177,0.21678920175813712,0.07573354737493142,0.08111111514562246,0.35460545987661984,25.698414971581506,26.0,2
106977,0.872923795046736,1.0,138.09099528461013,1.456507450130662,1.3513725909920593,0.1057697557925517,0.23041492083456172,0.0,0.12707004766187593,0.4865354007105218,27.669367606615733,52.0,3
30921,5.270402895934253,0.0,131.96402590499503,1.246958858166756,1.5273522784822862,0.05276348676969412,0.08981251686689971,0.0,0.10080771222471868,0.406878074585287,24.879220062746374,54.0,3
40619,3.3619271977508447,1.0,118.03200959977553,1.9588977384166186,0.858853361084863,0.07664561864626834,0.3271547296815483,0.0,0.07207008747600625,0.7178426855050967,22.85106361382307,2.0,1
6969,0.872923795046736,1.0,111.01961454682352,1.2984243322312379,0.3627140338773831,0.10442257216654599,0.1028847268953419,0.0024370441451719463,0.05732925280795218,0.1607465310562704,19.69706264404012,15.0,1
142396,0.0,1.0,123.85907270893924,1.5596663441426157,1.2225035455976938,0.036177528458350545,0.17762069843415543,0.0,0.09889625578485943,0.5374931232470989,24.741853800989908,59.0,3
149483,0.872923795046736,1.0,97.89541766767033,0.9101188546911463,0.7178926528129836,0.07261531317345733,0.2668778892785336,0.005864813330088342,0.11781335401820275,0.3922603925171521,23.675304485366254,33.0,2
31323,2.81870192439919,1.0,140.37227781574958,0.5506329600414857,0.6810255875210611,0.027999508729725647,0.12723040671399632,0.00044424446142581384,0.07066635954166857,0.3259413065890475,29.151526540198265,12.0,1
137940,6.117892928831929,0.0,113.04341840382787,1.5125831187873215,0.4656601541525873,0.03590947778731781,0.032618562018153184,0.14774638962373376,0.07160547706998972,0.4169031817689732,25.976305662129626,12.0,1
21123,4.824000686513771,1.0,95.5710221906395,0.366150337342963,0.006027313025603531,0.037503497957860635,0.37470221175114343,0.14859745292575602,0.07253143383276514,0.13470623423522704,19.830567980252457,56.0,3
145988,1.5954046671017168,1.0,40.048481585301225,0.8774664929240397,0.13589855087151345,0.04140471036841923,0.36969417967895124,0.14894416997466625,0.0878799146864748,0.039103819918679915,20.172057381597785,28.0,2
51942,6.117892928831929,0.0,140.93055383987635,1.0798363793789911,0.9466557329092349,0.07790245322973517,0.1098800831673712,0.005864813330088342,0.0807099107755365,0.5888574238226963,24.335850661446447,64.0,4
66247,4.359420279727952,1.0,114.49242161868207,1.4467356640090427,1.3636064357556406,0.05431056943270107,0.05585783783563089,0.0,0.12148854744236103,0.5463834888224122,26.89863336918369,51.0,3
50750,4.824000686513771,0.0,157.5137650117354,0.7643869846402107,1.7548589521511095,0.07727921957627658,0.0,0.002965912600349943,0.1125876738958727,0.3008358881800992,24.403765096211274,12.0,1
70133,6.117892928831929,0.0,114.07135212328872,1.4695941574011762,0.8931390217637617,0.04146691814450317,0.24345789896605846,0.0,0.08497450704940865,0.5268053829272235,29.79758441189298,29.0,2
85982,5.270402895934253,1.0,126.56555836404887,0.8874490702428841,1.3246387704294853,0.029907481693841425,0.1434542782503005,0.010552014101597989,0.10785844760529659,0.44052059468949495,24.270890699257002,22.0,2
68379,4.359420279727952,0.0,131.91875171054116,0.458303754548283,0.06834772226382912,0.02829596852094633,0.35813985800982173,0.06298619145799794,0.06932908154789773,0.10266119714760535,28.359226767793814,36.0,2
747,4.824000686513771,1.0,121.08807683432764,1.499281057085816,1.2295073977449773,0.029178943760520885,0.03603539429810422,0.0,0.07253143383276514,0.7701902243557449,29.804652002319855,63.0,4
48213,3.3619271977508447,0.0,93.04818608584819,1.1995585970342593,1.095087666887929,0.06383121538839248,0.05010584989256231,0.0,0.13787062555836185,0.22849210047277335,28.561059974409687,32.0,2
41318,0.0,1.0,102.94840465348781,1.8002204158456978,1.3636064357556406,0.03448635494491179,0.030623186214899293,0.0,0.09660065570186806,0.6345081025096693,25.975770365791586,44.0,3
39122,5.701060861471607,0.0,100.30613385464696,1.532661226759913,0.9612883852905215,0.10999102442631178,0.131070708116066,0.0,0.07479010183432175,0.3370572240184057,25.976171838747565,24.0,2
153485,5.701060861471607,0.0,167.24088339557264,1.232038730877049,0.21953760146031662,0.11865795091250203,0.22434514853910228,0.0,0.08150955334797905,0.2952388627866774,22.994807133628807,14.0,1
3390,3.873488880460096,1.0,110.9886760983984,1.0937363611747035,1.044568472103753,0.09998279941324975,0.023165805092240477,0.0,0.12121460761967925,0.31386999284176065,24.616462624363102,35.0,2
158031,2.234779091684268,1.0,93.14865098539323,0.6785107863592905,0.8074882515588501,0.026953409443536608,0.2292169810837569,0.022774425824096823,0.1151478184282261,0.39500445441039295,26.683855712596714,29.0,2
147865,3.873488880460096,1.0,43.3667259965936,0.3953989566038604,0.34219145661353245,0.03134499269087866,0.36467313436362186,0.14899849876606658,0.07782218133052284,0.07429572595843473,18.331809540226235,10.0,1
16149,0.872923795046736,0.0,34.844511294216595,2.02537712708786,0.5126805935065077,0.0719035626650213,0.05752870250965461,0.010091238340664463,0.08307607176161669,0.8601032523396019,27.286566407548573,42.0,3
11408,3.3619271977508447,1.0,119.70683264231428,0.6675719032394865,1.03805616547117,0.030629476337651843,0.2128951275573229,0.005864813330088342,0.09689431395432624,0.41872379767106116,31.011546797551514,31.0,2
115660,0.872923795046736,1.0,91.78311407521292,0.6288748773919356,1.6836409726368637,0.10024912841460783,0.0009985074216367666,0.0,0.11020651288205074,0.12114110433570777,26.09028700936175,41.0,3
136087,5.701060861471607,0.0,62.453451685872146,1.4048176378816764,1.5795086777003646,0.10935399873970236,0.09642761173667264,0.0009961907158109078,0.1323042586793445,0.4838398383414279,24.81370745377261,32.0,2
132059,1.5954046671017168,1.0,88.83037939272187,1.5125831187873215,1.582138574210083,0.041900830519227446,0.030259023501997245,0.14770448271626585,0.06479464666176499,0.24361824637685142,27.2921309671379,1.0,1
25121,0.872923795046736,1.0,139.08503513080396,1.7635911034941345,0.5748678265386208,0.08660651291880815,0.2128951275573229,0.0,0.09029545927515505,0.25022020596358363,27.674879587373134,11.0,1
143813,3.3619271977508447,0.0,140.04813245421067,1.5125831187873215,0.6592628138396347,0.11458463290479251,0.13485229153255027,0.0,0.12982288277910556,0.4928196937814543,28.26962880776814,11.0,1
148921,6.117892928831929,1.0,126.27199946215273,0.915196032112578,0.21693416964812412,0.02627387989249491,0.35178875490316674,0.0,0.07782218133052284,0.3277957400099712,20.22231459014899,41.0,3
91346,6.117892928831929,0.0,103.77146869376003,1.4016217618309161,0.8349858419672646,0.03482762600454365,0.10640559698907252,0.0,0.08190524688566762,0.5570327996307758,26.42003529152567,33.0,2
8588,2.81870192439919,1.0,88.83037939272187,1.818699770638293,0.8074882515588501,0.10867092527459508,0.2362879782028371,0.0,0.07066635954166857,0.4032276391499472,23.771359813695057,34.0,2
15246,3.873488880460096,0.0,128.8752140586045,1.3730416877687452,0.9781284470444853,0.058717534870942424,0.23934276540465588,0.0,0.07907699494507488,0.470341237512751,26.5818877563652,24.0,2
132599,3.873488880460096,0.0,76.88313114160393,0.2513820855061488,0.35387720145515056,0.03345331143459896,0.24783790767316516,0.14813789512926956,0.09972625759298626,0.2709078202006909,23.724432242301013,1.0,1
145513,2.81870192439919,0.0,94.7434522077193,0.633122062221687,1.368514367277708,0.04379041442699696,0.03234721238490471,0.007761030056575878,0.11407800504076084,0.326868612631449,26.399392331776458,6.0,1
58866,4.824000686513771,1.0,114.78498577771104,1.1360051413715428,1.2459205763017733,0.028885681770251494,0.008588171120830946,0.07157913323006877,0.08927426336727629,0.14147261013649215,26.102560211963524,54.0,3
22529,0.0,0.0,128.84492894924568,2.0611052313033036,1.1151419433655108,0.10961413721893093,0.003046062233599756,3.059964228976467e-06,0.06500020170040736,0.4775448150825342,20.240684416361173,65.0,4
12029,4.824000686513771,0.0,104.12541144533326,1.1675486338704655,1.32222071931342,0.049158652597458004,0.016197064262920346,1.1599485962778177e-05,0.11407800504076084,0.22943896094336566,26.627839105441854,31.0,2
78500,0.872923795046736,1.0,97.92166635593395,1.8899300099487994,1.5377163817742514,0.039128017443527216,0.20981104117612712,0.0,0.040851404408130794,0.8802833227321611,27.275176060809184,21.0,2
122087,5.701060861471607,1.0,136.31515354246014,1.4926549618789116,0.8931390217637617,0.11544896132527968,0.23972090973170235,0.0,0.07019179955184995,0.5490477660515011,21.430906443837173,30.0,2
116460,4.824000686513771,0.0,101.59716419853703,1.3447892366328362,1.3416224885557462,0.10315298150069982,0.0219524717909494,0.0,0.0944893301378407,0.5791526678427404,27.796593383644513,9.0,1
102218,4.359420279727952,0.0,112.678180798222,1.2619772416422685,0.6218191154126793,0.05631163987576615,0.18677221769714705,0.0,0.07697095147323091,0.3082883206301165,24.963043566401076,9.0,1
85992,2.234779091684268,1.0,129.74295507132567,0.536721986690365,1.6620176809780942,0.05728648091811103,0.0009985074216367666,0.10812278076083233,0.08497450704940865,0.27840777189583293,25.30857383825558,45.0,3
19605,5.270402895934253,0.0,106.93527712360786,1.2710355796097998,1.0642120665634267,0.08438210118699253,0.09715277734440843,0.06816395946697361,0.10581030322960991,0.07625825463492976,26.19115781626935,8.0,1
19363,0.0,1.0,98.60378060676096,1.4208581649724286,0.3820745262413231,0.03317547616112335,0.3538980881621852,0.0,0.0626534392312979,0.041875126507085185,26.777432635285244,17.0,1
87348,0.872923795046736,1.0,82.09127160185754,0.6939649337958178,0.9781284470444853,0.05581785744347516,0.19314302867308558,0.14378022707720145,0.12037265058829381,0.48024360588362286,21.57382009577872,15.0,1
11726,0.872923795046736,0.0,111.72055623455131,1.13316055416276,0.8211903186456566,0.027103665101560117,0.25865153931348445,0.0,0.12675805909983276,0.5152030121689768,22.012427127337304,49.0,3
69926,0.872923795046736,1.0,122.19246697825506,1.3667351240154904,0.7977581590258924,0.07044380416764916,0.14941484002339908,0.0,0.10894620868502075,0.4105258689230816,26.7946013946181,46.0,3
110018,0.872923795046736,1.0,99.84559915544959,1.3199493399191744,0.903329043187519,0.1132207133723428,0.20349305848707883,0.0,0.1192013035939258,0.6945249250145904,26.47357647040069,7.0,1
70017,3.873488880460096,1.0,163.69077540821715,0.6719375043041697,0.9445731428547706,0.040085503505564654,0.2861332159338602,0.0,0.14254522982401316,0.3986608665711685,29.088017694510587,51.0,3
114330,2.81870192439919,0.0,131.8281966442722,0.897488732723847,1.1466586274561965,0.05581785744347516,0.05333381640356864,0.10445515233286916,0.0692325431781873,0.2727839400024509,26.528099523967597,38.0,2
126171,4.824000686513771,0.0,103.45381440064591,1.886141037519727,1.486230640455675,0.06056899457987591,0.22227665399240484,0.10949505284570608,0.07824336696718033,0.7923654968094657,22.949434032398308,14.0,1
112561,4.359420279727952,0.0,98.92885917920191,0.4959087055025309,0.10540024394503103,0.03134499269087866,0.3744457480405054,0.14851985496221193,0.0692325431781873,0.21046390307817353,28.48723072559037,42.0,3
140692,5.270402895934253,0.0,140.00324232008757,1.313779393613908,0.5990464133621874,0.024666575841302687,0.1220165471564242,0.13758299323655312,0.1328074491049765,0.3324287028011156,25.29631297457782,20.0,1
12704,5.270402895934253,0.0,134.60120285361577,2.2748788116945122,0.7593119202228912,0.07154319726812285,0.1912034946595629,1.1999944988780516e-06,0.07389614600927014,0.581801103291445,27.28164824619104,30.0,2
4620,4.359420279727952,1.0,130.1966742637838,1.0305741753174436,1.1196203641016944,0.05170941569813888,0.2272027431707757,0.0,0.14518988196050428,0.2755967034714958,27.208451548159573,46.0,3
12713,4.359420279727952,1.0,128.84492894924568,1.6006790321669766,1.2016011071995636,0.09998279941324975,0.1902268730920707,0.0,0.12696665599738943,0.6371305844385486,23.901292816063734,42.0,3
55245,4.359420279727952,1.0,119.74253913307484,0.7413141514439969,1.6218401523063755,0.041342447356368994,0.0,0.12165947486732004,0.13631186222496286,0.3361318741060772,27.715747444067606,30.0,2
49548,4.359420279727952,1.0,112.0089963735277,0.7996398684795895,1.5979622149768788,0.03880600336970576,0.002986602388962986,0.047028634608823235,0.1253411175128383,0.45590417500931824,26.171457489340888,16.0,1
154121,3.3619271977508447,1.0,40.804297124004655,1.593801330922556,0.42787759020018756,0.04661596813141037,0.24271691165998005,0.14846123398764682,0.08150955334797905,0.8068215443635162,27.03861111482825,23.0,2
148511,0.872923795046736,1.0,114.91840066566918,0.9075856561859189,1.637853941661252,0.11046979282060683,0.1558014307814477,0.0,0.0666236838570972,0.5906201054722333,28.03207665829256,25.0,2
117540,5.701060861471607,1.0,94.44801863791871,1.6457983485520453,0.6165363485918351,0.10823744678519129,0.07795666816079219,0.0,0.07824336696718033,0.4014014281029086,32.171543166321,32.0,2
131659,3.3619271977508447,0.0,174.17852860551477,0.7574292631964193,1.5170216896823014,0.040085503505564654,0.02223288089874668,0.0,0.1426048187082621,0.48743361513789707,23.958023984485695,23.0,2
98959,4.359420279727952,1.0,127.9510583325383,1.1588997572047788,1.0467431886384175,0.042209122738827765,0.21245753954102564,0.0,0.03655097766300377,0.49371684008158656,19.10478609081106,44.0,3
152491,0.0,1.0,118.17000398257059,1.0037280259604542,0.3671558141896562,0.029762299662850177,0.30849864803585886,0.0,0.10650624542551308,0.2971052741693927,22.486575307903422,33.0,2
93537,2.81870192439919,1.0,144.97364404775084,1.2201731395132756,1.1129057238060638,0.03684347528477961,0.07056408099918726,0.0009961907158109078,0.1005400101632899,0.7307574555284216,29.154619094929533,35.0,2
8288,5.270402895934253,1.0,129.3747714672596,1.0660306262012467,1.0294007007666441,0.0719035626650213,0.20667737463872096,0.0,0.13139465733721323,0.4214534979133966,21.681950674577088,40.0,2
14672,5.701060861471607,1.0,116.1130184489138,0.8650682795653099,0.8488750374661344,0.08199009495769913,0.25385506477255376,0.0,0.10363955969640551,0.31665838257302165,26.924108833794964,65.0,4
151973,4.359420279727952,0.0,93.25438680862449,2.021430197171811,1.2155178905375075,0.050311323611251645,0.2300164851229946,0.0,0.0944893301378407,0.5303703138952661,27.672187783322286,26.0,2
57859,5.270402895934253,1.0,150.44316113559555,1.8635008037178689,0.9929661400695023,0.09661164643050027,0.025116107187592607,6.408430617183102e-05,0.07523239892816581,0.14147261013649215,27.674623232774255,21.0,2
14378,0.872923795046736,0.0,68.192808582015,1.1646618235594426,0.5783000164936618,0.1135669959430541,0.17289483365382932,0.0,0.1110204011529758,0.26339575548611793,25.926089005757376,31.0,2
137175,0.872923795046736,1.0,135.6389649717796,1.4499888131526906,1.5299401608787968,0.045218147863641235,0.0018250070088395118,0.00018287213069017328,0.043366520440131846,0.6789281817495515,24.60591285949616,39.0,2
3252,3.873488880460096,1.0,153.37645229534198,1.3604447167824396,1.0928693631362019,0.11268268778192085,0.1153448023958126,0.0,0.09889625578485943,0.45409671780157784,22.397198072888155,50.0,3
101838,0.0,1.0,90.1066321897097,0.16380977315825557,0.043346566462758036,0.03345331143459896,0.3370088762442755,0.14803930541291022,0.08716837634649345,0.04573195924742369,20.578856876425718,49.0,3
1343,2.81870192439919,1.0,102.6668889503284,0.7505023214854164,0.18746975949303926,0.03964026701337921,0.37302130041070103,0.14865178882548147,0.07389614600927014,0.2180635239145109,27.278153396022837,27.0,2
143352,2.81870192439919,1.0,108.65440226333972,0.6851139901853912,1.7938065534691567,0.09815004583580092,0.20025699425502924,9.369664601898725e-06,0.100270542490563,0.475744849543228,29.740880282954198,39.0,2
67076,5.701060861471607,0.0,156.22807149537445,1.928065764092387,0.9156208630438081,0.07044380416764916,0.011788166338059581,0.14696849671790746,0.048764734048788096,0.5543724183688273,24.74710942861682,10.0,1
85586,2.81870192439919,1.0,141.03021261139094,0.8874490702428841,0.3334994777967263,0.026198033914667747,0.31134132697229877,0.0009961907158109078,0.10557531116723944,0.3027000936330375,27.632944075577743,49.0,3
61791,0.872923795046736,0.0,178.93569246404752,1.2801294904916005,0.5375933159347819,0.06322975991368103,0.12069608348726522,0.0,0.09630503739313614,0.5071558543350404,27.494132003997596,52.0,3
67068,5.701060861471607,0.0,145.70294718096784,1.357305564867754,1.0036232661278224,0.054817363853910714,0.29541631388901735,0.0,0.09660065570186806,0.5888574238226963,26.856922672134928,31.0,2
129219,4.824000686513771,1.0,155.63378515247942,0.9433783587917097,1.03805616547117,0.03482762600454365,0.12267420854969888,0.0,0.07782218133052284,0.5853303840742065,25.295767953771964,63.0,4
46580,3.3619271977508447,1.0,134.18477370655089,1.1218203956730715,1.5351222119478976,0.04557037994341877,0.18776509519169676,0.008698409363821236,0.10604378231919075,0.6537117577120378,27.189644919193647,36.0,2
102130,0.872923795046736,1.0,86.59594419784086,0.6183139566629519,0.2965467864597166,0.03482762600454365,0.372759757602228,0.1365855051450979,0.0626534392312979,0.23889672081580507,22.3129197064601,16.0,1
100449,0.872923795046736,1.0,154.96052236398057,1.1531530780227583,1.420545549682991,0.05728648091811103,0.14224404248746633,0.0,0.1085152749541968,0.6702452610397654,28.84835572213054,28.0,2
43091,4.824000686513771,1.0,103.73502362600657,0.4788351013562413,1.7245520312708758,0.05431056943270107,0.0,0.001984806558653298,0.10533879505897356,0.5089451600367382,27.171737963497602,19.0,1
91401,0.872923795046736,0.0,101.9730548917144,1.2923101708008011,1.3005502950795864,0.11214289994463984,0.12398442007630957,0.0,0.07344443758622808,0.428725547103319,21.35768233484334,13.0,1
133854,3.873488880460096,0.0,135.51369192664998,1.6006790321669766,1.3489319860322233,0.07727921957627658,0.3472617649024948,5.039029733484922e-05,0.10107366171887236,0.602063981300623,28.568084531945413,18.0,1
28301,5.270402895934253,0.0,88.86231745267726,1.357305564867754,0.8349858419672646,0.10164462000814617,0.15864721974158413,0.0,0.10915962010817792,0.45409671780157784,31.01344394862679,26.0,2
154628,4.359420279727952,1.0,80.81399489478717,1.5159190404539722,0.4914166057609313,0.05328367386024081,0.18726924343725465,0.1481291158678292,0.07567160824092482,0.48294101076463797,28.520269127871348,36.0,2
124166,4.359420279727952,0.0,123.14811172622042,1.4597729435754092,0.9508267515704789,0.029834923427193325,0.007172192560759054,0.14869142354534587,0.10696278729458521,0.03434851834186591,27.0241535604521,20.0,1
47014,4.359420279727952,1.0,131.99923762938192,1.0224814030232345,0.6628713893276507,0.038157654766122096,0.3159420989489345,0.0009961907158109078,0.13681312816016183,0.7066271145340868,25.606231519763586,29.0,2
61611,4.359420279727952,0.0,100.17009827703914,1.6110273795933783,1.1489248154734721,0.03564046603117301,0.27621111607351606,4.779127251693813e-05,0.1316278111321332,0.16363021503347241,26.244351628940098,39.0,2
13087,6.117892928831929,1.0,132.10486473306807,0.9511404885049599,0.6112701122260614,0.03105955941405482,0.34252763047571555,0.0004581962064906883,0.07523239892816581,0.37117222363207886,29.5507165833727,67.0,4
4836,0.0,1.0,112.01929584121531,0.28803383826667717,0.002023093665406295,0.03822275004970231,0.3731517753340202,0.0,0.06375800661616872,0.033158803549342995,25.663079810899543,23.0,2
140400,4.824000686513771,1.0,152.45543456355819,1.4467356640090427,1.3758917009694793,0.03584231509880679,0.0752264732481571,5.668772028736744e-05,0.06860169549037468,0.5232380909858012,27.03092712434838,9.0,1
150351,4.359420279727952,1.0,85.17851474975114,1.8112948160060567,1.5403126485640692,0.04415019067834321,0.00011298091878937209,0.011650799615457067,0.034804671290121374,0.7744609539463155,27.280871639180347,29.0,2
35169,2.81870192439919,1.0,150.1765425311007,0.8308234223741906,0.6719252777395165,0.025282496644454047,0.12915797286804528,0.0,0.10133787158252591,0.12986652282760713,27.787391185357265,55.0,3
66543,0.872923795046736,0.0,89.5698587838053,1.3292342453589678,0.47366004718920107,0.1116585814136889,0.21849470962927253,0.13645473600706737,0.10212019116983716,0.3940899342910126,26.347736846279304,32.0,2
3110,4.824000686513771,1.0,104.79119106664992,0.9693795334875999,0.9591921604105726,0.08489042627422848,0.21506826913802218,0.12239772377456234,0.10807879371529658,0.384019149597404,17.26763968876119,55.0,3
124127,5.270402895934253,0.0,102.32266433473173,0.4601550350785543,1.7218096897646715,0.1134918076281394,0.006966614425610825,0.0,0.09417957066797655,0.6161167520118906,33.01197772213279,14.0,1
4472,0.0,1.0,30.34209034144824,0.3593902352338047,0.015170969635738246,0.0431865287142909,0.3743172265866471,0.14849077983319456,0.06874779249788905,0.07036783745392333,25.171704674674995,65.0,4
16313,4.359420279727952,0.0,111.62782072575921,1.8075989478811065,0.8192271637225136,0.06931636345747896,0.1614580741411667,0.04637627609682684,0.10080771222471868,0.6108510766913567,25.01991830038345,52.0,3
12273,5.270402895934253,1.0,111.8132807371647,0.2787230662029034,0.014761961761721336,0.040085503505564654,0.375466997075387,0.14878649775854638,0.07207008747600625,0.146299191059229,14.297199342343466,50.0,3
142792,4.824000686513771,1.0,79.59331722196846,0.755116866294833,0.9633865604732803,0.11005232819260728,0.05585783783563089,0.0,0.07160547706998972,0.6283842755198784,23.523069877083955,11.0,1
120936,5.270402895934253,1.0,166.4675094265858,0.39191414442930206,0.20273364528447474,0.032054095044992494,0.367913156695341,0.1228302628351898,0.12429477370514681,0.3601339240615556,26.35608585470351,16.0,1
140331,0.0,1.0,104.27630530834195,1.593801330922556,1.1671264680853237,0.09060308225465417,0.1014632060448643,6.458406040645233e-05,0.08823206529773955,0.28121715024146815,26.241959482407623,42.0,3
42563,6.117892928831929,0.0,89.13904547604498,1.3354442055656686,0.9300494478737024,0.10337243046019386,0.006858879490505707,0.0,0.11277808358501228,0.6353823972414456,27.80093814397837,59.0,3
21009,0.872923795046736,0.0,111.94719672276393,1.2231336726202555,1.4406068112877073,0.03482762600454365,0.18020234098276874,0.0,0.07207008747600625,0.6510968640924567,28.929513032446952,54.0,3
11200,3.3619271977508447,1.0,92.86307862165306,1.3857033743699478,1.2435697576993787,0.04899224740895944,0.18677221769714705,0.0,0.12344151675057939,0.8777643017856138,25.644184883972418,51.0,3
152072,5.270402895934253,0.0,113.3982059918016,2.1541043833322413,1.1900592475800453,0.04040183679378418,0.0016160861004485103,0.14273189978193468,0.039881600895137495,0.7470761963978335,26.89471260914302,9.0,1
127207,5.270402895934253,1.0,54.54428101482962,1.3168623695632067,1.2648001779253042,0.04843439090520536,0.03325079712840182,0.14659064762779658,0.08644706391858864,0.6476084860628607,31.04378754361927,11.0,1
151945,1.5954046671017168,1.0,91.73542694892573,1.818699770638293,0.4849346932821102,0.04673112473458526,0.3154895427727972,0.0,0.10363955969640551,0.816157487791309,27.052282336676686,34.0,2
35659,4.359420279727952,0.0,102.98488937196295,1.4630425573980839,0.643115839399645,0.07501499474701619,0.2655899324840549,0.0,0.08716837634649345,0.3509163440956271,22.72868671597335,68.0,4
39088,1.5954046671017168,1.0,99.44238231502479,0.2756414895134587,0.07486689302637596,0.03482762600454365,0.3749579057766519,0.11796375845620094,0.07866163055322024,0.040786628491622394,22.23541413583112,8.0,1
138062,3.3619271977508447,0.0,81.06752177463295,1.499281057085816,0.8409268716865445,0.034691301089441025,0.02139091534724476,0.0,0.10339044157515012,0.5570327996307758,26.644284208301872,35.0,2
157711,4.824000686513771,1.0,40.03060357517346,1.3920585419964056,0.1527706958124397,0.04115532636109701,0.3728906279665226,0.14892745752158887,0.07824336696718033,0.2802808782739762,16.802111136073066,12.0,1
148128,0.872923795046736,1.0,107.31879567562046,1.7346023120600809,0.850866867530047,0.09101297716999975,0.005946621798604477,0.0,0.10958238112235452,0.3940899342910126,27.4098409194921,9.0,1
26006,1.5954046671017168,0.0,55.899742064501986,1.3292342453589678,0.9362622300425101,0.06266479355783779,0.018284663933505536,1.629989850082615e-06,0.062068183291391285,0.5932630825882477,21.629293679030333,19.0,1
89052,0.0,0.0,115.35441031155112,0.6267561796552508,1.1062090211057984,0.055219644470733714,0.22760737007515214,0.00016189978783846066,0.09861591438912895,0.25022020596358363,29.820732587159313,17.0,1
19822,6.117892928831929,1.0,134.6914884236186,1.4761622725906902,1.234186749955301,0.03550559855419764,0.34288568786942675,4.63917762304848e-05,0.08858182813778119,0.6493529401476361,23.19535489146106,33.0,2
109212,3.3619271977508447,1.0,118.91069145782444,0.9511404885049599,1.03805616547117,0.0493246207804653,0.2080265135636827,0.0074123953067892845,0.10080771222471868,0.4032276391499472,29.531347612740262,48.0,3
88399,0.0,1.0,118.90047957692356,1.705891647744118,0.7977581590258924,0.10224203121314437,0.15407694726749513,0.009628717289747853,0.12464975206108977,0.4649320304843778,22.761480930429208,23.0,2
45135,0.872923795046736,1.0,109.89988656675436,1.5393873568146128,0.5292440246282983,0.0769637268850384,0.06816401280319169,0.1480023296960682,0.07989911657905567,0.3231583147981585,30.76554631193335,26.0,2
12242,5.270402895934253,0.0,91.92615425383846,1.1762322066763853,0.3911092445795827,0.10739334615536911,0.21113880216734304,0.0,0.11549563035956101,0.4658339547302879,32.06029909401503,20.0,1
11740,3.873488880460096,0.0,72.7043929282135,1.4630425573980839,0.7067541031969141,0.08954958276534362,0.2869771905362136,0.10669751904935258,0.07207008747600625,0.35737047171995895,23.72158613267173,15.0,1
3459,1.5954046671017168,0.0,145.83188505737058,0.5995087379969654,0.8769353064372962,0.03880600336970576,0.3349135553065067,0.0,0.090631273449164,0.44595533372469104,25.059431712842834,23.0,2
80244,3.3619271977508447,1.0,123.98089301032547,1.0305741753174436,1.0620215341973758,0.040085503505564654,0.014670307255570792,0.002965912600349943,0.10915962010817792,0.5481598184332552,28.124346068344572,54.0,3
95488,4.359420279727952,1.0,129.5866214316521,0.8187599816799841,1.2957571169063415,0.032756846992377936,0.003976213546291906,0.004905852458809698,0.11161742520075171,0.3628958211781966,25.020467387315914,50.0,3
60759,3.3619271977508447,0.0,109.6623157520763,1.3354442055656686,0.5921017208742838,0.04730387785758131,0.3496341766766264,0.13224237480154125,0.09917475099732172,0.7247340486652429,27.81575795996015,33.0,2
42072,4.359420279727952,1.0,148.77320525488048,1.4728761491942823,1.2482734227611447,0.04438898378389238,0.1658841956233759,0.0,0.10673525114395638,0.5196684304319891,25.97510123483182,22.0,2
17720,0.872923795046736,1.0,106.75381475036878,0.8259875510638431,0.9466557329092349,0.03919224834750007,0.0741270068760148,0.0,0.10388706186522997,0.047905970142010416,26.368142360133405,11.0,1
54043,5.270402895934253,1.0,90.28722548083897,0.7413141514439969,1.7108616820708253,0.04730387785758131,0.009852506517610308,0.02359941253875624,0.1110204011529758,0.648480779421834,28.07842760528068,53.0,3
65260,2.81870192439919,0.0,129.33945831202323,1.7635911034941345,1.0186256893922574,0.06222591342686712,0.0187572410526497,0.029049600341853155,0.08190524688566762,0.5169896259943355,25.969613919248015,2.0,1
68966,0.0,1.0,77.14932369877727,0.48639265456573033,0.05191097709144273,0.032054095044992494,0.37483015478170034,0.14866510521289292,0.07160547706998972,0.12405157644659484,22.29942123676476,24.0,2
125045,6.117892928831929,0.0,94.90693923876037,1.4827469254218961,1.2482734227611447,0.029398196082016312,0.1580808751609178,0.0,0.1293803312247751,0.461322770147165,23.184806103955673,38.0,2
159727,5.701060861471607,0.0,101.71726195426014,1.7382106712178036,1.139872073704656,0.05805431674292819,0.0949714230421777,1.839870668114861e-05,0.07389614600927014,0.5463834888224122,29.18676837599822,1.0,1
23684,0.0,0.0,115.59027014572564,1.2953652640842788,1.395655262877005,0.036177528458350545,0.07530484433310232,0.0,0.08892922146119757,0.5870941836445066,25.65781717315072,32.0,2
11862,0.872923795046736,0.0,104.92635359851843,1.6283596013417518,1.2388742016849947,0.11641982118849023,0.021203510818620357,0.0,0.1192013035939258,0.5446065792778642,20.948650439131505,16.0,1
52797,2.81870192439919,0.0,143.7669057369489,0.633122062221687,0.20916362909390335,0.04426969272819861,0.3753400103877654,0.14854135749879283,0.05951474954144742,0.09836996771644067,21.050443021469757,31.0,2
84837,5.270402895934253,1.0,116.24109162127455,0.6352505547361027,1.807818507257721,0.0856377240318309,0.0,0.1448137076338285,0.100270542490563,0.5160963935823022,26.87680285712555,12.0,1
1935,5.270402895934253,1.0,176.65107584367092,0.897488732723847,0.7977581590258924,0.026198033914667747,0.29408908075890394,0.001984806558653298,0.08268848505094586,0.5152030121689768,24.131052029423003,18.0,1
133958,3.873488880460096,1.0,149.82094543919325,0.9798822134503042,1.7938065534691567,0.07821024105866159,0.09642761173667264,0.0,0.12622580018510962,0.4694400923118106,29.306003804465846,28.0,2
76418,2.81870192439919,1.0,122.50266004664076,0.06844965685023532,0.06188306226707103,0.03697595187732207,0.3723659549809126,0.1488527443441111,0.059900546236182954,0.03811360054577563,18.0021492477474,41.0,3
28127,3.873488880460096,1.0,101.03295516078865,1.3730416877687452,0.5309102739761682,0.11844175229241147,0.04658381043285192,0.01577190252818968,0.08268848505094586,0.7057634965086762,32.882767751490775,5.0,1
31063,4.359420279727952,1.0,113.19769341546305,1.0826088263724851,0.4545349207481146,0.023890353676344383,0.35936182252310406,0.014176275640349664,0.07434469244013149,0.42509082013318533,24.947917155162443,49.0,3
78495,1.5954046671017168,1.0,150.2357969707037,0.7901631590571356,1.1694107022410731,0.06279572776316904,0.20349305848707883,0.12239772377456234,0.14234040074248216,0.2971052741693927,24.09206371595634,37.0,2
13475,3.873488880460096,0.0,161.91891288233685,0.925393585596664,0.7234872037486205,0.02844379682282684,0.16089867049836257,0.0,0.08892922146119757,0.5080505822351178,25.903168269270452,41.0,3
28146,0.872923795046736,1.0,58.72676304452304,1.5766811031181405,1.4532125165491048,0.11023371510657519,9.468659831012443e-05,0.13652029537356714,0.09889625578485943,0.677192634794403,25.069166379758244,7.0,1
41586,0.872923795046736,1.0,90.06413214971317,1.5461302380608775,0.6342099553792683,0.0756753591574628,0.2872574174773506,0.061906270227683344,0.0807099107755365,0.3564489745952911,26.723124792569124,6.0,1
43507,3.3619271977508447,1.0,121.22047585714175,1.50925136242719,1.1151419433655108,0.07727921957627658,0.11803442510194988,0.0,0.08892922146119757,0.6187477473978619,26.810583890693284,39.0,2
22149,0.0,1.0,91.8202016183033,1.3920585419964056,0.8035905104059599,0.03880600336970576,0.14284992485469716,0.0,0.07253143383276514,0.25681268701775833,25.297130490856226,32.0,2
157464,4.824000686513771,1.0,93.15393818321701,0.7996398684795895,1.4055865716025768,0.09529309823863626,0.020358832082419225,0.12381015704961333,0.1254539880533494,0.21331526928243794,25.169653950519944,35.0,2
8477,4.359420279727952,1.0,129.08213504840734,1.6214139493243716,1.0143294574313837,0.03597658040809012,0.18426934876289744,0.14848343783585247,0.05732925280795218,0.5809184321198676,22.014971286459424,45.0,3
116455,6.117892928831929,1.0,93.15393818321701,0.23951232835869585,1.8416670275191742,0.09296857348240582,0.03683917775901111,0.0,0.10915962010817792,0.1866313169426985,30.564920145430225,3.0,1
9227,4.824000686513771,1.0,88.43101520684151,0.8675408250285294,1.0729939993093416,0.0340748050535792,0.2838582084562178,0.14893304993367745,0.055431191649043365,0.04197406615738281,20.865612328942984,18.0,1
127291,4.359420279727952,1.0,96.2133960127886,1.1733338226503915,0.2620988207726837,0.05431056943270107,0.30849864803585886,0.0,0.07019179955184995,0.6763246671744051,28.223618831040916,1.0,1
9452,3.873488880460096,0.0,120.58884788129477,1.9588977384166186,0.34219145661353245,0.10139935755464843,0.1458565046907266,0.016298998269275396,0.08680895131871912,0.6345081025096693,28.314073400998634,19.0,1
24029,4.359420279727952,1.0,114.48215426912346,1.3323372212749316,0.8870481719091188,0.04557037994341877,0.2619930523580206,0.0,0.062121579541474924,0.45228862939516046,27.030536373232604,43.0,3
133972,3.873488880460096,1.0,96.7026632558763,1.6809968297595563,0.9300494478737024,0.037503497957860635,0.19506447347566547,0.10013504319183014,0.07434469244013149,0.4694400923118106,27.28643698998728,63.0,4
76164,0.0,0.0,132.2155087268377,0.8824506569237538,0.5765830106954144,0.11482428707732073,0.2722361158306361,0.0,0.07066635954166857,0.6055804699512913,20.909947436841335,9.0,1
121630,3.3619271977508447,0.0,139.7488259093543,0.7574292631964193,1.4230459552752195,0.07226092540897922,0.006927442155667886,0.1375230998498073,0.09804963764136568,0.3064263084600735,27.450461856723265,30.0,2
3036,0.872923795046736,1.0,188.78347019594733,0.7276338680333096,1.4380918973981762,0.08253683745040954,0.09277239074984024,0.0,0.06627170617944157,0.28870060070904596,27.804899139524196,38.0,2
111940,6.117892928831929,0.0,97.19683255506486,1.8112948160060567,0.3205773944213085,0.05776762020712451,0.24345789896605846,0.14553199026628977,0.11859386596217729,0.2971052741693927,25.70407631960658,8.0,1
21320,1.5954046671017168,1.0,78.40789944535715,1.1820405678953774,1.1489248154734721,0.11145548955579519,0.1636819881963965,0.0,0.08680895131871912,0.7898109046633108,24.2376653139241,11.0,1
145153,5.270402895934253,1.0,107.23070741896748,1.6774576631672329,1.5221827970798172,0.08911637209763554,0.10359265120566807,1.429921882696655e-05,0.053784670494274905,0.8085200343541193,24.60424682725551,56.0,3
157777,0.872923795046736,0.0,140.3922217172176,0.8552135014387723,1.0402249611304715,0.05581785744347516,0.08981251686689971,0.0,0.1424234952615378,0.4468605662115773,27.16745467442032,51.0,3
69485,2.234779091684268,1.0,154.74911986986123,0.5546359185885782,1.0598329809424267,0.032054095044992494,0.0,0.14263080117173976,0.08680895131871912,0.11142498856964167,23.645794767553312,37.0,2
70515,0.872923795046736,1.0,111.51446236244269,1.5495079674127066,1.3562599631415344,0.03550559855419764,0.05585783783563089,0.01941222798933369,0.10650624542551308,0.5437179067418695,24.05021292503352,40.0,2
72051,0.872923795046736,1.0,91.8202016183033,1.7599522449896807,0.7803636199698412,0.04456752565515649,0.3106365471241815,0.0,0.07113757653068406,0.4847385124396228,21.866630926165143,33.0,2
1651,2.81870192439919,0.0,92.60913128143719,1.6492989120715298,0.6975233845593646,0.10200572894442908,0.07294428524369923,0.003939573289650818,0.12488293093845737,0.47214306179705734,25.336758550519324,16.0,1
70342,4.359420279727952,1.0,102.41134404852018,1.7781902494919293,1.5351222119478976,0.09060308225465417,0.14525821594835667,0.0,0.03037585067947408,0.8659957141519902,23.331332620424888,51.0,3
14953,0.872923795046736,1.0,80.91649810772583,1.2831687122254798,0.8488750374661344,0.09334166241755217,0.10003407720918936,0.0,0.07207008747600625,0.4423328122524797,20.132204471836104,31.0,2
50163,3.873488880460096,0.0,87.35410998762077,1.2529544013102096,0.8133491362738893,0.02650100576761306,0.31157539028061215,0.0,0.065765824499414,0.7384929225256075,27.902779604757608,50.0,3
149114,4.824000686513771,1.0,102.05655925672825,1.2350149125555943,0.8035905104059599,0.07790245322973517,0.1912034946595629,0.0,0.1252275809854624,0.2858957051591956,24.27887702661899,42.0,3
45467,3.3619271977508447,0.0,128.60766030201998,0.8454152376174606,1.2838098666500841,0.10770794092542646,0.18426934876289744,0.0,0.11667954399222695,0.4169031817689732,27.59584565098129,58.0,3
37816,2.234779091684268,1.0,95.08620138709946,0.9904435638128387,0.8369642726908375,0.04379041442699696,0.2463903411380815,0.0,0.0652563208801996,0.5178827095260955,26.361385879295117,53.0,3
146774,6.117892928831929,0.0,115.52874813575424,0.6459421267605535,0.6466911138682083,0.03697595187732207,0.3192844849760274,0.0013826483254247449,0.08680895131871912,0.567661430117058,32.40129657440864,32.0,2
54211,5.270402895934253,0.0,131.02287022951805,0.7643869846402107,0.5459877684173237,0.02844379682282684,0.31862323659454755,0.14842362656171054,0.08927426336727629,0.24361824637685142,25.968944680542347,34.0,2
18760,5.701060861471607,1.0,154.35078400383833,1.2142637860645362,1.5926792334280553,0.059651224241981105,0.07842206986670712,0.0,0.1453084363235561,0.5401617621376549,23.81155398280861,35.0,2
133564,3.3619271977508447,1.0,91.25305801737373,0.9719997127794917,1.3513725909920593,0.05728648091811103,0.2774134827438235,0.14749546372627106,0.10160035464617702,0.5985452841347247,23.94855153015114,35.0,2
125002,5.701060861471607,0.0,103.25065092085887,0.7830919477975231,0.8608547809331345,0.05606528305964056,0.20712811703028133,0.0,0.11874712021012017,0.43417279113429047,12.004235229953137,6.0,1
34705,5.701060861471607,1.0,144.3977682259032,1.4273029632982537,1.353815249832546,0.04730387785758131,0.24493038553947208,0.0,0.08150955334797905,0.551710741535826,28.93038350862085,32.0,2
56291,0.872923795046736,1.0,127.19284054018962,0.6895327855205698,1.095087666887929,0.040085503505564654,0.11398938173084487,0.14408424779759432,0.0692325431781873,0.3008358881800992,24.713626445227387,25.0,2
95099,3.873488880460096,0.0,135.563803134616,1.2409790360109807,0.6865080892331454,0.038157654766122096,0.3089768159015057,0.0,0.11041192561352685,0.2690309433417808,25.94283522643085,52.0,3
50612,0.872923795046736,1.0,69.0432657473409,1.789185585833376,0.5493582130984525,0.10281767652483301,0.2875370978366841,0.004905852458809698,0.0875253578926078,0.5017843279773949,24.053878596029545,20.0,1
159126,0.0,1.0,129.78833720350946,1.357305564867754,0.5646149391973504,0.049490153228170956,0.13919151447689318,0.0,0.1445469719104457,0.4359872512326654,21.56699296828251,11.0,1
51296,3.873488880460096,0.0,103.32358796683063,1.035987948999315,0.5748678265386208,0.044982288551343556,0.27621111607351606,0.00681651852218226,0.08680895131871912,0.7821407418654969,21.515059343264774,37.0,2
34454,3.3619271977508447,0.0,100.18056348865285,1.8522407310256643,0.4185907878720423,0.09529309823863626,0.0760873691556447,0.0,0.0682595902191365,0.5178827095260955,26.670187683084528,47.0,3
147319,1.5954046671017168,1.0,87.75950318737698,1.0937363611747035,0.7347269443802338,0.029178943760520885,0.054177532011139076,0.0,0.1046199903677044,0.3157291000839103,29.173540644384076,12.0,1
70108,2.81870192439919,1.0,127.58213959971937,0.5210121130737896,0.2001732032125568,0.04257727432062326,0.3633733741456922,0.14839298975671497,0.06776790858233991,0.1065584841555173,19.163788358607164,20.0,1
121330,5.270402895934253,0.0,75.7244754785866,1.3045544042799484,0.26890397549880163,0.03590947778731781,0.3534152681520182,0.14867172392528688,0.07610775407689287,0.11531412862393906,21.105141805770792,29.0,2
57454,4.824000686513771,0.0,107.08041533570575,1.8597430050557224,0.971798776571637,0.031416190501524055,0.036482197696332826,1.859986783516919e-06,0.07434469244013149,0.6945249250145904,22.899191383212614,4.0,1
73861,6.117892928831929,1.0,84.55699870519986,1.0251752790418884,1.0315616104748004,0.047871617065426426,0.0,0.002965912600349943,0.09540627374586548,0.49820029281298683,23.262617664249152,45.0,3
71543,4.824000686513771,1.0,132.02941803672684,2.073097115660239,1.0164765902676833,0.10326311031119288,0.04753277949200222,0.0,0.07824336696718033,0.4730437411412784,26.909348128997966,6.0,1
2852,2.234779091684268,1.0,112.52895055809813,0.9459621033695175,0.7178926528129836,0.026953409443536608,0.3504682971490409,0.11995564177216478,0.10829773278800112,0.37759984787925627,24.367727698772608,54.0,3
7591,3.3619271977508447,1.0,68.6900108055754,1.8298402910541283,0.8488750374661344,0.09873331191373055,0.21593067514693054,0.0,0.1306711400951591,0.461322770147165,26.780316461704174,63.0,4
67717,1.5954046671017168,1.0,74.94518305776897,1.7818509781400034,0.650273779481411,0.08889717616409516,0.10074959601613999,0.0,0.08150955334797905,0.2774709371189399,27.269738616393827,4.0,1
3969,0.0,1.0,117.63834314436464,0.6162115293567928,0.7123149584016482,0.0461533086282955,0.23667272982350548,0.12781195674789525,0.09479702346996888,0.23511597741337825,24.54143722818551,73.0,4
131568,0.872923795046736,1.0,103.49027360398048,1.9939292486457882,0.4185907878720423,0.11488230646481791,0.1597757214669062,0.0,0.05912700022524942,0.33335476170646205,29.072652395932636,14.0,1
113770,2.234779091684268,0.0,90.58456101569689,1.1646618235594426,0.6920073491138415,0.06534527571603274,0.15000270958900153,0.0,0.0834609979772711,0.3324287028011156,23.437665157642712,49.0,3
154894,2.81870192439919,1.0,122.19246697825506,0.5566421438042738,1.6218401523063755,0.06102200408319748,0.02129722678586382,0.0009961907158109078,0.06318149722485808,0.46853879156411365,25.51775058160954,49.0,3
58492,4.824000686513771,1.0,87.79149652709161,1.1646618235594426,1.4734897236080668,0.1134918076281394,0.2743894066920769,0.0,0.06956982969641935,0.6962553346128163,25.410319851950266,22.0,2
14811,1.5954046671017168,0.0,112.02444552427687,1.0010637611083457,1.4080745642651042,0.08911637209763554,0.06840491979922193,0.14508769224433146,0.05131230081599078,0.7238730648159113,20.162059401442722,21.0,2
82914,5.270402895934253,1.0,118.1597829674018,0.6785107863592905,0.4047791174136846,0.025435779189136993,0.3521161806147746,0.0,0.08307607176161669,0.35552730403390576,25.9676061679852,38.0,2
28914,3.3619271977508447,1.0,122.47723861834525,1.1360051413715428,0.9972231075729378,0.040085503505564654,0.1028847268953419,0.0,0.055431191649043365,0.3619753613456227,24.43837179012532,65.0,4
155961,0.0,1.0,111.99354691805533,1.0826088263724851,1.3882284599771346,0.03684347528477961,0.06330339403872892,0.0,0.10080771222471868,0.6693762543425813,23.907946809697584,42.0,3
108292,0.872923795046736,1.0,63.063076306238386,1.2831687122254798,1.1353577070957022,0.03848255151408425,0.035856492763473816,0.00010495789435948806,0.07479010183432175,0.4504799087144882,22.91987995058037,10.0,1
27904,1.5954046671017168,1.0,90.05881944358029,1.456507450130662,1.1443944415571772,0.03789669224235712,0.03932657754441072,5.849869263303492e-06,0.10979175009966557,0.5008885459395205,25.960511268876292,36.0,2
14143,3.873488880460096,0.0,115.83118628492717,1.2801294904916005,0.5325783271168508,0.03893498113615136,0.04240786339280696,0.00023778375340010747,0.07824336696718033,0.5650062005971751,19.847895723491924,37.0,2
88615,4.359420279727952,1.0,170.86746741822995,0.5506329600414857,0.9802422468499067,0.032054095044992494,0.1997904096162951,0.1427984781155386,0.11717145598614156,0.035835160877532524,28.996984032285678,12.0,1
101665,5.270402895934253,1.0,73.9571481974868,0.22202883019725272,0.032780357611208975,0.03880600336970576,0.37405960254010995,0.14720606244196024,0.07207008747600625,0.15015655190271257,28.294382246570084,54.0,3
9880,0.0,1.0,115.80043502708904,0.9984031852273931,1.2529852016303604,0.029178943760520885,0.04649739313307388,0.0,0.07739805058592603,0.7307574555284216,21.430144557463787,64.0,4
38549,4.824000686513771,1.0,128.5319230751697,1.068784255159413,0.4592922305015822,0.028885681770251494,0.34535875427473595,0.07157913323006877,0.06781723411341166,0.09417198053067857,20.952363409726324,14.0,1
31427,2.81870192439919,1.0,72.1563767613691,1.3014873780326923,0.6956828410527327,0.0614711458158501,0.03325079712840182,0.14299435257086296,0.1135278727644392,0.5950243716781197,28.013775865800753,27.0,2
39614,6.117892928831929,1.0,96.2081331471785,1.5528898930012174,1.0620215341973758,0.0814343853848159,0.1614580741411667,0.12699896453563442,0.11600931508282333,0.7316174461161188,27.969896993523676,23.0,2
54534,6.117892928831929,1.0,143.76193674337705,1.2892590495900826,0.49466828604235225,0.025893961398768567,0.3443059588382177,0.0,0.05783907976462626,0.3231583147981585,22.007487901561213,17.0,1
106413,5.270402895934253,0.0,118.71153712950951,0.7713755595229619,0.9074185780413175,0.028147872668643843,0.3360613599683937,3.819442593609889e-05,0.052648126425878745,0.7607840476203711,21.807798104534555,5.0,1
16703,0.0,1.0,113.98402942651792,1.3920585419964056,0.9993545321705947,0.05581785744347516,0.005946621798604477,0.0,0.07113757653068406,0.8508325917028582,26.525856738058202,44.0,3
63345,5.270402895934253,1.0,179.6289223280605,1.1105412085910351,1.3246387704294853,0.03880600336970576,0.009852506517610308,0.11995564177216478,0.0652563208801996,0.5080505822351178,27.235673047413886,44.0,3
159424,5.270402895934253,1.0,102.02524626411615,1.4827469254218961,1.095087666887929,0.0614711458158501,0.10570515998144205,0.0,0.10673525114395638,0.4041404961216831,28.43567372441916,27.0,2
118401,4.824000686513771,1.0,147.38282174870795,0.7006382405716461,0.6253501522484253,0.05631163987576615,0.2559278880813097,0.0,0.11749437973115917,0.428725547103319,24.852339567130613,53.0,3
9112,0.872923795046736,0.0,104.0161239693122,0.755116866294833,0.7880755588262914,0.09628957850027947,0.21376733495324746,0.0,0.11874712021012017,0.34999362956189706,29.17218055160139,68.0,4
84159,0.0,1.0,90.52085799372679,1.6563128757565557,1.2719135502914645,0.04379041442699696,0.28414454297905156,0.008698409363821236,0.07019179955184995,0.8592610254589722,26.962356531725693,46.0,3
144266,0.872923795046736,1.0,70.12902486394464,1.5461302380608775,0.4914166057609313,0.11449153950467976,0.04813512506313048,0.14066062804439977,0.07739805058592603,0.8811227761113142,22.751089781199905,27.0,2
46825,3.873488880460096,0.0,113.03827538504986,0.8429744814568473,0.7234872037486205,0.02627387989249491,3.999760882606909e-05,0.0007458671454063709,0.03443689698946876,0.2680922205501752,25.302443910040765,23.0,2
155672,2.81870192439919,1.0,110.74112407868711,0.8067838170617007,0.653863841431761,0.025435779189136993,0.27621111607351606,0.004905852458809698,0.12175920649046457,0.6537117577120378,21.7595690863557,58.0,3
15577,1.5954046671017168,1.0,132.12498280974202,1.0387004217770066,1.3562599631415344,0.06056899457987591,0.21934173687650124,0.0,0.14591637509771493,0.6178708851250911,28.54035575213025,11.0,1
73474,0.872923795046736,0.0,114.86195861065198,1.5664596139965252,1.079601259342487,0.04071676728200563,0.043980550326223125,0.00012993546175948237,0.065051498737319,0.601184514321482,27.28578989590784,13.0,1
109287,1.5954046671017168,0.0,107.1581563818831,1.0117429819484791,1.3077553750603137,0.025665182038479516,0.30777806438605254,3.889421979092636e-05,0.11949950664623125,0.6108510766913567,24.32787698837552,51.0,3
108661,0.872923795046736,0.0,165.94677260519862,1.4499888131526906,0.334943843105283,0.11926677840980897,0.3434205233568624,8.309736193906571e-06,0.07907699494507488,0.2615158354360752,20.73690057565591,17.0,1
34859,4.359420279727952,1.0,142.12081793356094,1.1388535531640749,0.448216650415155,0.03550559855419764,0.3341417403785182,0.08448632097646082,0.07207008747600625,0.39957455327271907,26.36642023170578,17.0,1
92979,4.824000686513771,0.0,127.88537163368305,0.7413141514439969,0.776519017031305,0.10954978063179283,0.28299581488152875,1.6698934618706465e-05,0.08030591854684666,0.5125219727084062,21.01510791004144,24.0,2
24070,0.0,1.0,149.95924756023882,0.9615409198141054,1.5041555271287885,0.07632487083264694,0.030532185089493704,0.0,0.10673525114395638,0.8373236460381878,30.285963412142713,13.0,1
10763,1.5954046671017168,1.0,83.48925553139523,1.0387004217770066,0.7574094640680615,0.11058541423287303,0.2404747550200633,0.0,0.07654086052747315,0.5143094816331635,23.163264967543654,22.0,2
6776,2.81870192439919,1.0,151.22287899766664,0.6984104567706283,0.45611891744501903,0.025359172694512967,0.3605683341804634,0.0017778223373645244,0.1252275809854624,0.3509163440956271,27.995339737754094,56.0,3
13746,0.872923795046736,1.0,76.11641419055086,0.22781406911587748,0.04026645970324372,0.03697595187732207,0.3635186979644739,0.14831419246295957,0.07298954199416931,0.03573606867387859,18.99599681270607,44.0,3
155913,2.81870192439919,0.0,147.16494053838187,0.925393585596664,0.668298156335253,0.02844379682282684,0.1887532915200161,0.0,0.10627575941954966,0.2596351508210209,21.465020346532736,31.0,2
69278,0.872923795046736,1.0,115.09796265620392,1.2923101708008011,1.6728123173826326,0.08660651291880815,0.05248771370758104,0.001984806558653298,0.10237756976806238,0.8068215443635162,29.48215057350384,56.0,3
41767,4.824000686513771,1.0,122.48740728027853,0.9825170437964712,1.7410509764195912,0.09661164643050027,0.12463698198191898,0.043719125023246166,0.1328074491049765,0.21426532189317865,23.883306612499105,16.0,1
25640,0.872923795046736,1.0,125.14240320772333,1.5528898930012174,1.3832875724289047,0.11195308647654822,0.07000584991476445,0.0,0.07389614600927014,0.37117222363207886,29.79673134921589,4.0,1
27024,3.3619271977508447,1.0,184.0393184821114,1.313779393613908,0.4232262745791235,0.03550559855419764,0.04736046046136347,0.1370948477600934,0.10807879371529658,0.37117222363207886,28.488487417162393,34.0,2
446,3.3619271977508447,0.0,117.03469589584464,1.035987948999315,1.224836140286072,0.050636785623080244,0.17553296004468336,0.0,0.10650624542551308,0.35460545987661984,27.696407596654012,54.0,3
103384,1.5954046671017168,1.0,95.79223664791745,1.1617788655968144,1.0642120665634267,0.025741511009059373,0.1440571078191837,0.0,0.13033759494934527,0.6711141375205762,23.196510726310873,59.0,3
129253,5.701060861471607,0.0,109.70363769713066,1.886141037519727,1.1331035227505035,0.052449192885192675,0.022513044314153453,0.0,0.06727271957900667,0.5800356203400376,22.910702773164658,56.0,3
67201,3.873488880460096,1.0,115.90293467911525,1.94730195698168,1.5847705774637866,0.09873331191373055,0.055018869509493924,0.0009961907158109078,0.11634650289624089,0.7821407418654969,23.77519657320509,41.0,3
19332,4.359420279727952,0.0,115.89781000456219,1.2113149601562354,0.5680252931599925,0.030197061090221734,0.3595134761796039,0.14825709864946238,0.12242178962049771,0.3250138217148678,29.55145194265287,32.0,2
46206,0.0,0.0,194.25792569463687,0.2603977600807016,1.0057605767148683,0.036177528458350545,0.3028698528357083,0.1488761368191702,0.11122066945651018,0.09680842200634909,23.90922083595854,35.0,2
84294,3.3619271977508447,1.0,85.87427424101573,0.576879057113873,0.3220063272070616,0.032756846992377936,0.35890541083679917,0.14798361083700573,0.07298954199416931,0.20380363962376757,23.797782347667628,24.0,2
123877,0.872923795046736,1.0,120.24227029613897,1.6598262815654952,0.6810255875210611,0.10411557344988047,0.1146679813352171,0.0,0.09355379050258464,0.4667357229045698,28.30738450645284,5.0,1
144617,2.81870192439919,0.0,126.4390363208774,0.8187599816799841,0.8568538604471809,0.024666575841302687,0.26910665711550336,0.001984806558653298,0.10999979085255757,0.39591880754975406,23.981764689803853,37.0,2
111215,3.3619271977508447,1.0,68.92738234231312,1.1588997572047788,1.0642120665634267,0.05581785744347516,0.15864721974158413,0.1464653989925109,0.0834609979772711,0.43054194018397496,20.741573366414823,6.0,1
12368,4.824000686513771,1.0,98.5198645319787,1.4926549618789116,1.5325301385083494,0.04965525120671698,0.13359821373595446,1.139950353520977e-05,0.04078246647910443,0.8263261932576995,26.363903137200328,76.0,4
153904,6.117892928831929,1.0,138.55067837919563,1.4926549618789116,1.486230640455675,0.0711798012622476,0.13485229153255027,0.0,0.10627575941954966,0.7057634965086762,27.63166096033369,32.0,2
138170,0.872923795046736,1.0,122.26366878507086,0.4254963039363433,0.4356650081024779,0.030629476337651843,0.2995792592214203,0.06510096349073521,0.14210359056190067,0.07821984253433137,26.519127606339946,35.0,2
30698,5.270402895934253,1.0,107.7331900902853,0.5288420113742089,1.420545549682991,0.039448600807730404,0.056694445884583236,0.0,0.08497450704940865,0.6222538369971233,29.002694875761705,21.0,2
59709,0.0,0.0,39.810015711807544,0.5728062043937142,0.8074882515588501,0.05709285868881574,0.0038773850092833962,0.14849077983319456,0.14502858511598057,0.22091007236670035,32.636232114931836,22.0,2
55073,0.0,1.0,126.90454822367474,0.9641501397610845,0.716031549250245,0.032054095044992494,0.22841394966772371,0.0010953920907803857,0.05840167580935573,0.4775448150825342,22.463404534837583,2.0,1
69201,5.701060861471607,1.0,123.31066877559955,1.5293044363985917,1.329481015462743,0.03134499269087866,0.2626531020560216,0.0416750504807666,0.08716837634649345,0.8136127138519201,26.22653987009699,47.0,3
135059,2.81870192439919,1.0,129.31423378443452,0.6807085260360416,0.6901723993940194,0.032756846992377936,0.2697376361401066,0.004905852458809698,0.0929195560165614,0.3175874845356611,28.38077712085893,49.0,3
49443,4.824000686513771,1.0,157.9354580571984,0.5308073037484302,1.582138574210083,0.03932053869617266,0.021578210295192204,0.0010458008677358462,0.0652563208801996,0.7384929225256075,32.1722368873209,25.0,2
6963,1.5954046671017168,1.0,80.3660001087893,2.360489203240425,0.895173163886735,0.10941971488836727,0.1786570689416453,9.986188472692503e-05,0.07567160824092482,0.6910625738607122,26.777563722889436,8.0,1
38177,2.81870192439919,0.0,80.71147315868863,1.382531875836705,1.0532791897548954,0.05036568595552061,0.08112170336496534,0.0,0.08111111514562246,0.30363192158696917,25.170610969220725,27.0,2
73036,6.117892928831929,0.0,150.15185219201564,1.3076254137645986,1.044568472103753,0.030629476337651843,0.033791696533971134,0.0001808749096544089,0.09833371298734968,0.4865354007105218,23.908937722975505,33.0,2
118407,0.0,1.0,98.13161972226956,1.5562760176399235,1.0100410881731547,0.10915407460466377,0.09859728595086668,0.0,0.11497228316209064,0.36657593878089856,34.44248800838246,5.0,1
130432,3.3619271977508447,0.0,80.05813500912427,1.767234330366132,0.7822887621101576,0.08612600426799331,0.27499908171005494,0.0,0.10133787158252591,0.39317524704291157,26.640469559719556,11.0,1
74215,4.824000686513771,0.0,108.93882038292229,1.443486624022477,0.7707663064582774,0.11160832397974157,0.24085046066065832,0.0,0.07389614600927014,0.4847385124396228,22.174410547058283,47.0,3
78252,6.117892928831929,1.0,108.04901275298414,2.0650979323486176,0.5612118533538111,0.11507964241929595,0.005258311643899272,1.699889599863502e-05,0.08229821707572699,0.2971052741693927,26.64112728426159,19.0,1
88256,4.359420279727952,1.0,103.50589841500909,0.977251050003743,0.9445731428547706,0.03414355059055638,0.2872574174773506,0.0,0.11296729991626979,0.6971203482380626,27.995594085515332,36.0,2
150093,6.117892928831929,1.0,64.61414151756112,1.2529544013102096,0.46247264093949164,0.08489042627422848,0.2694224671709391,0.001876427593899026,0.09510266620308695,0.42054376079082423,27.176020792723016,13.0,1
108050,4.359420279727952,1.0,129.70765628582092,0.6763163713235399,0.47848134249935176,0.02844379682282684,0.24122535807105008,0.0,0.09029545927515505,0.18471915968581262,22.192276921355823,31.0,2
34402,4.359420279727952,0.0,56.77432512106944,0.7299054380798758,0.23265440637180526,0.03543807420676252,0.17289483365382932,0.14824048470688458,0.07479010183432175,0.12114110433570777,20.165868545804678,33.0,2
60360,2.234779091684268,1.0,101.65460478444184,1.3323372212749316,1.5716316228929437,0.11345384110696889,0.005661638474967046,0.0008263808163533117,0.11905083262975834,0.6117290310971855,32.52103348956855,1.0,1
13952,2.81870192439919,0.0,161.94333753439278,0.436323991484237,0.2156349402206931,0.041962598355487504,0.3749579057766519,0.11582139301496633,0.0807099107755365,0.3619753613456227,22.222478881974443,38.0,2
126094,5.701060861471607,0.0,98.74536586539254,1.3045544042799484,0.38057483496004635,0.056605864430572014,0.3175131692008499,1.3199334383009653e-05,0.07610775407689287,0.25775370012333004,29.78454291311182,9.0,1
73040,0.0,1.0,103.04221877035035,1.6739227970966106,1.1218625664872488,0.060112080397729396,0.28270721539288424,0.0,0.07948948280021469,0.8685193840566156,24.099386072287896,21.0,2
27342,0.0,1.0,115.91318393098359,1.0387004217770066,0.6288885490015691,0.08660651291880815,0.11736465633327059,0.005855259740844272,0.07344443758622808,0.28496036755879967,22.903563256110804,66.0,4
56806,1.5954046671017168,1.0,65.63783883621034,0.49018984423203915,0.47848134249935176,0.02627387989249491,0.29274903786299833,0.0075067173755258565,0.08892922146119757,0.35737047171995895,27.503400993234873,38.0,2
4633,2.81870192439919,0.0,132.07468679526917,0.25287793074602544,0.48009200488394477,0.026425365750075997,0.2832838458935142,0.0,0.07654086052747315,0.11822862398498821,31.715505742678854,13.0,1
20846,5.270402895934253,1.0,93.988779536658,0.436323991484237,0.8270912295607865,0.02071384550440645,0.20025699425502924,0.0,0.11389577405950702,0.35276125013630455,20.535613128854237,15.0,1
30014,0.872923795046736,0.0,88.28718116902613,1.2649927397327414,1.1557353982549923,0.0389993838943384,0.022886213842881774,0.0,0.1395395837731254,0.1980869142931519,24.32493887371077,26.0,2
63046,4.359420279727952,0.0,52.84034456660587,0.6480902820411296,0.2951485489927977,0.09546239530113286,0.36901337854750693,0.14765109619313957,0.05940416375632923,0.40779027040891674,19.155906471459385,29.0,2
14753,1.5954046671017168,1.0,127.36475982914985,1.116173191799425,1.481128021569572,0.041092841861565026,0.0015762767956208703,0.00017088834675030637,0.1254539880533494,0.25681268701775833,26.5079098053368,27.0,2
153482,0.0,1.0,123.7067732086361,1.2054289960576283,1.2506282976724197,0.03537048937348555,0.009298743235129485,0.017259194502844154,0.08229821707572699,0.5214535572646147,27.285531055348592,47.0,3
9468,1.5954046671017168,0.0,135.8894613650333,1.1675486338704655,0.9696927940084842,0.10715144929109219,0.21506826913802218,0.0,0.14038557465398255,0.5428290888758212,26.900201564277197,26.0,2
18962,3.873488880460096,0.0,130.7358015778722,1.563060875323366,0.5192843709763387,0.10442257216654599,0.27530300231186905,0.1458241281023726,0.08823206529773955,0.6362565578510048,33.38243495609665,41.0,3
84967,6.117892928831929,0.0,131.9539651651679,1.232038730877049,1.1106714973128837,0.026198033914667747,0.045631865334373974,0.0009961907158109078,0.10339044157515012,0.4999926128156961,25.168013289639315,2.0,1
104438,6.117892928831929,0.0,186.1334791587988,1.6214139493243716,0.9466557329092349,0.03880600336970576,0.0019940376062208094,0.14818125462915135,0.05484699175740777,0.3940899342910126,27.743908245739846,10.0,1
130785,3.3619271977508447,0.0,100.52059798323158,1.698757269387999,0.6719252777395165,0.10665182007938102,0.13980511964077502,0.0,0.11407800504076084,0.4032276391499472,27.316579988456585,24.0,2
139138,0.872923795046736,1.0,107.97654054375042,1.6598262815654952,1.1376138905461024,0.04673112473458526,0.1781395052452503,0.0,0.0692325431781873,0.8617873707738007,30.07273922946319,46.0,3
66336,5.701060861471607,0.0,92.62500589896972,1.2054289960576283,0.9094662464472685,0.059651224241981105,0.1146679813352171,0.0,0.08268848505094586,0.43961424622178924,28.002460879178184,5.0,1
74723,3.3619271977508447,0.0,76.85052712622634,1.2529544013102096,1.1694107022410731,0.09873331191373055,0.24308780253403353,0.0,0.08571582562284803,0.5720839688793614,24.07544201668821,41.0,3
6726,6.117892928831929,0.0,150.30492291576135,0.9075856561859189,0.8992472401295339,0.026198033914667747,0.16257276229220186,0.0,0.08422295110813957,0.3407568569568942,25.88492907329527,29.0,2
32179,5.270402895934253,1.0,101.84255975858018,1.8447562024754598,1.0862263751542853,0.049158652597458004,0.13795961794494901,0.0,0.09776367429658296,0.8017232752027754,25.69517953543247,46.0,3
100821,5.270402895934253,0.0,92.73082676515783,1.7599522449896807,0.729098628509576,0.09258961304742667,0.19362507690967473,0.0009961907158109078,0.07948948280021469,0.2952388627866774,27.496063219048914,41.0,3
31675,4.824000686513771,0.0,98.07388894634659,1.4176418973042995,1.079601259342487,0.09596252188748704,0.20257379790106939,0.0,0.0682595902191365,0.37759984787925627,22.892632519424943,10.0,1
9020,5.270402895934253,0.0,104.67160344205182,1.433764130961678,1.0510985468541778,0.044090360401503007,0.024838223107375906,0.14844628185416234,0.1293803312247751,0.23511597741337825,25.972692266423895,12.0,1
76876,6.117892928831929,0.0,85.7833361069231,1.1966292274711101,0.3701256670861469,0.11455380129896475,0.3649594956866977,0.14787782996294624,0.07113757653068406,0.2530467117592156,33.33552139269481,26.0,2
86194,0.0,1.0,109.70880278378252,2.1459202330581157,1.0315616104748004,0.10816339972175154,0.002083489694240788,0.0,0.0807099107755365,0.39317524704291157,26.6262600120845,5.0,1
121949,6.117892928831929,0.0,123.51382196779835,1.7238032976844435,1.2981526855390904,0.0719035626650213,0.015529992453677007,0.0,0.11634650289624089,0.1894979991654187,25.978446772557806,11.0,1
12511,1.5954046671017168,0.0,125.50220823255269,1.258965687733321,0.7688525187496839,0.09018667070769226,0.17553296004468336,0.1384445480535052,0.0692325431781873,0.5525981112890355,27.66962399441521,32.0,2
128842,2.81870192439919,0.0,108.59750587417373,0.37980950185913204,0.40783610587122643,0.030844808525263702,0.10640559698907252,0.0004123491562820682,0.052467228893042235,0.3082883206301165,22.9273072815114,24.0,2
26075,5.701060861471607,0.0,89.86753222151071,0.16115064642162136,0.6095183704904821,0.03345331143459896,0.3613146724313329,0.14549150293606428,0.07567160824092482,0.06348490294392038,18.745029481480586,59.0,3
91894,3.873488880460096,0.0,115.74918033450204,0.6697530468859387,0.8349858419672646,0.08058365006988354,0.15058911051770973,0.0009961907158109078,0.06727271957900667,0.2971052741693927,33.06204384881099,36.0,2
30353,5.270402895934253,1.0,89.83564537367218,1.6916401609057337,0.8016444925314857,0.10831097267156785,0.21420196030178915,0.0,0.09479702346996888,0.39683299385755855,24.898506753472603,31.0,2
144269,5.270402895934253,1.0,70.92116516957408,1.0632807525460788,0.06275643746977358,0.08334048687121909,0.3753400103877654,0.1488819281952906,0.07344443758622808,0.4387077377800461,20.91443944215079,44.0,3
57232,1.5954046671017168,1.0,100.01833514898514,0.8799567951318898,0.986595383828515,0.05223874875548161,0.15751312861954064,0.015947865155063325,0.11549563035956101,0.6988499935977971,28.954873857639782,29.0,2
70781,6.117892928831929,0.0,140.1279320470224,1.9242320163545066,0.9300494478737024,0.09258961304742667,0.20211257541611768,0.0,0.09917475099732172,0.5650062005971751,26.10309374051998,46.0,3
118548,5.270402895934253,0.0,103.23502059623668,0.9025300258404296,0.811393604128813,0.032756846992377936,0.29193879468905093,0.0,0.08644706391858864,0.44504994222165256,22.825513591350525,58.0,3
35686,6.117892928831929,0.0,103.37568135293097,0.7276338680333096,0.3177246618719395,0.0461533086282955,0.3516246407894022,0.0,0.1358373673407423,0.3101496044938338,22.96078297068568,41.0,3
116862,0.0,1.0,133.02481891080473,0.9075856561859189,0.46088154821066385,0.026953409443536608,0.34845482333339056,0.015065401060720823,0.10160035464617702,0.5614638976786368,22.269140948996498,34.0,2
121137,3.3619271977508447,1.0,105.96523673537946,0.8924617548512922,0.288182827141673,0.0332450285748339,0.348285230433806,7.168036451468348e-05,0.08190524688566762,0.2690309433417808,29.097060799479745,38.0,2
150669,2.234779091684268,1.0,133.62255151660517,1.6951965578252368,0.6737416234012596,0.06492934472932263,0.2659129107407421,0.0009961907158109078,0.0944893301378407,0.3564489745952911,28.48056962799861,1.0,1
41183,5.701060861471607,0.0,123.6052252980909,1.6528037535325126,1.0294007007666441,0.10281767652483301,0.13359821373595446,0.0009961907158109078,0.06971386977315287,0.475744849543228,27.476489292487763,34.0,2
50905,2.81870192439919,0.0,93.77224552962467,1.2054289960576283,0.6901723993940194,0.0851415328131488,0.10074959601613999,0.14263080117173976,0.07567160824092482,0.2980382035009999,26.770222144372006,47.0,3
5758,1.5954046671017168,1.0,94.86475288821924,2.2369738869011435,1.0164765902676833,0.10823744678519129,0.10780091166141967,0.0,0.09386772939038489,0.8508325917028582,25.968944680542347,72.0,4
86848,5.270402895934253,1.0,106.26105145651354,0.3214089108850625,0.5044662873129322,0.03191278463166446,0.3724974215112106,0.1483852528753606,0.07479010183432175,0.3472244379771469,27.991651518011714,40.0,2
139953,1.5954046671017168,1.0,72.33728732059616,0.7643869846402107,1.6245038255176485,0.05328367386024081,0.018473777957743368,0.0,0.061046331132959944,0.6362565578510048,31.90880782064661,7.0,1
76068,4.359420279727952,1.0,92.91068270905986,1.4663162944046058,0.8488750374661344,0.1080137256563241,0.24529654364002723,0.0,0.06971386977315287,0.2426743316518963,27.92686282280536,6.0,1
139217,5.701060861471607,1.0,110.40061076758617,1.5495079674127066,1.486230640455675,0.05680116751690537,0.0760873691556447,0.0,0.0571585712331885,0.8381688053614872,27.662188090419214,6.0,1
93732,0.0,1.0,110.68438226796758,0.4844986670267884,1.4709477900653012,0.05431056943270107,0.22060518339361856,0.14459789690953062,0.09355379050258464,0.425999744827912,27.215064188843005,11.0,1
129992,2.234779091684268,0.0,110.71533286200696,1.7023222984191564,0.8290620173475927,0.08911637209763554,0.30534688216789435,0.0,0.09417957066797655,0.7143940027013405,25.155842790993507,27.0,2
96030,0.872923795046736,1.0,100.4107586762292,0.37637728742838533,1.7603971408092527,0.080004802065222,0.0009985074216367666,0.12781195674789525,0.12644056977927082,0.058561362280261896,23.929740496478036,36.0,2
156149,1.5954046671017168,1.0,65.56558718138719,1.5059237685634277,0.037832863102963576,0.06472004921894423,0.375466997075387,0.14889916773163792,0.06453687513617067,0.7778753850791839,19.71511295433784,43.0,3
73103,6.117892928831929,1.0,140.7361901775549,1.6563128757565557,0.6042741472907891,0.07911856488323085,0.16914742208479003,0.0,0.07567160824092482,0.2896351940766277,24.61549106346854,21.0,2
105363,0.0,1.0,104.79639008605982,0.7597450800680996,0.6235837141668364,0.1132994499859932,0.3051012612299239,0.0,0.0560111652642022,0.1866313169426985,22.46296162467599,9.0,1
118013,6.117892928831929,1.0,105.0822794568239,1.4597729435754092,1.730043125748694,0.04943502408239586,0.09424038591331747,0.0009842814618238771,0.09718602680360759,0.6988499935977971,23.90851304925404,22.0,2
53107,3.3619271977508447,1.0,143.00139008148167,1.4240785193695762,1.4532125165491048,0.04730387785758131,0.26910665711550336,0.0,0.08229821707572699,0.7530772108816399,24.48966264312926,41.0,3
75881,2.234779091684268,1.0,173.69018683403797,0.755116866294833,0.11934197262109546,0.036177528458350545,0.3753400103877654,0.14841601368529395,0.06370578415960063,0.2009461949148218,23.583557543029645,11.0,1
22671,6.117892928831929,0.0,136.9258145222552,1.3354442055656686,0.9929661400695023,0.03134499269087866,0.2562708352527543,0.0009961907158109078,0.09195206939260495,0.5897388344096739,24.685377242191265,29.0,2
84827,5.701060861471607,1.0,133.08008761778245,0.7459014238100226,1.8218843084598937,0.07468068007540363,0.0,0.14814663838183756,0.08716837634649345,0.1866313169426985,25.34424366725564,26.0,2
67569,4.824000686513771,1.0,96.0133782011917,2.0174878286975386,0.8270912295607865,0.07434357648268704,0.12398442007630957,9.916241692778378e-05,0.06297072826400497,0.5959048078477117,27.41345333033596,1.0,1
26144,0.872923795046736,1.0,125.65925987438342,1.310700409278527,1.3246387704294853,0.0973955388973874,0.13857634901143603,0.0,0.11161742520075171,0.31201016143727445,28.77378258890215,57.0,3
117589,5.270402895934253,1.0,121.72442144938884,1.3730416877687452,1.5015885652972079,0.0719035626650213,0.03772983306760561,0.0,0.1110204011529758,0.6571964343496536,24.320461284961787,48.0,3
31761,5.270402895934253,1.0,104.89516445448652,1.7818509781400034,1.044568472103753,0.0916158468366306,0.04065091238761172,0.0,0.11443906789033216,0.5976652639695638,22.16443094468048,30.0,2
77945,4.824000686513771,1.0,77.54022686024773,1.071541642188199,0.5409456729449718,0.09239789907154937,0.0527417956966256,5.308923000170228e-05,0.09417957066797655,0.42963382439383313,29.17551888374756,47.0,3
77372,1.5954046671017168,1.0,150.83802721450542,0.37980950185913204,1.8303496651633075,0.06366010318565381,0.0,0.0,0.10237756976806238,0.26433542927204406,27.116019276170526,49.0,3
18078,5.270402895934253,1.0,103.91723068481316,1.3698863849283012,0.8548562783934225,0.05631163987576615,0.1887532915200161,0.0,0.1231911327681001,0.6832647885223685,27.755678802046685,62.0,4
45060,5.270402895934253,1.0,78.6841822733335,1.586940561014816,1.1376138905461024,0.08754475966298475,0.228815907594239,0.009628717289747853,0.07434469244013149,0.4694400923118106,25.62892708467569,71.0,4
81881,5.701060861471607,0.0,126.77301533162183,1.698757269387999,0.8310347149247238,0.09080883719607807,0.16643138894708484,0.0,0.0807099107755365,0.5667764960218026,25.687494266025194,21.0,2
33761,0.0,0.0,155.48147764045734,0.463866698007316,0.3627140338773831,0.025435779189136993,0.33719740797510417,0.0,0.11443906789033216,0.24173022192994606,24.87122689467732,9.0,1
80949,2.81870192439919,0.0,151.26727593091437,1.0414166221981487,1.3587067315067167,0.041962598355487504,0.19217553698332104,0.0,0.10785844760529659,0.6353823972414456,24.740747256737926,40.0,2
15992,0.872923795046736,1.0,70.55825783552076,1.1133552989984767,0.5493582130984525,0.06776810307407538,0.3199421708962153,0.001984806558653298,0.13200780581487184,0.40870230130966556,28.7677910595325,62.0,4
122882,3.3619271977508447,1.0,98.91313308650787,0.897488732723847,1.3005502950795864,0.04257727432062326,0.24419571757330444,0.013280431973232367,0.13522551579728095,0.5959048078477117,24.61104931162114,48.0,3
147823,0.0,1.0,50.07341945581136,0.8284037357211327,0.01506869475646569,0.05138959171370151,0.3753400103877654,0.14872374146642076,0.07782218133052284,0.38768360549391373,26.995483373050543,49.0,3
148714,6.117892928831929,0.0,129.3192787463144,0.7528078866341287,1.8050118109561257,0.1035886709897732,0.02409600998560086,0.0009961907158109078,0.13451532550793535,0.15786092743258234,33.01129618996677,32.0,2
51428,0.872923795046736,1.0,57.95822118909204,1.3920585419964056,0.8192271637225136,0.07790245322973517,0.048650468459405787,3.429955055484875e-06,0.07824336696718033,0.2896351940766277,22.01781452471916,34.0,2
92308,2.81870192439919,1.0,175.90790537102686,0.4620093486710911,0.006289732768093714,0.04065389307740725,0.37405960254010995,0.14856962913636654,0.0612626192409623,0.058561362280261896,28.30536500546326,12.0,1
19934,0.0,0.0,152.72147863080073,0.4219109607463171,1.7272965097434245,0.08280689613768356,0.0,0.1378194291568026,0.07907699494507488,0.12502128870570975,26.823155723770213,35.0,2
7233,0.872923795046736,1.0,134.29517052519344,1.0853850452792237,1.3882284599771346,0.030629476337651843,0.24085046066065832,0.14483712986937414,0.07739805058592603,0.6728515002130602,24.137381850103147,63.0,4
103012,3.873488880460096,0.0,118.22621730542416,0.6246407414236833,1.314978844489941,0.06737279893323408,0.0009067692724898122,0.0,0.1287391309259475,0.2793444188864179,33.3277356596759,31.0,2
43465,1.5954046671017168,1.0,106.55156187014978,1.867263047261125,1.0315616104748004,0.08463728846781318,0.11669313372009094,0.0,0.08995736455673303,0.5187756442984244,26.235048004147757,52.0,3
39259,4.824000686513771,1.0,184.58594962121848,0.9228387905195625,0.903329043187519,0.03880600336970576,0.31526264655559255,0.0,0.06370578415960063,0.7273162537818824,23.76482214888024,24.0,2
5600,3.873488880460096,0.0,105.73680780299314,1.6423020601527738,0.882997246197953,0.08889717616409516,0.12333016422336632,0.029205777483379724,0.11315533132292098,0.4023146165258838,23.868996088817813,32.0,2
22171,4.359420279727952,1.0,95.18635628007785,0.7760517866541442,0.4849346932821102,0.061916456303725574,0.3190644659471356,0.0,0.1220266290353647,0.47214306179705734,23.032862355176572,32.0,2
20735,0.0,1.0,90.49962223200178,0.3560274796766916,1.5351222119478976,0.05223874875548161,0.005946621798604477,0.015947865155063325,0.1031396955853106,0.42509082013318533,27.717924201527435,34.0,2
4839,0.872923795046736,0.0,89.70276612044643,1.9242320163545066,0.3820745262413231,0.05338716901728622,0.2319999480755242,0.1480936353641807,0.07253143383276514,0.1703513804874109,21.713987052985694,36.0,2
15865,1.5954046671017168,0.0,117.11657242853165,1.433764130961678,1.314978844489941,0.09873331191373055,0.2089208133144031,0.0,0.11684452751132064,0.5472717260619129,26.28818141748603,18.0,1
77266,1.5954046671017168,1.0,127.22823840628487,1.4663162944046058,1.6006068707433185,0.06102200408319748,0.0,0.018555850659359212,0.10533879505897356,0.4838398383414279,26.636786098108477,42.0,3
12240,0.0,1.0,95.25487464476028,1.0909488099104507,0.9675887642154379,0.03482762600454365,0.22434514853910228,0.0,0.09833371298734968,0.5967851052426851,22.99393514301486,64.0,4
549,3.873488880460096,0.0,114.75419457743314,0.18545002434059563,1.8758266788615794,0.038157654766122096,0.3327781694329292,0.14666670525816566,0.14464322143488886,0.0,23.520350473955723,31.0,2
33646,6.117892928831929,0.0,105.7420001523745,1.4112216109464688,1.0620215341973758,0.05918638842682127,0.11194284909103239,0.0,0.06776790858233991,0.5667764960218026,28.682193808884882,34.0,2
1649,0.0,1.0,123.8489202431986,1.0305741753174436,1.2271707574696977,0.03880600336970576,0.03772983306760561,0.0,0.10894620868502075,0.5383828155329159,27.32433846509256,31.0,2
6779,6.117892928831929,0.0,132.17527608221042,1.5528898930012174,0.6792018079786396,0.05728648091811103,0.25315830735000466,0.0,0.08892922146119757,0.6029433102477434,27.200281480291128,45.0,3
27809,0.872923795046736,1.0,94.91221234435521,1.756317752022725,0.6060203886768876,0.05680116751690537,0.24783790767316516,0.061360570331055596,0.09162520541474937,0.5321518963893909,27.496706936854363,12.0,1
41687,4.359420279727952,1.0,143.9954528508118,0.870016916351664,1.4031006457171435,0.03345331143459896,0.029620722255763815,0.0,0.10212019116983716,0.43144989461358074,24.99918429237297,48.0,3
106207,4.359420279727952,1.0,135.2280073125089,2.211916140691261,0.6147791006233524,0.09829752883170788,0.20303395783663156,0.14394803502789175,0.08150955334797905,0.5116279940761842,23.905964899892634,24.0,2
120973,3.873488880460096,0.0,116.20011040340306,1.6809968297595563,0.8448971249366763,0.04804096838564263,0.00852969955761166,0.05134211923470616,0.06918422264604328,0.4919223952704212,25.432319358075322,42.0,3
153952,1.5954046671017168,1.0,96.43966039276128,1.437000860302872,1.691784810850091,0.05133612464894548,0.057611999183461174,0.0,0.08961697180144913,0.5187756442984244,22.91026570294891,9.0,1
76991,6.117892928831929,0.0,126.39854543948927,1.2923101708008011,0.9238541349219103,0.03880600336970576,0.18825977665822002,0.1347706960649914,0.08422295110813957,0.45590417500931824,22.954381470276978,38.0,2
87094,0.872923795046736,1.0,39.212969380986245,0.2134303620101483,0.3956501443205973,0.05276348676969412,0.22760737007515214,0.14651288878424606,0.07739805058592603,0.05461820721445772,22.634372239493768,19.0,1
14578,3.3619271977508447,0.0,93.16979951975034,0.5093607830228893,0.4545349207481146,0.032054095044992494,0.27469455038309665,0.0,0.09386772939038489,0.3656561673256651,22.50383225903977,41.0,3
126467,5.701060861471607,1.0,147.47194166083236,1.035987948999315,1.1129057238060638,0.036177528458350545,0.12463698198191898,0.0,0.1458083975353099,0.4350801015157789,25.053946264662876,50.0,3
130089,3.3619271977508447,0.0,99.12802547726267,1.7309982986371468,1.2648001779253042,0.05675240505934864,0.03701751378874622,0.0,0.1046199903677044,0.6318844125769992,24.750013530173103,18.0,1
129357,1.5954046671017168,0.0,82.09127160185754,1.6075736872862627,0.6646784571795217,0.03240626087208351,0.1523395503043589,0.14855554980531355,0.06947363277632812,0.23984141670888795,27.360524862764024,8.0,1
116711,5.701060861471607,0.0,166.89074002648618,1.7273986281211327,1.4913416009490772,0.04438898378389238,0.0009985074216367666,0.12448573823958835,0.05484699175740777,0.6117290310971855,27.029364096807036,12.0,1
102859,2.81870192439919,1.0,104.14102260359736,0.8601338152434236,0.7803636199698412,0.11200102058496486,0.3633733741456922,0.02699811235013734,0.07610775407689287,0.35829179556682933,20.133316620923473,19.0,1
53151,3.3619271977508447,1.0,98.10537906187153,1.3168623695632067,1.6890680687112196,0.08360405773041377,0.0009985074216367666,0.035267599177157063,0.14216940853853324,0.2426743316518963,27.032490090351143,24.0,2
110055,3.873488880460096,0.0,162.91501071678354,1.8224088628135273,1.5144442747914244,0.029105727562491277,0.027238508126925073,4.039376544873953e-05,0.08030591854684666,0.8727232799003789,26.768911004026656,30.0,2
150871,4.824000686513771,0.0,113.6860328578309,1.698757269387999,1.2178444213202304,0.10763012901892503,0.13170501708479113,0.0,0.08150955334797905,0.6719828838800403,23.168181583618757,41.0,3
87070,2.81870192439919,0.0,135.71412084295866,0.6785107863592905,1.420545549682991,0.03482762600454365,0.014670307255570792,0.0,0.10510074374136276,0.4504799087144882,28.140443463520672,20.0,1
142704,2.234779091684268,0.0,86.96980567060255,1.1937037408317457,1.0664045786492466,0.05531977924046881,0.14041716978012045,0.0,0.07567160824092482,0.372090967206333,28.086803298275044,16.0,1
13021,0.0,1.0,157.43038792774243,1.5059237685634277,0.8488750374661344,0.0814343853848159,0.19217553698332104,0.0,0.0834609979772711,0.29337171326094935,25.97791150618865,20.0,1
21669,6.117892928831929,0.0,130.70557857660066,0.9589353474702558,0.7726819849845797,0.09785169032817521,0.14525821594835667,0.1097187703044099,0.13075335469188817,0.19904021217904416,24.057261957239717,61.0,4
146127,1.5954046671017168,0.0,95.10728787864922,1.4305314995612604,0.9633865604732803,0.10281767652483301,0.24675338874745154,3.259594036081274e-05,0.07697095147323091,0.4784445662216481,32.165646122538135,29.0,2
98301,1.5954046671017168,0.0,128.48647767182152,1.4728761491942823,1.1129057238060638,0.037503497957860635,0.030532185089493704,0.0,0.10650624542551308,0.21236501541503539,26.500517489533717,16.0,1
4268,4.359420279727952,0.0,133.4317206206458,1.5427567021324977,0.8688796649587435,0.04071676728200563,0.19838414786356615,0.0,0.05940416375632923,0.6893306308342276,23.89577046683142,59.0,3
12849,3.873488880460096,1.0,119.25271704120543,1.1704392993079824,1.0358893422160114,0.04557037994341877,0.1458565046907266,0.0,0.0571585712331885,0.5428290888758212,28.084265389509785,67.0,4
66393,0.0,1.0,124.94470082191677,1.6006790321669766,1.1831582989482943,0.06697413709052649,0.0949714230421777,0.12539887678696096,0.08927426336727629,0.35921294629456185,25.02829098906347,20.0,1
86579,6.117892928831929,0.0,151.79989361007375,1.4827469254218961,0.6865080892331454,0.05531977924046881,0.17342500988932696,0.07793270547573594,0.07253143383276514,0.5472717260619129,29.469136479948794,34.0,2
64226,0.0,1.0,95.98179100611794,1.6283596013417518,0.9197336231387233,0.10586085027058409,0.17342500988932696,3.909941596125333e-06,0.10915962010817792,0.601184514321482,23.052164257790896,42.0,3
44777,0.0,1.0,108.91813901120787,1.2710355796097998,0.8016444925314857,0.025435779189136993,0.12658456236904403,0.011468359494094787,0.07298954199416931,0.3324287028011156,25.382054614496273,10.0,1
128726,0.0,1.0,176.98873219849187,0.6395173535198868,0.5510461517347672,0.041342447356368994,0.3653873670030248,0.14818125462915135,0.14041596872925252,0.4622253199987333,26.483879649035455,27.0,2
57719,5.270402895934253,0.0,112.82738277925439,1.886141037519727,0.653863841431761,0.09929914618218678,0.27890300212052405,6.979813879100053e-06,0.07610775407689287,0.28496036755879967,26.63560205471041,42.0,3
118797,1.5954046671017168,1.0,101.26287229391536,0.9851555438001129,0.5176307295664182,0.032054095044992494,0.28096359619784445,0.12577893261837986,0.10958238112235452,0.3064263084600735,25.996775125881424,15.0,1
96760,3.3619271977508447,0.0,134.1697185870992,1.440241690388494,0.6993657939488159,0.05170941569813888,0.29673090014924597,0.009628717289747853,0.07907699494507488,0.2840248434483561,24.508321156783303,36.0,2
146888,2.234779091684268,1.0,138.4307821448957,0.9050560474853104,1.5041555271287885,0.06776810307407538,0.2824180459292544,0.03816745169302313,0.09833371298734968,0.8828013528870368,33.199033098928794,22.0,2
10404,0.0,1.0,86.35548316019587,0.7528078866341287,1.257705099064472,0.10442257216654599,0.011015275563230354,0.14378022707720145,0.10999979085255757,0.3757642353460366,25.508809749224767,9.0,1
18174,2.81870192439919,0.0,98.03189987950591,1.1417057923154803,1.550718696885937,0.07501499474701619,0.0822707938427152,0.12180888706043436,0.08384328428839721,0.5756194484892455,26.716298208821936,43.0,3
118869,0.872923795046736,0.0,79.80415445646916,1.4959659338530724,0.5077466257061825,0.11250755524274503,0.155228029851228,0.002965912600349943,0.104861145959801,0.41963386075746517,29.22655048400307,31.0,2
628,5.701060861471607,0.0,89.97381006295568,2.0332846826395863,0.9675887642154379,0.11403242906984741,0.27347028496277787,0.0,0.06050287974072933,0.27465930423277096,21.94306007770131,37.0,2
85904,2.81870192439919,0.0,98.05814334716534,1.3793644304245756,0.7234872037486205,0.04992945244340003,0.2687902042323191,0.0,0.13599807026133018,0.4468605662115773,26.735724599955276,24.0,2
152802,2.234779091684268,1.0,99.44238231502479,0.9693795334875999,0.2566849717186903,0.10648044685009093,0.37367170776866765,0.14231840799077333,0.11634650289624089,0.43054194018397496,20.420155143345838,23.0,2
2858,5.270402895934253,1.0,105.80949737928272,2.211916140691261,0.8231553808396798,0.1069043158630909,0.32167877725314264,1.1499494787303795e-05,0.06617081820143467,0.5897388344096739,22.60439445290998,11.0,1
124927,5.701060861471607,0.0,83.55906677542355,1.6318388174675127,0.9156208630438081,0.10511329257752373,0.09203541848258019,0.0,0.06474316603131854,0.4504799087144882,29.101767408653433,31.0,2
151319,4.359420279727952,1.0,81.91359353210814,0.9719997127794917,0.5392685908845773,0.03134499269087866,0.2903041499614681,0.0,0.09029545927515505,0.6615493185898008,24.720131741414555,11.0,1
12214,4.824000686513771,1.0,140.1977513493165,0.9075856561859189,1.2318460617081535,0.032054095044992494,0.1744815277128284,0.0,0.08823206529773955,0.2971052741693927,22.579539635026023,67.0,4
126917,0.872923795046736,1.0,118.80346044733014,1.1218203956730715,1.7493293362478723,0.09512248854355311,0.002986602388962986,0.11618944016353955,0.09747580878089683,0.4595172001147029,30.602748321751697,22.0,2
40695,0.0,1.0,109.17144717085728,1.440241690388494,1.0014879181509468,0.07154319726812285,0.03234721238490471,0.0,0.07479010183432175,0.3481476766638229,26.46379913851934,26.0,2
16063,5.270402895934253,0.0,113.93779589009108,1.3984299557000819,0.46885477553086813,0.03730610971165305,0.27408364899257415,0.0,0.06966589041842604,0.22943896094336566,23.774770287243456,26.0,2
58252,0.0,1.0,64.14046148129259,2.021430197171811,0.7669406212233013,0.04597896911406768,0.1440571078191837,0.14846123398764682,0.07523239892816581,0.03959883734464437,25.28677396047778,15.0,1
8111,5.701060861471607,0.0,157.25380377847003,1.1966292274711101,1.807818507257721,0.0814343853848159,0.0019940376062208094,0.14662127244897616,0.09600744425199255,0.22565033036371449,32.556941332849966,21.0,2
81352,5.701060861471607,0.0,70.58025976097547,0.7620643196394106,0.4577046871378976,0.026953409443536608,0.016577632105374596,0.14865178882548147,0.0682595902191365,0.5765029649516105,26.852997767814212,36.0,2
129589,5.270402895934253,1.0,134.7366279575311,1.0993228154521477,0.5061055596071057,0.05581785744347516,0.34288568786942675,0.0,0.10894620868502075,0.4023146165258838,26.72089315537149,47.0,3
123371,6.117892928831929,1.0,143.6774600856141,0.5586515365791151,1.2131933798627534,0.03482762600454365,0.04038650080234692,0.01941222798933369,0.08534643612555834,0.38951482378095875,29.73404640468111,23.0,2
7258,4.359420279727952,1.0,123.72708135870218,0.5249208133713501,0.8749185103672998,0.041342447356368994,0.1416366259819575,0.0,0.11081886050973534,0.3259413065890475,26.03607790655099,47.0,3
90595,5.270402895934253,0.0,112.41572253049257,1.2113149601562354,0.34219145661353245,0.06737279893323408,0.37157295153865,0.14759657025333267,0.12675805909983276,0.5285881430572061,27.16096396590229,5.0,1
22463,6.117892928831929,0.0,165.4939790828248,1.955027965828709,0.6130236887191868,0.047417825251390794,0.0016658410493252224,0.021525355863885695,0.047173332386763946,0.38126903601002826,24.89038002518698,43.0,3
9312,3.873488880460096,1.0,110.52445114106631,0.6183139566629519,1.7135954813782412,0.061916456303725574,0.003976213546291906,0.0,0.06158588724043837,0.406878074585287,29.984368267034043,50.0,3
73360,4.359420279727952,0.0,86.40358299701897,1.313779393613908,0.850866867530047,0.08360405773041377,0.11056948609566525,0.13462023119004507,0.12476668575403163,0.6222538369971233,26.885562655600506,27.0,2
58431,0.0,0.0,102.83372636410743,1.7599522449896807,1.5092957197361627,0.0417151979731918,0.06904635819192184,0.00045620319138042607,0.05312858977176493,0.5481598184332552,26.77231987803284,22.0,2
27611,5.701060861471607,1.0,98.7034177018475,0.894973455755926,0.5459877684173237,0.03482762600454365,0.26815536298715575,0.0,0.11389577405950702,0.7787286945775497,27.73482211810529,42.0,3
32441,5.270402895934253,1.0,150.63567688739252,0.641655665212604,1.0014879181509468,0.030629476337651843,0.1847723004118197,0.018555850659359212,0.09162520541474937,0.5419401255638323,28.792001585781986,41.0,3
57112,1.5954046671017168,1.0,116.04128864580903,1.1704392993079824,1.3005502950795864,0.04438898378389238,0.011788166338059581,0.0,0.08927426336727629,0.6099729853020663,29.924869020889425,65.0,4
116515,5.270402895934253,1.0,117.59231788925922,1.1646618235594426,0.8016444925314857,0.11285320965981253,0.0859918713363793,0.0,0.10673525114395638,0.3647362240112409,28.558300003891794,24.0,2
58504,1.5954046671017168,1.0,122.0805664246907,0.787802634069226,1.7714992544604575,0.05276348676969412,0.002986602388962986,0.13075712263959122,0.1225519383900256,0.379434781026071,31.861809108946765,42.0,3
45755,0.0,1.0,102.58345571966025,1.0909488099104507,1.2201729728079924,0.0689341804959577,0.11194284909103239,0.0,0.12417503957929378,0.4513843481564584,31.877403067900698,38.0,2
57207,3.873488880460096,0.0,115.53900212947036,0.7643869846402107,1.7798483767676978,0.05312809297365113,0.15694397548208475,0.0,0.10894620868502075,0.4468605662115773,31.448283095674643,34.0,2
31041,2.81870192439919,0.0,137.05090175833445,0.9101188546911463,0.668298156335253,0.038157654766122096,0.2655899324840549,0.0,0.0994514137349725,0.37117222363207886,30.231336222362575,39.0,2
117056,0.0,1.0,117.20355727282845,0.5871171410342558,0.850866867530047,0.02770197444137078,0.21245753954102564,0.12089889537674375,0.06318149722485808,0.19522579199641732,24.423026141211125,31.0,2
5322,2.81870192439919,0.0,118.20577653967064,2.1459202330581157,0.8389446157210648,0.10763012901892503,0.2922093969814438,0.0,0.06855292732719263,0.35276125013630455,23.205322690534633,34.0,2
30393,4.359420279727952,0.0,24.555243998614664,1.0909488099104507,0.49466828604235225,0.03184203401148653,0.3051012612299239,0.05372261428457534,0.10413295990069908,0.6910625738607122,26.178380373881957,24.0,2
135781,4.359420279727952,1.0,78.98197962645514,0.8163577776207587,1.1808620069999787,0.1130192548806852,0.23474058021231803,0.0,0.1422982595179943,0.46853879156411365,19.300230653474358,41.0,3
23504,0.872923795046736,1.0,122.18738090772301,1.4630425573980839,0.9591921604105726,0.11246303557064592,0.1220165471564242,0.0,0.1325941870935916,0.817005514313588,22.608510634865688,28.0,2
144633,0.0,0.0,128.5773661778585,0.8774664929240397,1.1376138905461024,0.030629476337651843,0.1133089973400213,0.0,0.1306711400951591,0.6414987105437209,26.7946013946181,10.0,1
72717,0.0,1.0,82.7637991629749,1.0660306262012467,0.6920073491138415,0.06450986144918483,0.3159420989489345,0.0009961907158109078,0.12807164233603202,0.5428290888758212,28.15412764371322,61.0,4
132859,5.270402895934253,0.0,187.19125083068428,1.5059237685634277,1.3513725909920593,0.05581785744347516,0.3070534560250145,0.032281348581267556,0.09776367429658296,0.7659164955773288,24.468068027368904,2.0,1
122081,1.5954046671017168,1.0,91.73542694892573,1.6214139493243716,1.1084392632811322,0.03379920531112484,0.06034770469368074,0.0,0.0807099107755365,0.43144989461358074,25.841844552946466,24.0,2
59853,5.701060861471607,1.0,146.93215270037254,1.4467356640090427,1.1466586274561965,0.044982288551343556,0.11194284909103239,0.1388240133778483,0.1046199903677044,0.4241817332356303,27.286048734794235,26.0,2
120408,0.0,1.0,130.94229865680603,0.8527586441232778,1.5533254571377446,0.03414355059055638,0.010821767172170031,0.1226869371427914,0.12777722757972032,0.20951304419171235,29.923046337442702,15.0,1
34037,0.872923795046736,1.0,104.27110259131247,1.3230403074748542,1.1489248154734721,0.11150678063934065,0.09642761173667264,0.0,0.11717145598614156,0.35921294629456185,23.67316693475357,32.0,2
51163,3.3619271977508447,0.0,108.29743618730109,1.3730416877687452,1.4785798387800124,0.02263362162879306,0.241972737467687,0.0,0.14231938006924472,0.8727232799003789,23.19275412105544,33.0,2
10283,3.3619271977508447,1.0,109.63132283236763,0.8067838170617007,1.3077553750603137,0.030916456657733713,0.0040058563701524915,0.0002657299005871791,0.07697095147323091,0.4387077377800461,32.841861960932555,57.0,3
52458,4.359420279727952,1.0,138.3158676240337,0.9101188546911463,1.1969783179741296,0.04379041442699696,0.03950348483126515,0.0,0.08571582562284803,0.6064592478239177,28.911602119381346,38.0,2
25149,2.81870192439919,0.0,79.67441786769787,0.4006482072885235,0.668298156335253,0.03345331143459896,0.3087379533602607,0.14869142354534587,0.07298954199416931,0.22659778538501857,19.531841440190725,54.0,3
18091,2.81870192439919,0.0,133.04994145798383,1.0332792011007887,0.7669406212233013,0.024201689325126154,0.021015996623741328,0.005280714245684525,0.11651353817190897,0.4423328122524797,21.2613195454701,58.0,3
92106,5.270402895934253,0.0,107.42759631506287,1.5427567021324977,0.4914166057609313,0.04140471036841923,0.2697376361401066,0.14841601368529395,0.08858182813778119,0.5446065792778642,27.925716324222197,24.0,2
23990,2.81870192439919,0.0,101.85822043525144,1.3920585419964056,1.208550416448057,0.08029540932132537,0.05752870250965461,0.0009961907158109078,0.09747580878089683,0.5089451600367382,32.54868379507491,57.0,3
124496,4.824000686513771,0.0,45.36975103506806,1.13316055416276,0.3021567367357503,0.08800276332840526,0.05585783783563089,0.14743759830632788,0.07019179955184995,0.40779027040891674,28.53985370422294,40.0,2
883,5.270402895934253,0.0,119.8394490726799,0.5347472887120701,1.640530318907042,0.03932053869617266,0.0021927874172266238,5.808710644722942e-05,0.06551152725670131,0.34999362956189706,24.631310397192845,60.0,3
54542,0.0,0.0,116.83508749794431,0.7901631590571356,0.4341039988334495,0.06450986144918483,0.30085444038956244,0.07013582035545378,0.12901708090428082,0.2952388627866774,23.594128548690296,33.0,2
143077,5.701060861471607,1.0,117.3007647000464,1.5026003343861656,0.8349858419672646,0.032756846992377936,0.3143509173901573,0.0,0.10388706186522997,0.8794437592650981,25.49891816964625,50.0,3
139233,2.234779091684268,0.0,95.1231023093649,1.0993228154521477,1.057646406189738,0.11035256799638082,0.2824180459292544,0.0,0.08995736455673303,0.7462184204087837,20.960406669069922,58.0,3
1786,2.81870192439919,0.0,152.03159722789047,0.7830919477975231,1.0773968561658953,0.06931636345747896,0.23896380348877203,0.08251428425476516,0.09660065570186806,0.3175874845356611,27.81128703117685,46.0,3
93687,1.5954046671017168,1.0,132.40156191172878,1.1733338226503915,0.8729036385143312,0.03414355059055638,0.1373413159554467,0.03075491501815847,0.1125876738958727,0.38126903601002826,25.834054607644113,27.0,2
109485,4.359420279727952,1.0,124.22448224090748,1.2172165115891747,1.6620176809780942,0.03345331143459896,0.12787458610078709,0.06866208836877775,0.08961697180144913,0.7100803242379972,25.2562327030639,47.0,3
92433,3.873488880460096,0.0,105.36286273963458,1.7094653201885666,0.9404137982053083,0.04245477455583468,0.04839290656167667,0.0,0.04574849590219573,0.2971052741693927,28.562063554882357,7.0,1
28219,4.359420279727952,1.0,101.00159703673073,0.6373823175983337,1.2459205763017733,0.10139935755464843,0.1410276701496655,0.0,0.10388706186522997,0.27653391437213615,27.913612435638782,45.0,3
107547,0.872923795046736,0.0,86.55320253378699,1.237995013338512,1.1671264680853237,0.0858828442467042,0.1360999778061121,0.0,0.09162520541474937,0.49551067655190706,25.026918547232526,34.0,2
94362,3.873488880460096,1.0,130.97754959325087,1.3698863849283012,1.1580096007646004,0.1080137256563241,0.2671982360325522,0.0,0.07907699494507488,0.5268053829272235,33.225615285799734,46.0,3
28714,0.872923795046736,1.0,88.88893125204672,1.7418233789384563,0.9823580025054448,0.10786191730577435,0.02409600998560086,0.0,0.07066635954166857,0.33890739350112375,21.182328886114334,34.0,2
12263,1.5954046671017168,1.0,110.3077174523073,1.351039350458107,0.9654866865759476,0.04673112473458526,0.04649739313307388,0.0,0.07207008747600625,0.5481598184332552,26.01081646426564,59.0,3
123565,2.81870192439919,0.0,49.1309079981336,1.274062926972884,0.21953760146031662,0.11792695365117496,0.2659129107407421,0.0,0.13921996121601246,0.3628958211781966,24.14891330539091,36.0,2
85238,3.873488880460096,1.0,76.61137077943911,1.1704392993079824,0.5714429205166435,0.032054095044992494,0.27316267531591903,0.1388240133778483,0.11797137715506432,0.5419401255638323,29.634834018812448,35.0,2
154573,3.873488880460096,0.0,116.20011040340306,0.8849480810453934,1.0143294574313837,0.10941971488836727,0.26429137748300496,0.0,0.09417957066797655,0.3748461739260816,24.840478319730078,31.0,2
130970,5.701060861471607,1.0,84.11725827054381,1.068784255159413,0.9508267515704789,0.04468629102755029,0.12135717411903511,0.0,0.14194630003694408,0.48743361513789707,30.881758511026085,10.0,1
153163,1.5954046671017168,1.0,155.7762470243905,0.7597450800680996,1.5533254571377446,0.041342447356368994,0.0,0.14252820321226706,0.12135199042106064,0.13083490594461286,28.559680011925533,10.0,1
96228,1.5954046671017168,1.0,155.78607129220163,0.8527586441232778,0.09965886989306001,0.06534527571603274,0.36969417967895124,0.14815534579246725,0.04015971712146226,0.22849210047277335,22.58910135836327,16.0,1
81628,5.701060861471607,0.0,171.49262150392101,1.9705341629668967,0.9259172992484815,0.08612600426799331,0.06248535294461734,0.0009961907158109078,0.050636294096179424,0.5596918883888553,23.52578906806114,41.0,3
13215,5.701060861471607,0.0,128.46122923102223,1.4305314995612604,0.9074185780413175,0.030629476337651843,0.08981251686689971,0.07157913323006877,0.06318149722485808,0.6082163911561125,25.943504922537606,72.0,4
27218,1.5954046671017168,0.0,138.19094501887696,1.2260981136938247,1.366059372813981,0.04379041442699696,0.09350737751597628,0.02110588240330083,0.12589889796513168,0.5214535572646147,25.920728663401984,52.0,3
56161,4.824000686513771,0.0,81.62272905418348,0.9615409198141054,1.1353577070957022,0.09370898039945591,0.17917339349527653,0.0,0.08823206529773955,0.03722219255229684,28.56043272438139,17.0,1
44510,3.873488880460096,0.0,118.7626068962714,1.0332792011007887,1.1900592475800453,0.11209592493449108,0.07135967865258865,0.0,0.13710141442161908,0.388599298650405,22.36656264574341,53.0,3
133005,0.0,1.0,126.07961479100798,1.1531530780227583,0.973906712521262,0.026349657147987843,0.050020433388347954,0.005893469744691948,0.07207008747600625,0.31944514756429193,22.75504172147064,22.0,2
75230,2.81870192439919,0.0,51.232222827070906,1.249954663221884,0.2743784292767496,0.09800143618007766,0.30534688216789435,0.14759657025333267,0.08858182813778119,0.4658339547302879,20.058552481209833,10.0,1
136751,5.701060861471607,0.0,122.22806862370564,1.7454404380504511,0.6828512271475592,0.10051148267888103,0.11601985112802114,0.04959150707695649,0.06370578415960063,0.5570327996307758,27.341789552116506,2.0,1
8837,0.872923795046736,1.0,116.52790232930836,0.5974354268582583,0.5973074966131857,0.025435779189136993,0.32612116500044036,0.061906270227683344,0.07782218133052284,0.28870060070904596,27.14979747523444,58.0,3
31178,5.270402895934253,1.0,118.78303392310873,1.0414166221981487,1.476033739652881,0.032756846992377936,0.003976213546291906,0.0,0.11684452751132064,0.6745883431787558,26.176383515649885,49.0,3
61590,3.3619271977508447,1.0,140.5368028663091,1.249954663221884,1.3440569354023117,0.03482762600454365,0.03144101174407487,0.0,0.0929195560165614,0.7135315184130544,25.067384167569433,43.0,3
64980,1.5954046671017168,0.0,138.08099974120827,1.3762010353347607,1.1196203641016944,0.08889717616409516,0.09277239074984024,0.0,0.11583914795584942,0.44595533372469104,24.053455653261768,38.0,2
36545,0.872923795046736,0.0,90.05881944358029,2.1787686595395814,1.01218429027079,0.05655693300079654,0.11262682189264288,1.7598816696078115e-05,0.055547523366614934,0.7565036843130809,22.462075786727954,15.0,1
32708,4.824000686513771,0.0,131.67725173071142,1.2923101708008011,0.26617686285745656,0.0689341804959577,0.13980511964077502,0.016823724306544618,0.10437726552568219,0.33890739350112375,25.31170652388537,8.0,1
109165,2.81870192439919,0.0,88.43101520684151,0.7996398684795895,0.4720565104604989,0.11547411277309645,0.2646170161701627,0.0,0.06190776427503039,0.2727839400024509,20.99055051281469,14.0,1
26298,0.0,1.0,133.65267914118647,1.4695941574011762,0.33638992661846345,0.026953409443536608,0.3434205233568624,0.001984806558653298,0.07479010183432175,0.4004880737342039,24.576885204983924,42.0,3
117745,3.3619271977508447,1.0,89.01134009847334,0.8381035217009131,0.8708906902532544,0.026953409443536608,0.043893390801080984,0.14849077983319456,0.09259922813974525,0.7599282170448584,30.201039035688183,11.0,1
36241,0.0,1.0,149.29720711365533,1.3230403074748542,1.2648001779253042,0.03550559855419764,0.251050356351249,0.014176275640349664,0.12696665599738943,0.7462184204087837,23.815386367467337,45.0,3
75251,2.81870192439919,0.0,88.02073352202386,1.1646618235594426,0.043346566462758036,0.05728648091811103,0.3755937936401596,0.1486979383007315,0.07253143383276514,0.30735740567019904,23.27170106553698,37.0,2
60303,2.81870192439919,1.0,68.80043064649425,1.580096699910016,1.0862263751542853,0.09181366582891372,0.29983526196182336,0.0008293618481142126,0.09510266620308695,0.5321518963893909,28.68256906778886,26.0,2
65123,4.359420279727952,1.0,118.94643205289898,1.2113149601562354,0.4914166057609313,0.09887638189285769,0.3315961599830793,0.050845532228205655,0.07066635954166857,0.48114289466383386,24.86819454810913,42.0,3
4058,0.872923795046736,1.0,148.86714955428872,1.7273986281211327,1.042395729804522,0.042270617362411125,0.0011779222306249246,0.1473544828317745,0.04015971712146226,0.19522579199641732,26.63507580170615,49.0,3
26276,3.3619271977508447,1.0,159.5667750608885,0.6437972553886573,1.3734305307687875,0.0461533086282955,0.08455490089482158,0.11600597990351828,0.12037265058829381,0.2690309433417808,25.830830715414443,11.0,1
4470,4.824000686513771,1.0,98.92885917920191,1.705891647744118,0.9675887642154379,0.06969534196105091,0.11736465633327059,0.0,0.13315511246185902,0.6161167520118906,24.651976180564294,75.0,4
114180,0.0,0.0,73.96807593083574,1.7635911034941345,0.2675395769140122,0.0858828442467042,0.0007890682219622544,0.0001379272758615091,0.12767794942651947,0.4050531875874435,24.6045245045986,7.0,1
87054,0.872923795046736,1.0,124.15851691408815,1.3447892366328362,1.0906530470009785,0.10482157753073958,0.06248535294461734,0.0,0.10557531116723944,0.4999926128156961,29.159319348500542,32.0,2
6327,0.872923795046736,1.0,103.63609207403965,1.6283596013417518,0.7104594698327914,0.11017367031918551,0.0643634370336894,0.024987870254108948,0.07019179955184995,0.3757642353460366,31.4755214436072,8.0,1
18622,4.359420279727952,1.0,46.38700648080993,0.4129996505815559,1.7465677416668217,0.08280689613768356,0.012751715278126845,0.0,0.08111111514562246,0.5062609762137036,31.436654902497356,23.0,2
152288,6.117892928831929,0.0,129.74295507132567,1.4926549618789116,1.1421322571741443,0.039448600807730404,0.11601985112802114,0.1480023296960682,0.09323773806836998,0.5941437966272379,25.74799041859445,31.0,2
41382,5.270402895934253,1.0,127.45070701293022,1.4176418973042995,1.7659439067404081,0.034349417624905836,0.221024451677974,1.5699058386571558e-05,0.13812624336284485,0.46763733513873956,23.19535489146106,28.0,2
148158,4.359420279727952,1.0,140.4420796949157,1.2054289960576283,0.8290620173475927,0.029907481693841425,0.3317940177903035,0.13838919738801395,0.0807099107755365,0.22091007236670035,22.46443796903603,49.0,3
66411,5.270402895934253,0.0,100.33229152075808,1.2649927397327414,1.0620215341973758,0.10673658905851677,0.1153448023958126,0.0,0.08644706391858864,0.7393518023357826,32.83388181606278,12.0,1
109913,2.81870192439919,1.0,131.6973791504347,0.7996398684795895,1.208550416448057,0.03414355059055638,0.0,0.12590414877297143,0.0642263303982092,0.31201016143727445,25.968141578631638,51.0,3
88590,1.5954046671017168,1.0,134.29015277006374,1.0197912380668752,0.5714429205166435,0.038157654766122096,0.221024451677974,0.1473544828317745,0.0682595902191365,0.5285881430572061,28.336025587047462,41.0,3
93880,4.824000686513771,0.0,118.05756585586981,0.6225285599873925,1.7218096897646715,0.041342447356368994,0.14704857682625724,0.14545064231024507,0.1151478184282261,0.428725547103319,32.32714172322392,28.0,2
80524,5.701060861471607,0.0,165.86401714928388,1.357305564867754,1.3029499461191854,0.057189753444873856,0.22227665399240484,0.1391384425981652,0.14187725991115452,0.060334526937876574,26.633233860483735,24.0,2
5798,5.270402895934253,1.0,134.7767501691461,0.9563334199741291,1.095087666887929,0.0457457983419078,0.22144278435145062,0.0,0.07207008747600625,0.5116279940761842,29.141876327012547,49.0,3
79981,6.117892928831929,1.0,41.42770015912,1.3045544042799484,1.4305595995732223,0.028073724243569836,0.0024013471617247246,0.14865178882548147,0.08680895131871912,0.6283842755198784,24.61174337111617,2.0,1
139064,1.5954046671017168,0.0,178.4106995780867,0.43813908429016785,0.47848134249935176,0.038157654766122096,0.24927322505169477,0.1367790578865341,0.0878799146864748,0.22091007236670035,26.887131369594247,20.0,1
38357,4.359420279727952,0.0,109.2799820823726,1.0278728688856018,0.6828512271475592,0.11564581627380506,0.2370566471492302,0.0,0.06840641496750414,0.43144989461358074,28.544999409326604,20.0,1
146808,1.5954046671017168,0.0,104.25029135222204,2.39526921405991,0.7919429048882065,0.08845352666152759,0.17605677935381134,0.021609062810658386,0.06185421441045832,0.7367747935949783,25.96774002134979,39.0,2
49209,0.872923795046736,0.0,120.07912550986066,1.232038730877049,0.28540840916335625,0.06279572776316904,0.2292169810837569,0.0,0.07066635954166857,0.567661430117058,29.196532014547973,6.0,1
107540,5.270402895934253,1.0,54.51575416638494,1.3168623695632067,1.0751944363573847,0.10212431892508796,0.1529201254059554,0.0,0.090631273449164,0.20570758564253153,33.30651599891576,4.0,1
13417,4.359420279727952,1.0,70.67375707187205,0.326277715311746,0.01721967603268907,0.03414355059055638,0.3613146724313329,0.14620111385585224,0.100270542490563,0.15786092743258234,23.980351997177504,24.0,2
110432,4.824000686513771,1.0,70.85520169096628,1.354170443691811,0.3911092445795827,0.04257727432062326,0.3472617649024948,0.01769303436637822,0.0909648244230264,0.38951482378095875,26.77100880760339,42.0,3
8061,4.359420279727952,1.0,92.69908231555195,1.4499888131526906,1.1992887046249214,0.033661034023204424,0.002252389244545728,4.4099257041964955e-06,0.07824336696718033,0.5950243716781197,25.967472314151973,78.0,4
50625,0.0,0.0,97.3544705906934,1.0965276954317247,1.2039155262962848,0.0300524019955432,0.00558297915210123,0.0028583565477273785,0.09323773806836998,0.4990965284816648,21.867081917957563,27.0,2
156252,2.81870192439919,0.0,145.74262211501963,0.5850631189120629,1.2295073977449773,0.029689610335349732,0.00021293221236092847,0.009906439773153536,0.12293774418845033,0.35921294629456185,33.30087090461232,26.0,2
132655,2.81870192439919,1.0,119.23740546721704,1.5259518253987494,1.6890680687112196,0.06222591342686712,0.007093892188422288,0.0,0.12189331958493682,0.8760844031087931,26.897849248298414,33.0,2
119252,5.270402895934253,0.0,77.18190971379585,1.955027965828709,0.7104594698327914,0.06697413709052649,0.2606647456595814,0.0900194552819806,0.09747580878089683,0.6064592478239177,26.76523957853962,22.0,2
75880,3.873488880460096,1.0,51.79586610044676,0.544652211466266,0.7517134112457518,0.10874140811719965,0.1832598522183656,0.0,0.1151478184282261,0.4730437411412784,20.283082558380368,18.0,1
89271,0.0,1.0,107.54674085127704,1.5903688309600632,0.7272262776524988,0.03557306247571486,0.04082706055637783,0.0,0.1085152749541968,0.5446065792778642,22.738352605981763,42.0,3
2036,0.872923795046736,1.0,136.68560111470612,0.8503073162091651,1.042395729804522,0.03226558454660768,0.21849470962927253,0.14689913906523044,0.07697095147323091,0.25493008433871256,26.502101675258384,15.0,1
89160,3.3619271977508447,1.0,107.29288843803184,0.8924617548512922,1.33675974885698,0.06505449549557679,0.011208669585202388,0.0,0.12807164233603202,0.7057634965086762,29.4363382530765,35.0,2
2547,2.81870192439919,0.0,105.11865739823496,1.4959659338530724,1.1308513369073827,0.09858915255184081,0.27469455038309665,0.00010295948287406406,0.1294698537927405,0.24644882252897388,21.71444017034098,12.0,1
53470,1.5954046671017168,0.0,102.46871919384667,0.6741252782109894,0.48655249206632356,0.030629476337651843,0.34377558776963113,0.0,0.0878799146864748,0.4105258689230816,23.586843468375285,32.0,2
95528,6.117892928831929,1.0,67.98272422446315,1.4240785193695762,1.2131933798627534,0.1061302215723794,0.14704857682625724,0.0,0.0912961293942096,0.677192634794403,29.918307004579617,13.0,1
43344,3.873488880460096,0.0,96.59747438059615,0.8211656767816108,0.6377667747259554,0.05665475355660492,0.27408364899257415,0.0,0.06737203932182984,0.3082883206301165,33.2614497754349,44.0,3
22074,5.270402895934253,0.0,131.5866728879446,1.5698625629767227,0.776519017031305,0.0461533086282955,0.1642345639618373,0.003939573289650818,0.09479702346996888,0.33890739350112375,24.929482036343796,4.0,1
150741,4.824000686513771,0.0,97.62237166794729,1.5360221992945484,0.8074882515588501,0.10549248652952234,0.27621111607351606,0.000424310809192367,0.12633349872524277,0.5490477660515011,22.753870824386528,48.0,3
126945,5.270402895934253,0.0,108.21463743604312,1.573269725078865,0.7688525187496839,0.10139935755464843,0.015625372543004,0.0,0.10718886451071041,0.49551067655190706,24.49342296813346,35.0,2
100666,6.117892928831929,0.0,121.32739842237643,0.9356488839762348,1.0489198800185926,0.10808882738822913,0.1511740477018857,0.0,0.12777722757972032,0.5800356203400376,26.190359350239902,5.0,1
97250,6.117892928831929,0.0,93.93597293511205,1.8075989478811065,1.2271707574696977,0.0916158468366306,0.09642761173667264,0.0,0.13572879064426424,0.5782695745186084,27.973459928154924,9.0,1
2387,6.117892928831929,0.0,124.13314429879685,1.2201731395132756,1.481128021569572,0.028885681770251494,0.003738975611245078,0.0019454065441986944,0.11220324037571663,0.7350561716768521,24.329555803283032,28.0,2
108709,0.872923795046736,1.0,37.08897774485284,1.249954663221884,0.971798776571637,0.03345331143459896,0.0,0.0,0.07523239892816581,0.4694400923118106,27.286566407548573,21.0,2
34865,5.270402895934253,1.0,100.87615062736319,1.5698625629767227,0.668298156335253,0.10763012901892503,0.11669313372009094,0.0,0.12675805909983276,0.6169938866974617,24.85592477082743,29.0,2
118985,3.873488880460096,1.0,114.0353968770328,1.258965687733321,0.8192271637225136,0.030629476337651843,0.325496631491568,0.0,0.09972625759298626,0.7023077593058966,25.844530371276,28.0,2
4263,0.0,1.0,141.986424728704,1.8899300099487994,1.3882284599771346,0.05631163987576615,0.030532185089493704,0.0,0.041537978515635704,0.8034231654125819,25.92340892867847,29.0,2
65037,2.234779091684268,0.0,123.83369132121734,1.2559580752183774,1.2178444213202304,0.06969534196105091,0.0421449613639152,0.0009961907158109078,0.10979175009966557,0.5383828155329159,26.177182271364842,69.0,4
103301,3.873488880460096,0.0,150.2950480598556,1.1021217240069057,0.7574094640680615,0.11801697114443707,0.1887532915200161,5.0699018020650216e-06,0.07567160824092482,0.5196684304319891,20.779085942338547,17.0,1
97083,5.701060861471607,0.0,84.92677175181485,1.5125831187873215,0.6112701122260614,0.10682075272588769,0.017052713175874902,0.0,0.11979409945598393,0.29337171326094935,27.79403742589468,16.0,1
28439,0.0,0.0,172.5870656643049,0.9000075885026969,0.21433736748688742,0.032054095044992494,0.3608675781391939,0.1388240133778483,0.09355379050258464,0.09680842200634909,25.64647977191921,15.0,1
77997,1.5954046671017168,0.0,122.79241101337269,1.563060875323366,1.0707955444139763,0.07759212050764247,0.22310681446648367,0.003939573289650818,0.08497450704940865,0.4278171081723786,26.549992894993938,27.0,2
9270,5.270402895934253,1.0,128.83483368628717,1.2801294904916005,0.8708906902532544,0.057719692978303636,0.10918885741547443,0.0,0.090631273449164,0.5835660242459407,27.02923384173388,5.0,1
6254,0.872923795046736,1.0,95.61316390843858,1.2559580752183774,1.5900409064989947,0.04976507577742113,0.005100782391414752,0.0478696886378571,0.1329476683409684,0.6275089041868975,26.50236569995114,35.0,2
73181,1.5954046671017168,1.0,60.045790566023584,1.0853850452792237,0.05428361448533946,0.08226457702046334,0.37483015478170034,0.14894416997466625,0.07434469244013149,0.7031718835524514,17.5070040002589,47.0,3
76723,0.0,1.0,171.0080344935718,0.8849480810453934,0.8809746737279629,0.03880600336970576,0.20577278583815367,0.0,0.08571582562284803,0.3398322134003418,24.71404171153969,40.0,2
42189,5.701060861471607,0.0,131.28467886935172,1.6809968297595563,1.020776755417497,0.1132994499859932,0.1014632060448643,0.0,0.06391444984743964,0.7462184204087837,28.80372745659574,32.0,2
129480,4.824000686513771,0.0,136.3752359098381,1.1849505506472449,0.9156208630438081,0.09334166241755217,0.29382210221966804,0.0,0.06995325756968657,0.42963382439383313,21.75293198539211,34.0,2
106128,5.270402895934253,0.0,121.7803969543856,1.443486624022477,1.4280529796370869,0.11416788059761676,0.11125707260979383,0.0,0.10807879371529658,0.35829179556682933,26.038349283549383,15.0,1
1212,4.359420279727952,1.0,119.60990734009467,1.0965276954317247,1.3270588689493945,0.05170941569813888,0.060842390389807495,0.0,0.09600744425199255,0.4910249444225651,30.439714591277106,27.0,2
63704,0.0,0.0,77.53479957363122,0.7713755595229619,0.5903701182783821,0.037700358280523115,0.023538212772659724,0.0,0.12589889796513168,0.15208393623644478,24.592582462621454,26.0,2
137663,4.824000686513771,1.0,119.24250935647161,0.9050560474853104,0.34219145661353245,0.03134499269087866,0.3624966246510178,0.0009961907158109078,0.07479010183432175,0.26527491248338686,27.18069244579672,59.0,3
146356,0.0,1.0,146.26321232822733,1.2619772416422685,1.2271707574696977,0.029178943760520885,0.049079250964874775,0.12311438068917709,0.07523239892816581,0.6693762543425813,25.74718264302308,37.0,2
4377,0.0,1.0,175.28986219339268,0.4129996505815559,1.5926792334280553,0.058717534870942424,0.15921216697781893,0.002965912600349943,0.14537609259112907,0.39317524704291157,22.134772213978938,59.0,3
77783,5.270402895934253,0.0,104.77039462038383,1.0743027900555246,1.3636064357556406,0.03932053869617266,0.0013472810398959774,0.0022307845848083103,0.12973537823509393,0.23984141670888795,26.244218735798555,34.0,2
95709,3.3619271977508447,0.0,104.09939210497343,0.8749797475547563,1.730043125748694,0.10127534682474977,0.008159138094618098,0.00498283780848038,0.07066635954166857,0.2596351508210209,25.9558252360101,23.0,2
143067,1.5954046671017168,1.0,82.4679833382805,1.0197912380668752,1.4305595995732223,0.05728648091811103,0.0019940376062208094,0.12353430773619678,0.09917475099732172,0.41872379767106116,26.642968854211905,4.0,1
119623,1.5954046671017168,1.0,90.25535982360289,1.258965687733321,0.3334994777967263,0.04071676728200563,0.17342500988932696,0.14784812917141846,0.08716837634649345,0.3803519932120896,25.882916862870317,4.0,1
70540,0.872923795046736,1.0,70.60776079679603,0.6567157965186239,1.1286011489630472,0.10530426513964988,0.029620722255763815,0.0,0.14190038371582642,0.23038562363391338,32.0799973678571,29.0,2
3400,0.0,0.0,115.68767041742429,0.47132650642981194,0.9300494478737024,0.032756846992377936,0.286415091197947,0.0009961907158109078,0.06874779249788905,0.18471915968581262,22.630846828426346,1.0,1
154525,0.0,0.0,147.38282174870795,0.9330796361672831,0.7958178421299469,0.026198033914667747,0.35936182252310406,0.14327763949295524,0.06727271957900667,0.372090967206333,28.973263386758248,59.0,3
38861,1.5954046671017168,1.0,119.9210487454921,0.6267561796552508,1.1716969445284566,0.05117544300866493,0.0009985074216367666,0.002965912600349943,0.09259922813974525,0.51341580185349,28.236896191696992,44.0,3
107131,0.0,1.0,94.8225638596579,0.8259875510638431,0.09270811139521914,0.025893961398768567,0.359209927422876,0.1482817668352984,0.04958079604023858,0.0775333936455089,19.362586714773585,9.0,1
6814,6.117892928831929,1.0,123.25479325151441,0.7737119535467464,0.20916362909390335,0.029178943760520885,0.34017060173897096,0.001984806558653298,0.07989911657905567,0.5490477660515011,27.08156198247257,51.0,3
5028,0.0,0.0,134.2098650346551,0.7276338680333096,0.7086058516452183,0.05581785744347516,0.221024451677974,0.0009961907158109078,0.07824336696718033,0.15304730520534188,27.153173720865805,58.0,3
21316,0.0,1.0,88.77714565276443,0.9511404885049599,1.6836409726368637,0.09352603656759394,0.08832052273494422,0.0,0.10581030322960991,0.2840248434483561,28.307258290522906,4.0,1
46212,5.270402895934253,1.0,162.68071354259843,0.2513820855061488,0.25533570836526154,0.0769637268850384,0.36041835637235076,0.14840837001970544,0.09510266620308695,0.16170797203546602,24.564934070459632,26.0,2
59508,6.117892928831929,1.0,76.25787697866164,1.440241690388494,0.3248693292889913,0.10076992777346946,0.36322782224080397,0.04188146966507628,0.08422295110813957,0.5835660242459407,24.89285955653763,14.0,1
57258,4.359420279727952,1.0,120.70094539225538,0.8749797475547563,1.3125689770901088,0.0711798012622476,0.004962882796202298,0.033036169012816585,0.10650624542551308,0.5232380909858012,27.585313260944016,16.0,1
21922,3.873488880460096,1.0,125.2539079042847,0.8576718908979484,1.5768808873604883,0.050636785623080244,0.0019940376062208094,0.03816745169302313,0.07298954199416931,0.4892295852117562,24.50720748552112,61.0,4
44966,2.81870192439919,0.0,129.06194972673347,0.6917471891808397,1.7548589521511095,0.06776810307407538,0.004962882796202298,0.0,0.08150955334797905,0.30363192158696917,29.60093735936581,61.0,4
104970,0.0,1.0,101.69637684378047,0.5308073037484302,0.26481583262082403,0.032756846992377936,0.36011768658612775,0.12527070615428185,0.09889625578485943,0.0929019844258551,22.535962510936212,36.0,2
95747,1.5954046671017168,1.0,53.66467851273132,0.5809646880805877,1.7493293362478723,0.047871617065426426,0.06248535294461734,0.12325518410491887,0.12476668575403163,0.43961424622178924,24.33081486304315,5.0,1
18726,0.0,1.0,64.22408805905161,0.3678475848529395,0.5955704093858848,0.02770197444137078,0.2687902042323191,0.1485905385235853,0.10237756976806238,0.3426056156966485,23.19029765733189,15.0,1
94296,2.234779091684268,0.0,105.11346065962239,1.5461302380608775,0.6025297380460697,0.08086954562732294,0.13233770064580988,5.949864755569108e-06,0.08030591854684666,0.5348231690526993,25.29604046517028,17.0,1
35770,4.359420279727952,0.0,98.85546769112375,1.0770677015296135,1.481128021569572,0.10064118982096132,0.2655899324840549,0.0,0.06228153846057389,0.6266333978237972,27.991015584542787,31.0,2
21924,0.872923795046736,1.0,111.39593372512562,1.6563128757565557,0.5973074966131857,0.11403242906984741,0.029803226206433615,0.0,0.12293774418845033,0.3821859095722139,29.923896932513486,8.0,1
147602,4.824000686513771,1.0,140.3323887945975,0.6099237123615296,1.5299401608787968,0.040085503505564654,0.02223288089874668,0.009628717289747853,0.12707004766187593,0.3922603925171521,25.23017103375585,18.0,1
33030,2.81870192439919,1.0,76.6602977581221,0.9126556457501946,0.9115158496685433,0.11297815609525026,0.2737772756346401,0.0,0.11566792219410234,0.39774701348203345,27.115499387765492,75.0,4
32036,3.873488880460096,0.0,106.62417177623534,1.5293044363985917,1.6112066071270141,0.038157654766122096,0.1832598522183656,1.0199960254306293e-06,0.06228153846057389,0.677192634794403,22.310250115176977,69.0,4
9038,4.824000686513771,1.0,80.56575245318389,2.105278016812088,0.14912856914224387,0.0977007986551314,0.34879317068115623,0.002260270455005086,0.11020651288205074,0.5017843279773949,23.904549182063963,6.0,1
69653,5.701060861471607,0.0,109.95152267604418,1.486045460471644,0.9887170107264152,0.09596252188748704,0.15175752601352488,0.0,0.12405459357167793,0.5241301357294121,23.45946615344156,44.0,3
91049,4.359420279727952,1.0,88.28718116902613,0.3695477264804424,0.37161319540870286,0.037503497957860635,0.3613146724313329,0.14888769707363225,0.07824336696718033,0.18089235141197046,21.99805640219501,3.0,1
100199,4.359420279727952,1.0,114.09703344963572,1.9357467418808714,1.6191785944337034,0.10115040624203152,0.012655488324436899,0.0019454065441986944,0.08268848505094586,0.686731754906846,25.974164431817425,39.0,2
20918,0.0,1.0,90.0960074478413,1.9127577036644625,0.6993657939488159,0.06737279893323408,0.13672143769829853,0.0,0.07066635954166857,0.5773863402581226,28.553532352872526,29.0,2
1709,0.0,1.0,70.22260739273861,0.5171158889397719,1.6755162905062593,0.07501499474701619,0.004962882796202298,0.0,0.10673525114395638,0.3398322134003418,24.052186794798228,53.0,3
124243,2.81870192439919,0.0,116.79925518722224,1.6248846462339144,1.393177598252768,0.04843439090520536,0.14284992485469716,0.0,0.09029545927515505,0.553485336862008,24.888451385114433,36.0,2
121207,1.5954046671017168,1.0,109.53833655513162,2.0571171201967116,0.5714429205166435,0.11611811209378554,0.04267053998102646,4.16933577844887e-05,0.04665787747085241,0.6134845293745955,29.797828141014993,17.0,1
115778,0.872923795046736,1.0,117.68947929535864,1.2923101708008011,0.9508267515704789,0.10731328807663247,0.1153448023958126,0.0,0.13646504172415788,0.1770622063486073,31.003838802206168,7.0,1
92304,5.270402895934253,0.0,128.562218732527,0.6015852734389804,0.8074882515588501,0.04843439090520536,0.1997904096162951,0.12475046480955254,0.1420368241144519,0.329649459445562,24.977339191413893,54.0,3
147041,5.701060861471607,1.0,117.19844077300627,0.7574292631964193,0.903329043187519,0.024898070612616233,0.0596868281862714,0.0010358803519226669,0.08030591854684666,0.7169807027788505,22.460599337921078,11.0,1
25022,0.0,1.0,128.32992588029813,1.9511627062983132,0.8231553808396798,0.030197061090221734,0.06026517617464132,0.14408424779759432,0.09323773806836998,0.667637849918361,25.97014930177818,25.0,2
14959,3.873488880460096,1.0,110.2561052220962,1.4208581649724286,0.8749185103672998,0.11389340562746535,0.17289483365382932,0.0,0.13208253970582007,0.37117222363207886,22.18542928755219,40.0,2
143512,2.81870192439919,0.0,34.388350426116446,1.3762010353347607,0.8668705620052803,0.04557037994341877,0.314807612848614,0.14623519257496795,0.1046199903677044,0.4004880737342039,28.57974770891075,9.0,1
22146,0.0,1.0,142.57363882246273,0.47695336949724787,0.15520688079758452,0.02770197444137078,0.35580609640493494,0.0,0.09259922813974525,0.2407859170145463,23.169482923074863,41.0,3
56282,0.872923795046736,1.0,74.38861944155549,1.2260981136938247,0.9135673883268748,0.08086954562732294,0.2044080949271225,0.0,0.12037265058829381,0.3849355163638353,26.366685179518363,57.0,3
59802,0.0,1.0,158.76856293017738,0.9459621033695175,0.9259172992484815,0.02770197444137078,0.13857634901143603,0.0,0.07389614600927014,0.4784445662216481,23.42489374770948,62.0,4
107735,1.5954046671017168,0.0,89.29332133549111,0.8503073162091651,0.8349858419672646,0.1173183358364601,0.24159944956993276,0.0,0.09510266620308695,0.2952388627866774,22.986667687837922,4.0,1
113008,0.0,1.0,159.20446770161547,2.081114692943841,1.4431238001219762,0.09815004583580092,0.16257276229220186,2.99996561792565e-06,0.11296729991626979,0.6988499935977971,29.79088132601342,54.0,3
144649,0.0,1.0,76.19259110624802,0.38325336735090565,1.5351222119478976,0.08412484604572,0.21849470962927253,0.13860887459070986,0.11461791565793807,0.07625825463492976,30.993994373063018,25.0,2
24258,0.0,1.0,113.83504508874799,1.1966292274711101,1.7081300168957543,0.037503497957860635,0.22760737007515214,0.0,0.05186136939192016,0.8760844031087931,31.93693774405091,63.0,4
95921,5.701060861471607,0.0,68.61270190946279,0.897488732723847,0.8369642726908375,0.08226457702046334,0.10918885741547443,0.018555850659359212,0.07907699494507488,0.3203737089709441,30.459526294361027,20.0,1
3688,0.872923795046736,1.0,123.25479325151441,1.2290664655179893,1.4055865716025768,0.10127534682474977,0.2875370978366841,0.0,0.06727271957900667,0.6099729853020663,23.144893734659536,61.0,4
10919,3.873488880460096,1.0,173.9464699232316,1.274062926972884,1.5015885652972079,0.05431056943270107,0.2892037810752459,0.0,0.09510266620308695,0.7539340114733682,25.517344226250845,28.0,2
49238,0.872923795046736,1.0,118.52255164393405,1.9744220162276542,0.35094541577501637,0.08800276332840526,0.006927442155667886,0.0,0.06985760413807163,0.17897769686555445,19.529895943303206,8.0,1
156824,4.359420279727952,1.0,91.77781568023269,0.43270279790335536,0.9445731428547706,0.04379041442699696,0.008880373055813805,0.14789742489322466,0.0652563208801996,0.04375456099840894,22.95074371823385,8.0,1
143279,5.270402895934253,0.0,103.08391001593934,1.5461302380608775,0.5375933159347819,0.10639383282620979,0.18376520063227575,0.0,0.09660065570186806,0.5062609762137036,20.571027370902712,26.0,2
159962,0.872923795046736,1.0,103.73502362600657,1.5562760176399235,1.4180472143719791,0.10558557925566092,0.1902268730920707,0.0,0.05300873647830464,0.5303703138952661,21.70870021491742,3.0,1
111369,3.873488880460096,0.0,109.83275443832225,1.3888789288233903,1.0057605767148683,0.06408679225719048,0.17917339349527653,0.0,0.08961697180144913,0.4604200635633939,27.19937359178725,30.0,2
150239,0.0,0.0,110.64827167745331,1.2172165115891747,0.7234872037486205,0.08954958276534362,0.05451435188217217,0.0,0.06033908000131138,0.6893306308342276,29.540420238059312,12.0,1
9288,0.872923795046736,1.0,66.65372888628126,1.6248846462339144,0.7631224941741739,0.10999102442631178,0.11736465633327059,0.0,0.0807099107755365,0.40779027040891674,24.795895374546024,49.0,3
92363,5.701060861471607,1.0,142.2402632720008,0.6895327855205698,1.1376138905461024,0.04438898378389238,0.1955420346167789,0.014176275640349664,0.12757809509702486,0.41143740592545724,26.177581643011113,41.0,3
151080,4.824000686513771,0.0,132.56244258093648,1.8410205856641353,0.5990464133621874,0.11403242906984741,0.3179583999527761,0.0,0.07567160824092482,0.35460545987661984,26.4982731161659,14.0,1
92340,4.359420279727952,1.0,188.48716748183784,0.08481571810196918,0.3263033999796817,0.06776810307407538,0.1680649782500538,0.14785807081408228,0.09570786137811908,0.04177618440531738,27.534410881758884,4.0,1
61259,5.701060861471607,0.0,107.41723502822546,1.489348138354589,0.8992472401295339,0.07226092540897922,0.16478578751621065,0.0007607808411348866,0.05834559901846051,0.16266919995123785,22.739816893436966,1.0,1
93636,0.0,1.0,87.59417775081138,0.894973455755926,1.4031006457171435,0.04730387785758131,0.00974571266625737,0.0,0.08571582562284803,0.5729680510664715,19.373998740484613,13.0,1
58802,3.873488880460096,0.0,90.41467207409923,1.4016217618309161,0.5697331973345253,0.080004802065222,0.2197638288032268,0.013818747568863187,0.07344443758622808,0.3490707404716398,27.892836364357414,1.0,1
16076,4.824000686513771,1.0,39.810015711807544,1.357305564867754,0.6574613049083465,0.052920018748598495,0.1014632060448643,0.14733027444604824,0.11200919934125854,0.39591880754975406,34.43035182695173,21.0,2
70367,4.824000686513771,1.0,159.05265515464944,1.9319040049871248,1.044568472103753,0.04263844285355163,0.0034025981497238515,0.003580182534925256,0.09195206939260495,0.43235768782226963,24.609522334091434,1.0,1
37525,1.5954046671017168,1.0,105.30571555474349,1.104924423867234,1.3464934343650294,0.08307477277729898,0.0009307033935094982,0.14483712986937414,0.07479010183432175,0.2971052741693927,32.17177440779698,30.0,2
109831,0.0,1.0,102.64081710668945,1.9127577036644625,0.5800188445912715,0.07366089915094279,0.2606647456595814,0.0009961907158109078,0.07113757653068406,0.24739195922341117,25.63959468986575,34.0,2
143902,4.824000686513771,1.0,104.17744733926843,1.1303197887629002,1.1671264680853237,0.07911856488323085,0.3129707791704974,0.0,0.12644056977927082,0.8659957141519902,30.70840157224428,49.0,3
78787,0.0,1.0,141.69268720854572,1.5461302380608775,0.9074185780413175,0.03373015066982788,0.3190644659471356,0.000151911775322081,0.0878799146864748,0.6449908092028069,21.71232556839346,8.0,1
47281,0.872923795046736,1.0,90.64825764731087,1.2923101708008011,0.7938794242950211,0.02717869094408675,0.07128021797356414,0.0,0.055605625918142235,0.33335476170646205,24.320881082593054,52.0,3
81381,5.270402895934253,0.0,99.5628481253673,1.4959659338530724,1.5559343178098457,0.09370898039945591,0.16860685887279303,4.689159805130355e-05,0.12973537823509393,0.6510968640924567,27.03639723618048,43.0,3
42673,3.3619271977508447,0.0,106.79011074980468,1.8899300099487994,0.5817394956459299,0.02997997452818506,0.06411915306100532,0.09927414735503141,0.06323409511285039,0.6362565578510048,22.170687167914625,52.0,3
108524,5.270402895934253,0.0,113.93265866487114,1.0965276954317247,1.0036232661278224,0.1092211821840213,0.16752177592828701,0.0,0.06627170617944157,0.5897388344096739,27.335197811441954,18.0,1
46297,6.117892928831929,0.0,88.91022147328397,1.962772026906056,1.1511930062111049,0.056507959226749484,0.009502870011581769,0.07573354737493142,0.13075335469188817,0.6615493185898008,26.637049214001017,30.0,2
29763,3.873488880460096,1.0,101.59194209707798,1.1588997572047788,0.5817394956459299,0.02770197444137078,0.08981251686689971,0.14844628185416234,0.07019179955184995,0.531261178626178,25.205730167649833,5.0,1
12800,1.5954046671017168,1.0,156.5569996546195,1.4597729435754092,1.6728123173826326,0.040085503505564654,0.02129722678586382,0.14714191966744974,0.10807879371529658,0.2727839400024509,27.245390520566804,33.0,2
101205,3.873488880460096,1.0,165.805597966654,1.1189948897666122,1.1376138905461024,0.04730387785758131,0.18426934876289744,0.10717863528729593,0.07113757653068406,0.4847385124396228,27.228545399077845,10.0,1
71749,2.234779091684268,0.0,123.3157481889769,1.3698863849283012,1.32222071931342,0.03543807420676252,0.18973683608982944,1.5699058386571558e-05,0.09747580878089683,0.7838460522181683,20.803654685368926,22.0,2
114489,3.873488880460096,0.0,102.39047922080995,0.7140754272172378,0.524256092697968,0.05090670273808929,0.34862413654409774,0.0,0.09600744425199255,0.5250220325545847,21.498793832445358,19.0,1
153997,1.5954046671017168,1.0,165.96137589448335,0.6120164099140819,1.5900409064989947,0.07154319726812285,0.009852506517610308,0.0,0.10437726552568219,0.4278171081723786,32.42924704854869,27.0,2
57163,1.5954046671017168,1.0,114.38974219432252,1.2801294904916005,0.30356347791601046,0.032054095044992494,0.28975503342092523,0.1480023296960682,0.07782218133052284,0.6029433102477434,25.74610558216422,38.0,2
2813,4.359420279727952,1.0,98.06339192033818,0.7996398684795895,0.7123149584016482,0.03684347528477961,0.13233770064580988,0.0009961907158109078,0.13511032793040229,0.6371305844385486,21.847533208354424,69.0,4
142497,4.359420279727952,1.0,135.09766632502743,0.8163577776207587,1.691784810850091,0.07261531317345733,0.018473777957743368,0.02359941253875624,0.08644706391858864,0.3407568569568942,27.7001225863236,28.0,2
18993,3.3619271977508447,0.0,117.59231788925922,1.274062926972884,1.139872073704656,0.11011320908121598,0.15465320359065973,0.0,0.09747580878089683,0.3536834419639886,24.716810032891445,35.0,2
23204,0.872923795046736,0.0,193.7914670155327,0.45461028195060604,0.1912635312528145,0.03414355059055638,0.356590267128926,0.14318458314541363,0.0626534392312979,0.07527710803127369,26.739661211194566,34.0,2
129198,4.359420279727952,1.0,102.68774574418786,1.2680121847925503,1.1331035227505035,0.051762557047895924,0.0715979287859438,0.0,0.0944893301378407,0.4359872512326654,22.2673588936206,7.0,1
40676,0.872923795046736,1.0,125.81121858347744,1.6248846462339144,0.973906712521262,0.1059512892555724,0.023165805092240477,0.0,0.12511337403336176,0.49461383429655437,25.95060297954249,30.0,2
50539,3.3619271977508447,0.0,97.28616525334967,0.9075856561859189,1.6138618224161947,0.02829596852094633,0.057362038874988315,0.14847606628565815,0.06260042484656009,0.2180635239145109,29.183925377809977,33.0,2
52541,2.81870192439919,1.0,130.66527968465883,1.1937037408317457,0.5409456729449718,0.025435779189136993,0.3287896266763531,0.0,0.09747580878089683,0.5650062005971751,25.20477405315558,64.0,4
19001,0.0,1.0,109.84824698853849,0.5268798488130423,0.7919429048882065,0.025435779189136993,0.24085046066065832,0.14327763949295524,0.08384328428839721,0.12405157644659484,22.560113590811245,1.0,1
99908,3.3619271977508447,0.0,143.35439540418136,1.1588997572047788,1.5299401608787968,0.04379041442699696,0.12069608348726522,0.0,0.12429477370514681,0.6327591102779849,23.45172262895313,47.0,3
81592,4.824000686513771,1.0,123.54936885744138,0.9101188546911463,0.9012871754952682,0.032054095044992494,0.08981251686689971,0.13645473600706737,0.08927426336727629,0.25493008433871256,28.82143482220095,50.0,3
132072,5.701060861471607,0.0,90.23942639315139,0.7972654942346424,1.1923635900503382,0.11200102058496486,0.3028698528357083,9.966203716610577e-05,0.09833371298734968,0.4378010692265794,23.222506753204836,25.0,2
27493,4.359420279727952,0.0,100.6879392132212,1.3857033743699478,0.6792018079786396,0.037174223482640885,0.13547693088861773,1.619899745745951e-05,0.0807099107755365,0.28496036755879967,30.757915321980317,1.0,1
124229,4.824000686513771,1.0,100.61996163333761,1.489348138354589,1.3343314548273377,0.1090184426822874,0.1523395503043589,0.0,0.11797137715506432,0.6275089041868975,29.06397598444629,37.0,2
128924,5.701060861471607,1.0,147.1897020944498,0.11376230470665086,0.04324013922451314,0.039128017443527216,0.3731517753340202,0.14790716125883133,0.06349651996342705,0.040390737410310344,32.26233323841998,39.0,2
79859,3.3619271977508447,0.0,101.67026959399703,1.351039350458107,1.2271707574696977,0.03677714815628141,0.12463698198191898,0.14457335027604312,0.07697095147323091,0.1942716743024051,27.797232348035784,28.0,2
29032,2.81870192439919,0.0,178.46369056192847,0.7783950615769446,1.6755162905062593,0.03684347528477961,0.0,0.008698409363821236,0.055431191649043365,0.5932630825882477,27.715491347290158,35.0,2
139326,3.3619271977508447,1.0,171.10981409413395,1.0577922600757719,1.0685990710633249,0.02287065491772914,0.06928653062543827,0.0,0.07739805058592603,0.2840248434483561,24.484787566147883,32.0,2
4163,2.234779091684268,1.0,153.6471887924171,0.6352505547361027,0.653863841431761,0.024666575841302687,0.1658841956233759,0.14711587173397261,0.08150955334797905,0.23606145763498151,20.45491684524023,67.0,4
139312,0.872923795046736,0.0,153.98182302159506,1.4240785193695762,0.8528606142967284,0.03590947778731781,0.02742239461553638,0.0,0.09510266620308695,0.37025330913284016,25.298356731683135,54.0,3
104749,2.234779091684268,0.0,123.56968070853702,1.104924423867234,1.079601259342487,0.032756846992377936,0.21376733495324746,0.05269313228777601,0.07253143383276514,0.3867677441611076,25.60906921182658,67.0,4
81656,6.117892928831929,0.0,85.62817461509304,1.3447892366328362,1.5067245784156227,0.080004802065222,0.03035010374323756,1.499991404438089e-06,0.07523239892816581,0.2671533079347595,29.789784359093357,26.0,2
108990,4.359420279727952,1.0,125.92770246689767,1.9666508341413012,0.5443052610488156,0.07366089915094279,0.3190644659471356,0.0,0.0875253578926078,0.2802808782739762,25.0694405586273,5.0,1
129780,4.359420279727952,1.0,69.60573600041593,1.6388100440527043,0.7030562129490128,0.08800276332840526,0.015625372543004,5.228955205273548e-05,0.05962517592933622,0.5641208390442669,28.320635041597182,20.0,1
101799,4.824000686513771,1.0,98.98651846529215,1.443486624022477,1.0402249611304715,0.06106709170048389,0.19601848270027006,0.0,0.08927426336727629,0.7324773129381172,23.18827455547148,28.0,2
139759,3.3619271977508447,1.0,41.10725882600311,1.456507450130662,0.729098628509576,0.05223874875548161,0.03234721238490471,0.14210230681572966,0.12441380069370117,0.4350801015157789,25.609339457084037,27.0,2
4681,5.270402895934253,1.0,136.17995434065017,0.9615409198141054,0.8769353064372962,0.02770197444137078,0.10359265120566807,0.03745043260059521,0.07207008747600625,0.35460545987661984,23.595556817765402,9.0,1
66699,4.824000686513771,1.0,95.44984996962691,1.698757269387999,1.2719135502914645,0.10941971488836727,0.29932277078008496,0.0,0.11651353817190897,0.7316174461161188,27.91654317922924,12.0,1
34868,0.0,1.0,119.73743829911422,1.0010637611083457,0.5663192073340175,0.026349657147987843,0.02834022604943267,0.0,0.04895374704181113,0.17131070112413319,19.681098280955517,69.0,4
6307,4.359420279727952,0.0,93.04818608584819,0.36445598128801504,0.7612162633794276,0.032054095044992494,0.26494198701602334,0.14860433983858176,0.08150955334797905,0.13664057928942153,23.682571183004153,48.0,3
80556,3.3619271977508447,1.0,81.54729565529632,0.8067838170617007,1.2814265310363273,0.10089770454746333,0.1014632060448643,0.0009961907158109078,0.1274776608148665,0.7040358811081453,20.54015971596719,44.0,3
1426,0.872923795046736,1.0,143.14559042459837,0.9746235506992239,1.4939002107471904,0.11195308647654822,0.11194284909103239,0.0,0.12929029597956693,0.3370572240184057,24.817158405403493,62.0,4
112293,0.0,1.0,128.5975623741753,0.8824506569237538,0.1712004727243582,0.03134499269087866,0.355015585552839,0.06457782994261635,0.09195206939260495,0.19904021217904416,22.03262530390956,1.0,1
15385,0.0,0.0,90.04288105692363,0.8405372437315713,0.5990464133621874,0.025205750969036836,0.3526053216051421,0.09502637586531855,0.07824336696718033,0.15593612213162947,29.172551490297632,13.0,1
3806,0.0,1.0,126.70218183573154,1.1995585970342593,0.7669406212233013,0.05202756942412839,0.10074959601613999,0.0,0.06339166281937757,0.4865354007105218,23.18726295991329,55.0,3
17094,1.5954046671017168,1.0,132.3009972758573,1.1646618235594426,0.4387923199218749,0.02770197444137078,0.3450089936356306,0.0,0.07113757653068406,0.5330424673029763,21.35325298901462,46.0,3
68539,0.0,1.0,126.00366190644279,1.50925136242719,0.5817394956459299,0.11272574519214026,0.08606729572137231,0.0,0.11041192561352685,0.32223029241841084,23.069425153189464,14.0,1
83593,3.3619271977508447,0.0,112.02444552427687,0.5308073037484302,1.738295804622485,0.07226092540897922,0.06001745175361135,0.00010995378948621224,0.10107366171887236,0.22659778538501857,30.36110108255017,15.0,1
8998,2.81870192439919,0.0,104.56759833124238,1.5427567021324977,0.668298156335253,0.11035256799638082,0.1028847268953419,0.0009961907158109078,0.06677399494927812,0.2943053803806194,28.160208044566907,26.0,2
56525,2.81870192439919,0.0,107.53638120607293,1.3667351240154904,1.5611583427172575,0.03219515144426198,0.011981103784704574,0.10288698952167864,0.06918422264604328,0.551710741535826,26.636786098108477,15.0,1
5260,0.0,1.0,128.03189687290995,0.9126556457501946,1.0078998505255499,0.03482762600454365,0.045631865334373974,0.0,0.1192013035939258,0.3064263084600735,23.43981718009716,24.0,2
147697,0.0,1.0,179.71073659678726,1.7023222984191564,0.6773798878749421,0.06450986144918483,0.3075369769343362,0.043719125023246166,0.06677399494927812,0.4865354007105218,23.67003162477652,34.0,2
39718,4.359420279727952,1.0,118.63492658426864,1.104924423867234,0.6413309722210081,0.03651124605851635,0.05036195414614965,0.0,0.07298954199416931,0.4550005252381872,22.329377443043686,20.0,1
64142,6.117892928831929,1.0,111.11242249724464,1.3261352750235784,0.556120840764112,0.11403242906984741,0.32486877333512926,3.4899534694157654e-06,0.12488293093845737,0.5437179067418695,27.93437796288127,6.0,1
135778,4.359420279727952,1.0,193.85335345585912,0.5995087379969654,0.2432677692739327,0.032054095044992494,0.3443059588382177,0.14593551265220295,0.12556619701215935,0.19617970441626129,24.50609378000959,22.0,2
44531,0.0,1.0,96.76576873951235,1.2083700310814445,0.973906712521262,0.025282496644454047,0.11194284909103239,0.0,0.07654086052747315,0.7169807027788505,21.71368497122371,45.0,3
1292,0.872923795046736,0.0,73.75494365162164,0.870016916351664,1.4836782886015223,0.03880600336970576,0.005946621798604477,0.14199182456460208,0.08384328428839721,0.8042729352165859,27.515885016064534,28.0,2
90057,0.872923795046736,1.0,123.346224040415,0.9177400165281233,1.7410509764195912,0.05728648091811103,0.0,0.0,0.09355379050258464,0.4504799087144882,26.93860292566951,53.0,3
18427,6.117892928831929,0.0,84.12798753919834,0.8284037357211327,1.5559343178098457,0.09800143618007766,0.1597757214669062,0.0,0.12757809509702486,0.684131723091564,27.597643590028333,4.0,1
22663,4.359420279727952,0.0,83.86506423827662,1.4926549618789116,0.6574613049083465,0.09258961304742667,0.012751715278126845,0.14832221679716667,0.09776367429658296,0.3110799737441455,33.53245649223019,27.0,2
14991,0.0,1.0,112.95598253200761,1.2201731395132756,1.4557398888377278,0.03730610971165305,0.013424509655619364,0.0006563490943165078,0.07113757653068406,0.6901966663783777,29.425031197643502,59.0,3
124888,3.873488880460096,1.0,93.8937246032617,1.5059237685634277,1.262433119818314,0.04040183679378418,0.13795961794494901,0.0,0.12268131026148278,0.3757642353460366,22.61321422531328,38.0,2
71816,0.0,0.0,104.59880141598794,0.5850631189120629,1.329481015462743,0.05009339799691467,0.0949714230421777,0.0009961907158109078,0.12767794942651947,0.35737047171995895,29.922074208512576,7.0,1
143062,0.0,1.0,114.07135212328872,1.3762010353347607,1.2131933798627534,0.1090184426822874,0.11601985112802114,0.0,0.12242178962049771,0.30176808255591336,28.293119673988627,9.0,1
89387,5.270402895934253,1.0,94.57992489892263,1.3698863849283012,0.9383370423726153,0.11170849943950471,0.20757782895809845,0.0,0.08892922146119757,0.7505060789938793,32.71961933122681,7.0,1
64938,0.872923795046736,0.0,83.8006569609161,1.2559580752183774,0.8890765263984753,0.11537254932925099,0.21376733495324746,0.0,0.10212019116983716,0.4332653199494439,22.6725405333288,4.0,1
5196,0.872923795046736,0.0,103.2454408502176,1.7382106712178036,0.8890765263984753,0.032756846992377936,0.28299581488152875,0.0,0.0542585308030303,0.8263261932576995,28.099997901920776,64.0,4
150003,4.824000686513771,1.0,102.08265236880443,1.5159190404539722,1.2108708886987363,0.08954958276534362,0.1200332692849557,0.0,0.12476668575403163,0.3213020905324471,29.228526268716603,34.0,2
21706,3.3619271977508447,1.0,156.85638538481874,1.1502855016786524,0.6920073491138415,0.02672751500031876,0.1458565046907266,0.0,0.0912961293942096,0.4730437411412784,21.717913859293287,40.0,2
6979,3.873488880460096,1.0,127.88537163368305,0.9305140056689871,1.645889431984084,0.04438898378389238,0.016577632105374596,0.0009961907158109078,0.0682595902191365,0.6936595288584673,31.19472896182829,22.0,2
154834,4.359420279727952,0.0,39.810015711807544,1.837289396713911,0.09851535901360106,0.059419306162587095,0.13795961794494901,0.14538864290523457,0.07434469244013149,0.06259910726629271,27.93628837180324,21.0,2
41946,0.0,0.0,129.3848606866601,0.4129996505815559,0.9802422468499067,0.039448600807730404,0.0,0.14833816802967426,0.12215914027194473,0.2896351940766277,32.53285281813722,12.0,1
97126,0.0,0.0,96.06075621248785,1.4048176378816764,0.6719252777395165,0.11241821689671337,0.3321887035460598,0.0,0.07523239892816581,0.7100803242379972,31.408100443273447,24.0,2
43331,6.117892928831929,0.0,148.11040881390608,0.870016916351664,1.4031006457171435,0.03880600336970576,0.09350737751597628,0.12089889537674375,0.06971386977315287,0.6884644671359176,27.55961299914015,53.0,3
51478,0.0,1.0,77.83864447592131,0.2469107435942193,0.38057483496004635,0.03880600336970576,0.23357115209643636,0.14854135749879283,0.10080771222471868,0.053631815712302196,19.921266460343837,19.0,1
77921,0.872923795046736,0.0,132.78863372692678,1.3014873780326923,1.3101611541437503,0.03880600336970576,0.23934276540465588,0.0,0.0642263303982092,0.5923822294541841,28.35292338189755,17.0,1
30946,0.872923795046736,1.0,82.3173281272353,1.7309982986371468,0.8231553808396798,0.08226457702046334,0.03950348483126515,0.042361366366486,0.09259922813974525,0.3444536710269561,26.85731514109419,20.0,1
122572,0.0,0.0,180.68728300279028,1.2801294904916005,1.1106714973128837,0.04557037994341877,0.1098800831673712,0.0009961907158109078,0.07298954199416931,0.7991725622072491,24.654749218434024,17.0,1
34310,4.359420279727952,0.0,146.1392864011399,0.13639129550459467,0.08379379135792173,0.032756846992377936,0.30825889883223306,0.14846123398764682,0.07207008747600625,0.05264518254042318,27.42635215036523,50.0,3
124727,6.117892928831929,1.0,60.821751671162275,2.228602484264004,0.5903701182783821,0.11345384110696889,0.10780091166141967,0.0,0.07298954199416931,0.6650292642763783,23.342987641557105,2.0,1
20668,0.0,1.0,173.79173945103994,1.928065764092387,0.8809746737279629,0.05117544300866493,0.18527405936558464,0.03745043260059521,0.08384328428839721,0.8339418701621327,24.72414506935694,46.0,3
141424,3.3619271977508447,1.0,147.36796767907498,1.0577922600757719,1.5481140364786548,0.029907481693841425,0.0009985074216367666,0.14336935305258075,0.08111111514562246,0.3481476766638229,24.88335377749358,13.0,1
101908,6.117892928831929,0.0,100.97546420431752,1.5226033909488335,0.6701107889329828,0.10452341798063405,0.3360613599683937,0.0007379124759640635,0.07434469244013149,0.5178827095260955,22.747430165080154,29.0,2
832,4.359420279727952,0.0,147.26398318046483,0.9904435638128387,0.6182954332776928,0.06279572776316904,0.32959850987983824,0.07013582035545378,0.10437726552568219,0.43689424042349,25.401625128136406,50.0,3
28255,2.81870192439919,0.0,120.08932298787002,1.4467356640090427,0.5426245627788366,0.025588783791389107,0.2900298579758404,0.0,0.08823206529773955,0.5276968367130614,23.0447640642803,23.0,2
18723,6.117892928831929,0.0,134.34032911303618,1.9939292486457882,0.7384885474384946,0.08911637209763554,0.055018869509493924,0.14613203178735013,0.0652563208801996,0.3407568569568942,24.561320161977253,9.0,1
155660,6.117892928831929,1.0,115.99517328016863,1.6951965578252368,0.7726819849845797,0.06492934472932263,0.237821988557352,0.143246771000723,0.10437726552568219,0.4269085074607398,29.72013125719442,9.0,1
36996,5.701060861471607,0.0,40.078275778401625,1.684540299697343,0.3627140338773831,0.11746531806864074,0.3441294643385888,9.996180839293658e-05,0.07434469244013149,0.35829179556682933,28.465609700551013,12.0,1
77675,1.5954046671017168,0.0,101.67549112056123,1.6110273795933783,0.28679477094481415,0.09785169032817521,0.07452016071660737,0.1481291158678292,0.07389614600927014,0.43235768782226963,21.0544523579179,17.0,1
128404,1.5954046671017168,1.0,91.70893257268865,1.7309982986371468,1.1511930062111049,0.03796202019659711,0.005681300383452311,0.12955208532392126,0.1031396955853106,0.05885694373114087,28.561812662022486,39.0,2
91043,5.701060861471607,0.0,96.96556403439895,1.249954663221884,1.03805616547117,0.1116585814136889,0.0471017980565413,0.0,0.07654086052747315,0.6143620734538914,21.642920106704175,50.0,3
60683,5.270402895934253,0.0,109.15594092450185,1.705891647744118,0.5990464133621874,0.07434357648268704,0.06816401280319169,0.0,0.05884883476647055,0.49640736697300886,26.416727862980313,8.0,1
2936,0.872923795046736,1.0,109.25930995446681,1.3076254137645986,1.3101611541437503,0.05581785744347516,0.012751715278126845,0.0,0.13193265378338864,0.667637849918361,28.81569944770506,71.0,4
41314,0.0,0.0,104.17224391703228,1.3984299557000819,0.9259172992484815,0.03822275004970231,0.18020234098276874,4.479923326912556e-06,0.09747580878089683,0.21331526928243794,25.15967214218724,5.0,1
4956,4.359420279727952,1.0,104.0785759635872,1.068784255159413,1.0402249611304715,0.07226092540897922,0.04038650080234692,0.0804742532127414,0.10237756976806238,0.25775370012333004,28.76279746688764,31.0,2
106703,5.701060861471607,1.0,101.92085970292885,1.4467356640090427,0.4529526963721108,0.058717534870942424,0.13857634901143603,0.0,0.11812843327074328,0.388599298650405,22.402523096511405,55.0,3
61737,4.359420279727952,0.0,81.91359353210814,0.7299054380798758,0.3835759578380506,0.05170941569813888,0.34234814963523724,0.0,0.11461791565793807,0.553485336862008,24.38295719649587,37.0,2
39324,4.824000686513771,1.0,118.94643205289898,0.8601338152434236,1.393177598252768,0.09612667909729579,0.050788310921096536,0.0,0.13200780581487184,0.6073378881905973,23.244732232869143,21.0,2
37094,4.359420279727952,1.0,136.87077095242876,1.8039074821054202,0.7861447309043834,0.08911637209763554,0.2596612745405304,0.0002757092189976234,0.08608269509259017,0.47214306179705734,23.90582333065873,42.0,3
127345,3.873488880460096,0.0,149.59369506089908,0.39017613682175256,1.7603971408092527,0.06776810307407538,0.0,0.0,0.10413295990069908,0.3287226888922308,26.94225825453024,44.0,3
107763,0.0,1.0,65.24865778318363,1.2201731395132756,0.8055384298711078,0.06616661355998277,0.07135967865258865,0.0,0.11889944029238214,0.5374931232470989,25.85997015020941,34.0,2
44084,2.234779091684268,1.0,84.09043424548771,0.7208394540873487,1.0642120665634267,0.10337243046019386,0.18173656703380087,0.0,0.133626016934442,0.5116279940761842,16.91451247328578,51.0,3
123261,4.359420279727952,1.0,108.7526678150276,1.1445618616011808,0.9781284470444853,0.07501499474701619,0.17710064452048874,0.0,0.09029545927515505,0.44867055468068734,25.408961434390687,11.0,1
61466,3.3619271977508447,1.0,75.70269265209978,1.6739227970966106,0.8016444925314857,0.030629476337651843,0.2619930523580206,0.0,0.10413295990069908,0.8474580694755108,26.354363190689828,13.0,1
80647,5.270402895934253,1.0,133.40158585416864,1.2984243322312379,0.45137224364169387,0.039448600807730404,0.34465806356477197,0.0,0.10510074374136276,0.23795182913777405,23.620684808991772,41.0,3
64263,0.0,1.0,49.512843310600374,1.792859470542298,0.7479254660277699,0.11455380129896475,0.27499908171005494,0.1382213959481832,0.12578864764343925,0.7040358811081453,24.61604624430107,35.0,2
69203,0.872923795046736,0.0,116.09252486644338,0.9356488839762348,1.4684079384441668,0.04770181886559934,0.3337538310560312,0.00011794682476266192,0.1236889362795961,0.8710420542341463,30.081336496241384,5.0,1
131771,0.0,1.0,132.51719772060702,1.3635879022326585,1.5637735081033628,0.051443012112720524,0.020452795184544972,0.0,0.11797137715506432,0.3342806431153462,25.523709955866277,13.0,1
8447,6.117892928831929,0.0,167.39646890186043,2.029328621294194,1.1923635900503382,0.08307477277729898,0.2128951275573229,0.0,0.09162520541474937,0.708353971685764,23.62482348502846,38.0,2
11678,0.872923795046736,1.0,97.32820011714993,2.0571171201967116,1.0057605767148683,0.046095246648766026,0.04753277949200222,0.011102651710593039,0.06801418606516205,0.8000229170012528,27.665008766149725,56.0,3
9731,2.81870192439919,0.0,154.62619240560852,1.277094229670491,1.5979622149768788,0.0461533086282955,0.005946621798604477,0.13690638332063543,0.08608269509259017,0.12502128870570975,27.28682524141659,26.0,2
64185,0.0,1.0,109.81209721866247,0.366150337342963,0.4341039988334495,0.03414355059055638,0.23396181207368982,0.14775675667561491,0.0944893301378407,0.11822862398498821,25.678728457185834,52.0,3
56443,5.270402895934253,1.0,108.12665383859229,0.7073417138831405,0.895173163886735,0.040085503505564654,0.3096907577362992,0.12699896453563442,0.1236889362795961,0.7057634965086762,27.311018823187187,12.0,1
21810,5.701060861471607,0.0,121.44957913024977,0.787802634069226,1.6809306175645167,0.03925642207960421,0.041530645131214,0.1397871163588293,0.09540627374586548,0.12599077882340193,28.318868548170347,46.0,3
42922,5.270402895934253,1.0,117.52071792447174,1.1445618616011808,0.6077684628587345,0.03134499269087866,0.27711379178608764,0.0009961907158109078,0.08030591854684666,0.6073378881905973,22.154895369334227,37.0,2
117637,5.701060861471607,1.0,159.64999115849048,1.5293044363985917,0.8429110412156785,0.041962598355487504,0.2684731067739852,0.0,0.059955501299521215,0.8042729352165859,23.222218016273718,39.0,2
69259,5.701060861471607,1.0,112.45175139853583,0.5486362213143707,0.524256092697968,0.04257727432062326,0.3208135880075849,0.14789742489322466,0.0875253578926078,0.0899697358108271,23.640660104553618,10.0,1
106431,4.359420279727952,1.0,165.15304950335323,0.5995087379969654,1.2201729728079924,0.05969748831732865,0.02520868125708291,0.0,0.09570786137811908,0.3766821266125737,29.814885788910058,21.0,2
63519,2.234779091684268,0.0,92.28626305162716,1.1762322066763853,0.3820745262413231,0.09407062608946572,0.3018659450426701,0.0,0.07782218133052284,0.41143740592545724,26.512529290811962,10.0,1
27897,5.270402895934253,0.0,60.045790566023584,1.0224814030232345,0.030790218542360383,0.05343884909580955,0.3753400103877654,0.14875542823625373,0.08608269509259017,0.44142678332063784,20.05026928405783,18.0,1
28431,0.0,1.0,151.51389155966174,0.6653940706483308,1.5273522784822862,0.07468068007540363,0.04038650080234692,0.0,0.12229085868403589,0.3674955385332786,26.074539548245827,21.0,2
87265,0.0,1.0,131.22930251272243,1.3230403074748542,0.744145053523369,0.080004802065222,0.1014632060448643,8.407298656517906e-05,0.07389614600927014,0.1770622063486073,22.461189925278312,63.0,4
26067,3.3619271977508447,0.0,140.68634714672183,0.6162115293567928,0.4592922305015822,0.03880600336970576,0.36524496536941464,0.09308301972254798,0.14593696075865145,0.3426056156966485,23.00730321830638,28.0,2
46224,2.234779091684268,1.0,84.39079377914635,0.6610483277676394,1.5979622149768788,0.08731300249953422,0.09203541848258019,0.008698409363821236,0.10807879371529658,0.3940899342910126,28.514115666188363,42.0,3
75761,2.234779091684268,1.0,87.30074882638067,0.2513820855061488,0.08043440177287957,0.032756846992377936,0.3676359756782717,0.14857662675398156,0.0682595902191365,0.10266119714760535,23.989533494288537,20.0,1
104612,0.0,1.0,116.87603678521826,1.818699770638293,0.5159788866289045,0.10326311031119288,0.22269219649736002,0.002965912600349943,0.08858182813778119,0.6789281817495515,25.328046708181088,2.0,1
36555,0.872923795046736,1.0,152.71655249303942,1.2801294904916005,1.3709714197337277,0.040085503505564654,0.09424038591331747,0.012377812595437692,0.055431191649043365,0.6797957612726563,28.02940830056873,60.0,3
27152,3.873488880460096,1.0,70.37670469921119,1.2801294904916005,1.0358893422160114,0.030629476337651843,0.3381352494969032,0.036000550337622,0.11296729991626979,0.6038225012683465,25.33335572892773,40.0,2
13189,4.824000686513771,1.0,160.4035481716087,1.3952422166886544,0.9529151814138451,0.05276348676969412,0.19458579580402588,0.0009961907158109078,0.06776790858233991,0.6502249683384824,26.54920178224842,50.0,3
86587,1.5954046671017168,1.0,73.33935683086517,1.2953652640842788,0.7197556293230039,0.029616855379157963,0.13980511964077502,0.14725638951051404,0.07066635954166857,0.38951482378095875,25.976038014897217,39.0,2
97900,2.81870192439919,0.0,103.29753986658957,1.3635879022326585,0.4185907878720423,0.11352952530536849,0.3136627406670611,0.14259676968086224,0.08534643612555834,0.3453774353206826,25.88399005498362,36.0,2
14727,4.359420279727952,1.0,109.34716263784307,1.2923101708008011,0.9279824033589994,0.029907481693841425,0.2850001772440109,0.0,0.10388706186522997,0.8229384674438694,23.403932714526956,51.0,3
13246,0.0,0.0,127.64784862275916,0.8067838170617007,1.5637735081033628,0.07727921957627658,0.017527096931831115,0.001984806558653298,0.11020651288205074,0.3231583147981585,24.22616243742829,48.0,3
99287,4.824000686513771,0.0,112.01414612429954,1.1878644052004304,1.7938065534691567,0.06425645240947374,0.07326015676853037,0.0036676950878390137,0.06050287974072933,0.326868612631449,29.795390788363868,17.0,1
137934,5.701060861471607,0.0,95.5341460114582,2.113369398190098,1.6809306175645167,0.053645120419941406,0.16478578751621065,0.010459998214787056,0.09718602680360759,0.7350561716768521,25.701515338448477,20.0,1
70489,4.359420279727952,1.0,108.74749626042453,0.23072262969116245,0.2757512611176079,0.029178943760520885,0.3096907577362992,0.1384445480535052,0.08229821707572699,0.08116046522221033,22.718285470592992,43.0,3
118319,1.5954046671017168,0.0,157.6118475959002,1.3045544042799484,0.7688525187496839,0.03550559855419764,0.1832598522183656,0.0,0.10581030322960991,0.4568076672489063,23.382815309223993,42.0,3
87206,3.3619271977508447,0.0,155.9088671456661,0.6183139566629519,0.6773798878749421,0.029907481693841425,0.32059631992253895,0.0,0.08111111514562246,0.2313320887455652,27.525149011334758,29.0,2
9850,0.872923795046736,1.0,99.09134124583909,1.5528898930012174,0.7958178421299469,0.10176588683583664,0.2988083318684791,0.018555850659359212,0.08150955334797905,0.19617970441626129,23.413984104794082,2.0,1
157763,0.0,1.0,161.23969561046079,0.9957462955575801,1.0532791897548954,0.09200993864114734,0.0,0.13898245284998711,0.08384328428839721,0.4730437411412784,26.712227949909433,50.0,3
147815,4.824000686513771,1.0,99.25902476980278,1.6457983485520453,0.8809746737279629,0.10974151508476628,0.0471880433850729,0.0,0.07019179955184995,0.47394426546045465,21.108220602344016,45.0,3
20824,0.872923795046736,0.0,103.43818846580288,1.1820405678953774,1.2814265310363273,0.09708557810085501,0.07842206986670712,0.0,0.1228099104642298,0.6953901935688297,26.087885271749155,47.0,3
118673,5.701060861471607,0.0,87.8128244965487,1.4761622725906902,0.5697331973345253,0.11792695365117496,0.07981368666275858,0.0,0.052888708348168764,0.44595533372469104,21.252433341492452,5.0,1
33433,4.359420279727952,0.0,39.03360723297049,0.7140754272172378,0.18746975949303926,0.11375070569540104,0.27681350142334965,0.1386630805856226,0.07610775407689287,0.24739195922341117,24.699504578191792,3.0,1
81965,0.872923795046736,0.0,105.54985893813141,0.37980950185913204,0.4341039988334495,0.04678862706739734,0.30085444038956244,0.0,0.13451532550793535,0.5667764960218026,19.223817071524593,15.0,1
112176,5.270402895934253,0.0,106.8886195770056,1.3045544042799484,1.5403126485640692,0.059651224241981105,0.18527405936558464,0.13993074296285635,0.07866163055322024,0.3426056156966485,26.188496198498456,24.0,2
102180,2.81870192439919,1.0,90.5420930447762,1.2054289960576283,0.9135673883268748,0.0348956968896556,0.1014632060448643,0.0,0.06860169549037468,0.29337171326094935,28.56820995974951,41.0,3
120146,2.234779091684268,0.0,102.79723398637248,1.3698863849283012,1.3489319860322233,0.04557037994341877,0.2247560956944594,0.0,0.10160035464617702,0.475744849543228,24.286721513126746,23.0,2
17028,1.5954046671017168,1.0,167.9359954937839,0.7783950615769446,1.2766659695073987,0.03134499269087866,0.060842390389807495,0.0,0.12229085868403589,0.4495753109342876,24.72981833216031,40.0,2
6553,1.5954046671017168,0.0,81.23467981543492,0.7948945864056484,1.088438717875863,0.10763012901892503,0.30161378407295175,0.07528457935098694,0.13123702703825046,0.39317524704291157,23.54610473059782,53.0,3
74712,3.873488880460096,0.0,112.9199767128155,1.3793644304245756,0.8648633807671563,0.03041356110871576,0.04649739313307388,0.0002896789842366191,0.065765824499414,0.4586141796681728,24.468904187897724,48.0,3
23616,3.873488880460096,0.0,41.92547385679909,1.3014873780326923,0.3880907013868155,0.038157654766122096,0.2201849767037353,0.14469493809036457,0.07434469244013149,0.4169031817689732,24.88955347755237,21.0,2
53003,2.81870192439919,0.0,53.80760899716634,2.117422027987917,0.7030562129490128,0.0708133464056408,0.1440571078191837,0.0006205246460649565,0.06093795348961398,0.8254794341360275,25.968944680542347,25.0,2
86863,2.81870192439919,1.0,110.88553902802758,1.874800880341669,1.1854566026281719,0.09579709610988524,0.0799678872523985,0.0,0.0642263303982092,0.599425165844399,25.3907538837054,26.0,2
100601,3.873488880460096,0.0,118.79324724803953,0.7690426018513223,1.637853941661252,0.029398196082016312,0.007612285996156953,0.14877414314378565,0.14506362576848605,0.07782760011119713,28.309025278578073,9.0,1
76919,5.701060861471607,0.0,128.79949937384384,0.5132321194330479,1.2600680937293525,0.05328367386024081,0.0,0.0,0.14225571663480727,0.4622253199987333,28.598427099553195,4.0,1
1740,0.872923795046736,1.0,86.58525906386879,1.9822113074352263,0.9259172992484815,0.06931636345747896,0.05248771370758104,0.0009961907158109078,0.065765824499414,0.4214534979133966,26.145752048111092,72.0,4
69613,3.873488880460096,0.0,113.53699268710379,1.4499888131526906,0.43254475308730655,0.06931636345747896,0.3122750050704796,0.10445515233286916,0.07298954199416931,0.41872379767106116,28.653038444658698,65.0,4
42323,3.873488880460096,0.0,149.0747857541481,0.8675408250285294,1.3029499461191854,0.041962598355487504,0.07686774310307744,0.0009961907158109078,0.09972625759298626,0.5232380909858012,27.114979492571855,69.0,4
69638,3.873488880460096,0.0,150.72945383244252,1.2801294904916005,0.9591921604105726,0.10348094851633399,0.15694397548208475,0.0,0.12476668575403163,0.19904021217904416,32.164605390596265,20.0,1
55315,3.873488880460096,0.0,147.8283441719041,0.6437972553886573,0.5886403425809775,0.04165321059911105,0.17605677935381134,0.00018986216402227488,0.11081886050973534,0.326868612631449,18.91794159362502,8.0,1
42842,2.81870192439919,0.0,95.06511422803003,1.3762010353347607,1.6298375202430835,0.032896640880451446,0.1440571078191837,0.14292969742683373,0.06012012907356574,0.2624558909370821,22.019460497304564,16.0,1
68914,4.359420279727952,1.0,106.64491616546734,0.5809646880805877,0.6235837141668364,0.029178943760520885,0.35063430160122416,0.007761030056575878,0.14190038371582642,0.29243786124942284,28.34510585421266,17.0,1
48763,4.824000686513771,1.0,75.35404589159693,1.4597729435754092,0.8708906902532544,0.07296675335244636,0.23551596238262423,0.0,0.07066635954166857,0.7667714817611202,21.71141926810863,33.0,2
40582,4.824000686513771,1.0,97.97940993411562,1.3354442055656686,1.8360040273160725,0.09512248854355311,0.27830897511718755,0.0,0.12633349872524277,0.20665925415005007,27.022069154363273,20.0,1
105488,0.872923795046736,1.0,141.67276964342577,1.3199493399191744,0.9950936437439697,0.0719035626650213,0.12069608348726522,0.0,0.09999929605428569,0.47214306179705734,28.544246418891163,26.0,2
130700,2.234779091684268,0.0,109.96184948181394,0.7972654942346424,0.7178926528129836,0.042943474147672495,0.03764088272806953,0.14852705119053974,0.07479010183432175,0.10168630609411251,32.63073645553926,8.0,1
58538,4.359420279727952,1.0,108.29743618730109,0.6395173535198868,0.21693416964812412,0.029178943760520885,0.16697724760173577,0.14865846021898388,0.08150955334797905,0.10266119714760535,28.561561767657114,29.0,2
136682,1.5954046671017168,1.0,124.28029513969739,0.3279063019121422,1.3562599631415344,0.04557037994341877,0.07056408099918726,0.14743759830632788,0.14112898937050392,0.0328613191217961,25.716743889675037,55.0,3
20809,0.0,1.0,45.20575595902924,0.7505023214854164,0.005039116207307721,0.05752756983506813,0.3755937936401596,0.1486383663644192,0.07298954199416931,0.6927940050087114,20.912425864444234,48.0,3
16882,4.824000686513771,1.0,87.59417775081138,1.3762010353347607,1.1173801565958892,0.06400174512640375,0.008860901005917942,0.10765369382020047,0.10829773278800112,0.3831026140507271,28.063829519506847,34.0,2
74245,0.0,0.0,149.97406455978629,0.7344587426213406,0.8349858419672646,0.032054095044992494,0.24271691165998005,0.001984806558653298,0.09386772939038489,0.28870060070904596,27.486792543402267,60.0,3
20508,0.872923795046736,0.0,99.55237366422129,1.0468602170294494,0.8870481719091188,0.09661164643050027,0.21636042191977492,0.0,0.1274776608148665,0.8398587829557217,17.823586781276372,39.0,2
136548,5.701060861471607,0.0,64.84244615455904,0.925393585596664,0.4124347299272793,0.03345331143459896,0.06493263849957365,0.14429555953813472,0.07207008747600625,0.36381610868103414,26.63507580170615,22.0,2
67641,5.701060861471607,0.0,85.86357634982573,1.0550536357269065,0.9844757146265559,0.0853906261142464,0.3306016896660256,0.0006165435439044148,0.06484609051426313,0.8760844031087931,23.448710792377224,23.0,2
151554,4.359420279727952,1.0,102.33831449359482,1.2892590495900826,0.4387923199218749,0.11716149334876991,0.3038662397214829,2.1598217729982653e-05,0.11843967107822272,0.7462184204087837,28.89119433666296,3.0,1
89573,5.270402895934253,0.0,67.52906941712408,1.1105412085910351,0.6288885490015691,0.026198033914667747,0.14041716978012045,0.1463024408802034,0.07298954199416931,0.37759984787925627,29.055793745409122,30.0,2
51469,4.824000686513771,1.0,102.75031249513628,1.928065764092387,1.1557353982549923,0.09258961304742667,0.15058911051770973,0.002024194557509011,0.08229821707572699,0.5667764960218026,23.630816562047816,10.0,1
81415,0.0,0.0,98.80304043555877,1.440241690388494,1.4939002107471904,0.03414355059055638,0.08757148586722448,0.09106104626622927,0.09718602680360759,0.39134537056455715,26.636654539499144,6.0,1
125385,3.873488880460096,0.0,158.91061814813972,0.8163577776207587,1.7603971408092527,0.04673112473458526,0.008880373055813805,0.003939573289650818,0.11181393054084698,0.6082163911561125,28.596045627549778,19.0,1
25012,2.234779091684268,0.0,103.83394169842714,1.8559896484373444,0.4294315494495209,0.06106709170048389,0.18973683608982944,0.0005568124174426961,0.07207008747600625,0.58621235383743,28.802729637162678,1.0,1
127187,6.117892928831929,1.0,89.45819487936224,0.8163577776207587,1.8162515217920812,0.04644285264163093,0.0006653376641035364,0.0,0.07782218133052284,0.8735637266114633,31.0017040479212,53.0,3
58951,0.872923795046736,0.0,97.01813197100856,1.1878644052004304,0.37758067059571104,0.032756846992377936,0.36721859571827453,0.1365855051450979,0.07019179955184995,0.4241817332356303,25.318788148469586,45.0,3
39572,4.824000686513771,1.0,163.9199884275319,0.9305140056689871,0.48817207662737105,0.024589270636504634,0.35469759064187173,0.00037845185238347497,0.07523239892816581,0.35276125013630455,25.70165013124896,35.0,2
85740,5.701060861471607,0.0,72.83035343113643,1.456507450130662,1.3907019974812584,0.03219515144426198,0.1781395052452503,0.0,0.06323409511285039,0.3564489745952911,21.936160276794528,44.0,3
54147,2.81870192439919,1.0,143.50848540713864,0.8211656767816108,0.26890397549880163,0.03345331143459896,0.35612052169949127,0.0,0.07654086052747315,0.39500445441039295,23.413840534002283,38.0,2
127803,1.5954046671017168,0.0,88.37774723404203,1.684540299697343,1.0862263751542853,0.027627422474071267,0.08636878821986949,0.0,0.07523239892816581,0.7505060789938793,22.826682012450412,65.0,4
98595,0.0,1.0,132.65795224648238,1.4728761491942823,1.0229297889556126,0.10549248652952234,0.1028847268953419,0.0,0.10741349334001439,0.7040358811081453,33.08722746326068,47.0,3
129506,5.270402895934253,0.0,109.3678323907281,1.1704392993079824,1.6085535048877457,0.0719035626650213,0.06330339403872892,0.13233086960454454,0.12589889796513168,0.5844482742465293,28.93610333526437,1.0,1
73887,2.234779091684268,1.0,114.06107936121045,0.4788351013562413,0.11118138596953937,0.036177528458350545,0.37090656488349194,0.14620111385585224,0.09917475099732172,0.0477083815054258,22.23392758236802,45.0,3
33911,0.0,1.0,158.66078474178082,0.39889551584562244,0.044411690558955434,0.03684347528477961,0.3723659549809126,0.14874914070204115,0.07654086052747315,0.21331526928243794,19.849820405963168,8.0,1
86106,0.872923795046736,1.0,128.1834494446904,0.39889551584562244,0.4720565104604989,0.032054095044992494,0.19506447347566547,0.13776078708605485,0.06776790858233991,0.14726385588242943,27.996865800671532,54.0,3
78140,0.0,1.0,134.84194511432588,1.6774576631672329,0.9950936437439697,0.0756753591574628,0.07530484433310232,0.0,0.09889625578485943,0.388599298650405,29.31426144754481,58.0,3
103185,3.3619271977508447,1.0,122.8076583517883,0.7996398684795895,1.656633108457273,0.04071676728200563,0.004962882796202298,0.0,0.09689431395432624,0.5844482742465293,31.077307771141687,52.0,3
21081,2.81870192439919,1.0,123.79307955186468,1.713043318578456,1.4380918973981762,0.045100322270586475,0.007289608270481229,0.08005785534492274,0.06737203932182984,0.6169938866974617,26.633365430587908,42.0,3
125780,1.5954046671017168,1.0,105.42520007169733,1.4959659338530724,1.5092957197361627,0.029178943760520885,0.0949714230421777,0.0,0.1287391309259475,0.8076708475842831,26.43445239160013,54.0,3
74744,6.117892928831929,0.0,79.06858154350277,0.7737119535467464,0.1252189380955101,0.04730387785758131,0.304855180705445,0.14519741790306426,0.07434469244013149,0.43054194018397496,25.309935907794998,55.0,3
92193,5.270402895934253,1.0,163.90535918369045,1.0037280259604542,0.9321184334126422,0.030629476337651843,0.21420196030178915,0.0,0.06971386977315287,0.2755967034714958,26.9887037538165,35.0,2
117618,4.359420279727952,1.0,131.14371428707253,1.0251752790418884,0.5817394956459299,0.11872399350012706,0.3132018552457221,0.0,0.1348168549680558,0.47214306179705734,25.670365331064875,15.0,1
79989,5.270402895934253,0.0,114.69774097388111,1.5427567021324977,1.0229297889556126,0.029398196082016312,0.001974156102805006,0.0007528270826231555,0.09972625759298626,0.388599298650405,25.290589858890282,41.0,3
153267,5.270402895934253,0.0,124.70131330950815,1.0550536357269065,1.234186749955301,0.0461533086282955,0.016577632105374596,0.0,0.10741349334001439,0.4838398383414279,26.413684780015128,22.0,2
47227,3.873488880460096,1.0,79.17681495047178,1.4761622725906902,1.0078998505255499,0.10089770454746333,0.10640559698907252,0.0,0.12464975206108977,0.283089132646496,33.320400127486224,11.0,1
84299,3.3619271977508447,1.0,52.94921444686281,0.29115951344580543,1.2719135502914645,0.04730387785758131,0.009852506517610308,0.09406430598007999,0.12268131026148278,0.5703153792725135,30.497444070109058,22.0,2
24795,0.872923795046736,1.0,91.29017621410141,0.4254963039363433,1.3611555555156263,0.0851415328131488,0.2988083318684791,0.14898241972363596,0.14497489691265458,0.03226628333438109,23.898744146621816,29.0,2
129191,2.81870192439919,0.0,110.80301949515334,1.1588997572047788,1.6863534561629305,0.03550559855419764,0.012751715278126845,0.07013582035545378,0.09718602680360759,0.22091007236670035,27.01933320521736,10.0,1
29400,3.3619271977508447,0.0,68.430424785267,2.0372453139730755,0.650273779481411,0.09277983356126722,0.2382034174387412,0.06715721024796094,0.07479010183432175,0.4694400923118106,27.625886438934252,3.0,1
7257,0.0,1.0,121.86180929851339,0.9382217518481557,0.5800188445912715,0.037503497957860635,0.26623522842521585,0.0009961907158109078,0.07207008747600625,0.3027000936330375,32.45338843953266,55.0,3
38580,2.81870192439919,0.0,119.18126062183079,1.4794525303974508,0.8211903186456566,0.07296675335244636,0.07333907014086735,0.0,0.1236889362795961,0.31201016143727445,22.496458583368767,12.0,1
150519,3.873488880460096,0.0,91.13638679793024,0.8874490702428841,1.3464934343650294,0.04730387785758131,0.05248771370758104,0.02603785273729381,0.13131606348807848,0.5454951065995263,26.938733478943032,15.0,1
58451,5.270402895934253,1.0,103.19854852371643,1.1995585970342593,0.20145259986694777,0.036644315941649026,0.3465737819785577,0.003813416178562971,0.06816153313309274,0.07115371775817451,28.911975340762517,27.0,2
89760,0.0,0.0,77.92000281181691,1.3261352750235784,1.0272417610184217,0.03034145949899996,0.2599964583587398,0.0,0.10160035464617702,0.8025732787674204,28.579622315699517,27.0,2
86128,5.701060861471607,0.0,86.9057314319666,1.7023222984191564,0.9238541349219103,0.04432936460452302,0.09055548875425853,0.0,0.07989911657905567,0.03355541476540181,25.971889243228038,3.0,1
29325,4.359420279727952,0.0,130.16139312284488,1.433764130961678,0.8055384298711078,0.07331527306353508,0.21069722185364373,0.0,0.07948948280021469,0.3463010242500451,26.795518598516736,60.0,3
95508,0.0,0.0,110.48317322209488,1.9204027589315948,0.9300494478737024,0.07851550707857491,0.1696866721569423,0.0,0.0834609979772711,0.3831026140507271,26.59334773072402,13.0,1
156110,4.359420279727952,0.0,150.33454692542963,0.7528078866341287,1.0143294574313837,0.03134499269087866,0.28357130992224394,0.0,0.11532226495594795,0.8237855713050897,26.7936841693518,24.0,2
17081,3.3619271977508447,1.0,102.07743382262233,1.3447892366328362,0.8016444925314857,0.09460267036318325,0.25932539471476873,0.0,0.09355379050258464,0.7048997520634385,25.11205067632884,32.0,2
74755,5.701060861471607,1.0,153.48475511083126,1.4532460742582065,1.2766659695073987,0.032756846992377936,0.2728544450274014,0.0,0.04939316370457285,0.7881072528363212,28.869033268906914,60.0,3
9365,3.3619271977508447,0.0,82.97884332508062,0.894973455755926,0.8330093229215549,0.10706965946680329,0.13422605430153228,0.0,0.09999929605428569,0.3536834419639886,24.275514579047105,5.0,1
37705,2.81870192439919,0.0,105.80949737928272,1.443486624022477,0.7067541031969141,0.09984812356667594,0.22434514853910228,0.001174698695964034,0.07697095147323091,0.12696004704742558,27.547656811129627,42.0,3
77182,1.5954046671017168,1.0,48.03484845296026,1.258965687733321,0.8211903186456566,0.11852729268644535,0.29673090014924597,0.0,0.12268131026148278,0.666768452000647,25.80852464238257,4.0,1
92014,4.824000686513771,1.0,92.46094944767646,0.6459421267605535,0.6060203886768876,0.031416190501524055,0.2703660577561017,0.0,0.057101594944309615,0.7718988755203128,21.010321497817877,12.0,1
12289,5.270402895934253,0.0,133.35135907642118,0.4527680845221138,1.6809306175645167,0.05631163987576615,0.005946621798604477,0.004905852458809698,0.10604378231919075,0.23889672081580507,29.121702796857477,66.0,4
136586,3.873488880460096,0.0,169.11140027237727,0.6120164099140819,0.6574613049083465,0.04673112473458526,0.2463903411380815,0.0,0.14272150665827094,0.3444536710269561,22.209687333033212,40.0,2
61765,0.872923795046736,1.0,132.3009972758573,1.5835165182702335,1.2108708886987363,0.0977007986551314,0.19169008643354407,0.0,0.06627170617944157,0.6038225012683465,24.602858408719282,14.0,1
25345,0.0,1.0,180.27847669642134,0.7140754272172378,0.6025297380460697,0.025435779189136993,0.28528427046142996,0.005864813330088342,0.08422295110813957,0.31201016143727445,25.06642447928203,6.0,1
54889,0.0,1.0,161.3960984849842,0.9279519897293446,0.9487402689416761,0.03414355059055638,0.2499863334884807,0.012377812595437692,0.06727271957900667,0.4223630722672164,28.424096065249095,24.0,2
29689,6.117892928831929,0.0,89.00601847417884,1.2113149601562354,0.6449025530655125,0.11046979282060683,0.21420196030178915,0.0,0.11461791565793807,0.351838884233596,23.14605126775495,15.0,1
149978,5.270402895934253,0.0,90.59517756458611,1.2054289960576283,1.2482734227611447,0.07941640169894552,0.3087379533602607,0.0,0.08422295110813957,0.44504994222165256,21.55955733608443,10.0,1
95609,6.117892928831929,1.0,86.86835168219119,1.789185585833376,1.03805616547117,0.10281767652483301,0.054598497464419665,0.0,0.03597235108100555,0.25398849438243537,27.801832595971078,3.0,1
50319,5.701060861471607,1.0,112.46204505761148,1.532661226759913,1.0773968561658953,0.05631163987576615,0.0822707938427152,0.0,0.07207008747600625,0.6875981751909847,26.768255417465365,69.0,4
96252,5.270402895934253,1.0,125.98847054309378,0.7482001681201292,1.4684079384441668,0.04954523409962817,0.018473777957743368,0.013280431973232367,0.11949950664623125,0.37117222363207886,27.714723047275417,23.0,2
29953,5.270402895934253,0.0,68.29781627022957,0.9356488839762348,0.10886415102659006,0.02770197444137078,0.36438587767963854,0.14860433983858176,0.07253143383276514,0.0899697358108271,26.184902722866088,60.0,3
15819,4.359420279727952,1.0,66.11552765509684,1.3952422166886544,1.4557398888377278,0.04257727432062326,0.16643138894708484,0.09308301972254798,0.06776790858233991,0.7915140840670115,25.961850029885003,51.0,3
68227,1.5954046671017168,1.0,130.38313756251785,1.814995089313839,0.9802422468499067,0.09579709610988524,0.013136339303248284,9.46965740487877e-06,0.08190524688566762,0.35552730403390576,24.6116045602771,10.0,1
4041,4.359420279727952,1.0,121.87198529412582,1.9051305755612356,1.5041555271287885,0.04730387785758131,0.0019940376062208094,0.1481025603478846,0.1031396955853106,0.6563254629183313,26.63415484192741,1.0,1
62515,4.824000686513771,1.0,110.14254615240868,1.0278728688856018,0.8911068094754843,0.04385050974019494,0.2579748766335213,0.06756159829715089,0.04482968467214182,0.4214534979133966,25.957298051112605,64.0,4
67596,5.701060861471607,0.0,125.72004651315595,1.688088075804631,1.4105646242891337,0.050636785623080244,0.04649739313307388,0.0,0.0878799146864748,0.14243836135642088,27.424417590946142,54.0,3
9777,4.359420279727952,1.0,143.6078857280184,1.338555201025666,1.2318460617081535,0.05250168937457113,0.1941059981153935,0.011650799615457067,0.04920511837033446,0.6196244736187164,25.961180655242188,51.0,3
126471,3.3619271977508447,0.0,190.9940805888178,1.3667351240154904,0.9908405959351675,0.044982288551343556,0.025948304091180735,0.14378022707720145,0.1031396955853106,0.2671533079347595,26.415934038231036,1.0,1
14673,0.872923795046736,0.0,36.998607098431364,1.9051305755612356,0.20916362909390335,0.11792695365117496,0.3492986047773872,1.9198591777062718e-05,0.12242178962049771,0.8828013528870368,28.533577596289028,7.0,1
19740,0.872923795046736,1.0,108.42679112497734,1.1733338226503915,1.0532791897548954,0.08086954562732294,0.07373331035081927,0.0009961907158109078,0.07739805058592603,0.4169031817689732,31.19319368631953,61.0,4
123557,3.873488880460096,0.0,105.52389007684543,1.6006790321669766,0.8548562783934225,0.10755176218457028,0.28669641558679226,2.379978360631908e-06,0.10741349334001439,0.5152030121689768,22.02245296300469,2.0,1
20025,1.5954046671017168,0.0,137.67109309136123,0.7972654942346424,1.3907019974812584,0.11214289994463984,0.04925059361894595,4.179933251589071e-06,0.13193265378338864,0.3342806431153462,29.834737349198615,15.0,1
50317,4.824000686513771,1.0,121.62772780741936,1.713043318578456,0.5990464133621874,0.029471148318205066,0.30945321700189027,3.9499403950346955e-06,0.057386064347741086,0.6126068486236221,25.294269105493857,22.0,2
67845,0.872923795046736,1.0,119.64051654404231,1.9319040049871248,1.3270588689493945,0.10051148267888103,0.021203510818620357,1.2999354400148289e-05,0.14351578606071405,0.5080505822351178,23.330181294144793,12.0,1
113759,1.5954046671017168,0.0,120.23207467539407,1.7745339005343035,0.5159788866289045,0.1059512892555724,0.1926598498780871,0.0,0.07160547706998972,0.43689424042349,27.100679713298703,13.0,1
47620,5.270402895934253,0.0,126.95513259965053,1.4499888131526906,0.8568538604471809,0.10127534682474977,0.2908511417260666,0.0,0.07113757653068406,0.3831026140507271,24.592582462621454,30.0,2
2443,1.5954046671017168,0.0,105.07188542874093,1.2409790360109807,1.33675974885698,0.07400365818851558,0.018284663933505536,0.0,0.06766915227167633,0.4649320304843778,24.448412685376045,58.0,3
16323,1.5954046671017168,1.0,106.68121745896552,0.8139590618663869,1.0510985468541778,0.10235887299442069,0.2892037810752459,0.0,0.08150955334797905,0.6388782359477272,32.189114263172605,48.0,3
24804,2.81870192439919,1.0,107.95583292125902,0.9904435638128387,0.3745934592462297,0.039448600807730404,0.25069643121022134,0.0,0.10557531116723944,0.6117290310971855,25.29985541573706,48.0,3
26704,3.3619271977508447,1.0,114.64128339564692,1.1995585970342593,0.8992472401295339,0.060112080397729396,0.28837287361916497,0.0,0.06474316603131854,0.7693357188635067,25.51883417443512,52.0,3
89506,4.359420279727952,1.0,129.01148444455288,1.586940561014816,0.8429110412156785,0.09628957850027947,0.13170501708479113,0.0,0.12429477370514681,0.5605779646133879,26.63020762603733,52.0,3
1923,3.3619271977508447,1.0,152.62787811625657,1.5528898930012174,0.7012100698643479,0.034280856815077226,0.21764387222561646,0.0001339314298640528,0.1282651059706081,0.4775448150825342,24.606745846982417,53.0,3
64170,4.824000686513771,1.0,108.49404697343502,1.6423020601527738,1.4380918973981762,0.10941971488836727,0.18376520063227575,4.689159805130355e-05,0.11667954399222695,0.6406253525679155,26.33713233794879,18.0,1
86560,0.0,1.0,95.36027377920237,1.5562760176399235,0.6025297380460697,0.08754475966298475,0.20303395783663156,1.659894733920132e-05,0.08716837634649345,0.22280677295746307,25.29072613375551,10.0,1
101621,0.872923795046736,1.0,95.20743960348042,1.3604447167824396,1.1443944415571772,0.07468068007540363,0.14525821594835667,0.0,0.09386772939038489,0.5017843279773949,25.382054614496273,8.0,1
113737,4.824000686513771,1.0,94.42163423126331,0.7667130778006805,0.9802422468499067,0.09407062608946572,0.10918885741547443,0.0009961907158109078,0.10510074374136276,0.47214306179705734,18.96228726031549,29.0,2
24130,1.5954046671017168,1.0,128.19355203698663,0.17725810872680675,1.7218096897646715,0.07044380416764916,0.0,0.1481203004297145,0.1294698537927405,0.0899697358108271,23.512477321096355,26.0,2
75187,3.873488880460096,1.0,127.57203008922747,2.399638370088401,0.7012100698643479,0.045218147863641235,0.051043835199587106,0.0,0.026385943969180203,0.8254794341360275,24.611882181425276,41.0,3
114992,1.5954046671017168,1.0,79.79874936527858,1.8410205856641353,0.8809746737279629,0.10270424619248793,0.008929048133443293,0.0,0.08268848505094586,0.20475571420411642,28.814826604928808,9.0,1
50331,0.0,1.0,167.1679455410015,0.977251050003743,1.730043125748694,0.041962598355487504,0.0009985074216367666,0.0,0.11239606234866689,0.5454951065995263,28.933119174327143,33.0,2
41874,0.872923795046736,1.0,116.71734685602937,1.2439669833584739,1.4155509487585505,0.04678862706739734,0.04126698976593212,0.0,0.1316278111321332,0.31479963689727203,24.887900326498055,29.0,2
131851,5.270402895934253,0.0,174.2510378421185,0.7505023214854164,0.22345519235096362,0.029907481693841425,0.36552954711300517,0.14817265375133779,0.062121579541474924,0.2605755887938996,28.347501704615,41.0,3
63105,0.872923795046736,1.0,99.81418802714924,0.8874490702428841,0.7612162633794276,0.08086954562732294,0.011111986864713333,0.0,0.08229821707572699,0.12986652282760713,30.019301545055182,23.0,2
44128,6.117892928831929,0.0,128.11777981531827,1.6668659552267933,0.9972231075729378,0.05606528305964056,0.3321887035460598,5.029033579667162e-05,0.07113757653068406,0.4775448150825342,24.058389672841592,44.0,3
31614,5.270402895934253,0.0,106.04828434813433,1.1675486338704655,1.7687205075946664,0.042209122738827765,0.10918885741547443,7.11980633817237e-06,0.12148854744236103,0.5667764960218026,27.414356382359507,40.0,2
122706,4.824000686513771,1.0,139.71889020550327,1.3952422166886544,0.9550055590897916,0.04899224740895944,0.0760873691556447,0.0,0.07824336696718033,0.5623496876972396,29.876481365167418,5.0,1
60600,2.81870192439919,0.0,119.44663931243542,0.6288748773919356,1.4031006457171435,0.05009339799691467,0.1410276701496655,0.10288698952167864,0.08823206529773955,0.5321518963893909,24.895338920588145,36.0,2
1582,4.359420279727952,1.0,87.8074925734448,1.0414166221981487,1.3636064357556406,0.1134918076281394,0.21113880216734304,0.09627997572786516,0.08150955334797905,0.3610547290259492,27.672956888411957,68.0,4
74453,4.359420279727952,1.0,124.57959405650979,1.6457983485520453,1.042395729804522,0.04379041442699696,0.03772983306760561,0.1468425513641773,0.07019179955184995,0.5321518963893909,26.67557660981387,1.0,1
130892,5.270402895934253,0.0,182.3355921198527,0.9407982425356697,1.420545549682991,0.026953409443536608,0.051639214901532914,0.0,0.05772607159203345,0.7659164955773288,30.600474748925617,13.0,1
34429,5.270402895934253,1.0,127.70849880727975,0.6502417239435571,1.6782223903772442,0.06322975991368103,0.0009985074216367666,0.005864813330088342,0.13528264563514616,0.21331526928243794,25.620823092118783,26.0,2
67403,0.872923795046736,1.0,77.24164565589467,1.1077309178046657,1.4130567522589161,0.10401173324475396,0.12593704731803265,0.0,0.12767794942651947,0.41143740592545724,24.0315967666943,61.0,4
1807,5.270402895934253,0.0,108.80438142779116,1.2710355796097998,1.1511930062111049,0.026953409443536608,0.002153046939763764,2.329792615787839e-05,0.05513962215448253,0.6117290310971855,24.744620015018683,33.0,2
153086,4.824000686513771,1.0,124.3107370267447,0.2409866415684936,1.7410509764195912,0.039448600807730404,0.05752870250965461,0.1463024408802034,0.1449929452036296,0.0139748435760533,23.434939071129282,58.0,3
955,5.701060861471607,0.0,188.39157169697557,1.5427567021324977,0.8911068094754843,0.11496795798900733,0.15694397548208475,0.0021521226211304034,0.09600744425199255,0.3027000936330375,25.973762937785587,9.0,1
140694,4.359420279727952,1.0,123.95043954187064,1.489348138354589,1.5481140364786548,0.03724019604240859,0.04029831308006696,0.1293431579863078,0.07389614600927014,0.06938527388908416,26.764321668617985,36.0,2
31519,0.872923795046736,1.0,87.14063742069465,0.8675408250285294,0.25938853569750037,0.05117544300866493,0.33336457894002675,0.0,0.13880891039221258,0.47124222729765775,18.94508667726798,29.0,2
49380,6.117892928831929,1.0,70.09599149880785,1.6283596013417518,1.236529463082332,0.04747472386211118,0.019417686065019802,0.0006901742546999265,0.09861591438912895,0.7376339196406687,28.551273802054844,18.0,1
12845,0.0,1.0,106.4218837278437,1.752687621763492,0.6342099553792683,0.0470181310899528,0.26396506912166884,0.0,0.07523239892816581,0.3739279421988962,23.91332571972152,41.0,3
96215,4.824000686513771,1.0,131.23937119008238,1.3920585419964056,1.1196203641016944,0.032054095044992494,0.2703660577561017,0.14863161505772862,0.08497450704940865,0.7143940027013405,27.413195311748474,16.0,1
66476,0.872923795046736,1.0,65.09845707920567,1.249954663221884,0.971798776571637,0.03345331143459896,0.0,0.0,0.07523239892816581,0.4694400923118106,27.286566407548573,29.0,2
10310,4.359420279727952,1.0,104.91075919213291,0.6939649337958178,1.3981349919391537,0.04673112473458526,0.014670307255570792,0.11744276161502963,0.1135278727644392,0.3361318741060772,23.397325929200758,37.0,2
140212,6.117892928831929,1.0,118.17511444272176,1.5835165182702335,1.3077553750603137,0.05631163987576615,0.19506447347566547,0.0,0.12707004766187593,0.6823977251492471,22.70626877360848,44.0,3
87420,2.81870192439919,0.0,120.27285641616504,1.313779393613908,1.5742552026161614,0.09220467864151599,0.241972737467687,4.639917752413698e-06,0.12665284588910405,0.5747357907610485,27.02662865050787,26.0,2
55066,1.5954046671017168,1.0,80.72226579355379,1.3888789288233903,0.9300494478737024,0.030629476337651843,0.3503020202802957,0.14813789512926956,0.07654086052747315,0.2680922205501752,27.545470888968303,54.0,3
128090,2.81870192439919,1.0,176.64142715875616,0.915196032112578,1.7631694513334089,0.05117544300866493,0.0,0.14679945516821774,0.12589889796513168,0.1942716743024051,28.34876262297718,21.0,2
126252,3.873488880460096,0.0,135.48863532723965,0.6183139566629519,1.1831582989482943,0.02844379682282684,0.0,0.03152094615885867,0.11797137715506432,0.3490707404716398,26.114962835042355,17.0,1
36831,3.3619271977508447,1.0,63.710934169320566,1.4532460742582065,0.9972231075729378,0.09887638189285769,0.3023688437772764,1.0299959470548567e-06,0.13987808111748654,0.7023077593058966,30.53928408911476,1.0,1
82127,3.3619271977508447,0.0,113.67061620559527,1.0197912380668752,0.9321184334126422,0.1104113823661705,0.2559278880813097,0.0,0.0875253578926078,0.5160963935823022,25.38395775242349,62.0,4
36512,0.0,1.0,27.655053240882822,1.1704392993079824,0.3911092445795827,0.03345331143459896,0.30311965169622707,0.14354883889477607,0.09630503739313614,0.7384929225256075,22.7231202509386,9.0,1
87210,4.824000686513771,1.0,81.35327837754214,0.28026797556529187,0.17742517657038626,0.03550559855419764,0.37010016318977634,0.14887032284599905,0.07019179955184995,0.030679084491630263,20.16824901723556,33.0,2
21303,0.872923795046736,1.0,108.0024242735957,1.0743027900555246,0.9908405959351675,0.11150678063934065,0.27347028496277787,0.11847535572365805,0.08961697180144913,0.27653391437213615,25.468278402582232,24.0,2
159081,3.873488880460096,1.0,106.27661738967574,1.3354442055656686,0.26617686285745656,0.11129950713727828,0.2930180791304926,0.0,0.11220324037571663,0.3463010242500451,25.54198851067003,46.0,3
74360,3.3619271977508447,1.0,96.55539425202777,0.2603977600807016,0.1786750193649265,0.03550559855419764,0.36220253218566517,0.12297274213462288,0.11684452751132064,0.10558450346639123,21.763339561186847,57.0,3
90388,4.359420279727952,1.0,96.92876405771885,1.433764130961678,0.2078743290301418,0.03482762600454365,0.3538980881621852,0.14840069542405054,0.07434469244013149,0.48743361513789707,23.29504741218076,21.0,2
98118,5.270402895934253,1.0,122.96011684103433,0.8211656767816108,1.0358893422160114,0.026198033914667747,0.09203541848258019,0.0009961907158109078,0.07207008747600625,0.44142678332063784,26.53627800351098,59.0,3
139649,1.5954046671017168,0.0,79.13352411754218,1.4273029632982537,0.044411690558955434,0.05276348676969412,0.37050428781081524,0.14741410431767135,0.06677399494927812,0.2426743316518963,25.273824251261622,27.0,2
149603,2.234779091684268,1.0,119.41602300317116,1.5259518253987494,0.5680252931599925,0.05250168937457113,0.17342500988932696,0.00122424074213234,0.07160547706998972,0.4658339547302879,25.69935858837445,40.0,2
35667,1.5954046671017168,1.0,104.09939210497343,1.489348138354589,0.9053728438287705,0.08889717616409516,0.06100710090800177,0.0,0.07824336696718033,0.3803519932120896,23.19304310525502,9.0,1
130747,5.701060861471607,1.0,126.47952534593489,1.684540299697343,0.776519017031305,0.06931636345747896,0.0012377057428378207,4.7099152521222085e-06,0.07907699494507488,0.40779027040891674,22.31425442156951,12.0,1
112461,1.5954046671017168,1.0,113.44961130255265,0.9025300258404296,0.5209398115245241,0.025435779189136993,0.3134325087343338,0.0009961907158109078,0.07907699494507488,0.3054950288257411,28.826546129029992,48.0,3
110254,0.872923795046736,1.0,114.72853434111566,1.0197912380668752,1.3587067315067167,0.03867679555860176,0.009590314071607655,5.8786793914184213e-05,0.14141606730975279,0.22849210047277335,27.53891241286422,10.0,1
124620,5.701060861471607,0.0,91.86788246188627,1.8410205856641353,0.7012100698643479,0.07226092540897922,0.04589178258003029,0.0,0.07866163055322024,0.2511625677425661,28.55152475817247,72.0,4
69794,4.359420279727952,1.0,131.8181344204062,1.499281057085816,1.139872073704656,0.09596252188748704,0.1440571078191837,0.0,0.10763668424531088,0.3472244379771469,25.43177631584464,18.0,1
15527,6.117892928831929,0.0,145.98063922896162,0.9459621033695175,1.8190668370535943,0.08822904207283068,0.029620722255763815,0.0,0.11443906789033216,0.5107338658349185,28.180722785139594,46.0,3
10867,0.872923795046736,1.0,77.12759860029036,1.6144853188230401,1.420545549682991,0.04239344321751032,0.013808340475834706,0.1466364836393205,0.08680895131871912,0.30176808255591336,23.47924732975375,12.0,1
59460,1.5954046671017168,1.0,171.21643102510745,1.4144297135629609,0.9135673883268748,0.06065990766824566,0.3120422282782636,1.1599485962778177e-05,0.058233323792872396,0.3259413065890475,25.439106722421148,2.0,1
112870,5.270402895934253,0.0,144.25374787328306,2.073097115660239,0.8628581206184712,0.03550559855419764,0.21420196030178915,0.0,0.06474316603131854,0.8423928978324992,27.673725978926758,46.0,3
134715,3.3619271977508447,1.0,94.13133621989803,2.1012392595235982,0.6938441627854506,0.11272574519214026,0.025301228365424994,0.0,0.05082119912338049,0.6745883431787558,20.639702580634843,4.0,1
69685,0.872923795046736,1.0,130.08074537147533,1.3168623695632067,0.5143288414977084,0.0851415328131488,0.21636042191977492,0.0,0.07253143383276514,0.3757642353460366,22.270625921909723,16.0,1
79951,0.0,1.0,106.32850148058803,1.1588997572047788,1.1421322571741443,0.032616801606282324,0.31526264655559255,0.14607939875372355,0.06796500054696332,0.39134537056455715,30.75767683262043,10.0,1
51727,0.0,1.0,138.58564531359417,1.1360051413715428,1.1716969445284566,0.02770197444137078,0.045631865334373974,0.014176275640349664,0.0834609979772711,0.6283842755198784,27.909024763322545,58.0,3
44504,4.359420279727952,1.0,135.89947984416784,1.4630425573980839,1.0973079588623809,0.03995857585723361,0.2044080949271225,0.1482488086305023,0.09689431395432624,0.1999933056484613,27.0294943514528,36.0,2
103835,5.270402895934253,1.0,106.94046111582037,0.9904435638128387,0.2675395769140122,0.024666575841302687,0.35437856591396877,0.0009961907158109078,0.08608269509259017,0.31479963689727203,20.67140739397626,44.0,3
47870,5.701060861471607,0.0,91.60294414220758,1.310700409278527,1.2131933798627534,0.02581777077266814,0.03808537890297543,0.0001599022463759289,0.05658694707312501,0.5897388344096739,26.51292522123802,68.0,4
10197,1.5954046671017168,1.0,97.21785306778295,1.867263047261125,0.7669406212233013,0.11119373451883552,0.25034175762720245,0.0,0.07866163055322024,0.5765029649516105,28.808965621091264,39.0,2
153116,3.873488880460096,0.0,110.03413324072771,1.1878644052004304,0.09055515529919876,0.041962598355487504,0.3744457480405054,0.001984806558653298,0.07523239892816581,0.34999362956189706,22.95263539777351,47.0,3
11585,1.5954046671017168,0.0,165.99058192000285,1.580096699910016,0.6846787275032765,0.04438898378389238,0.07764597405794815,0.1486979383007315,0.07479010183432175,0.22659778538501857,25.579600865824293,2.0,1
70728,6.117892928831929,1.0,68.30886837621098,0.49782115714739317,1.7798483767676978,0.08307477277729898,0.002986602388962986,0.0,0.13845494890294738,0.24927765074655053,24.13864767957633,31.0,2
118589,0.0,1.0,77.44252742244826,0.8235748656635028,0.058942796635869134,0.0412801290540494,0.3743172265866471,0.1486979383007315,0.07344443758622808,0.1980869142931519,26.790146100278296,48.0,3
45127,0.872923795046736,1.0,189.91549699191324,0.9407982425356697,1.2108708886987363,0.08280689613768356,0.1847723004118197,0.0,0.14517350476605578,0.41325998704410216,27.679109204512624,36.0,2
122560,1.5954046671017168,0.0,159.92407079686114,0.9537351345706274,1.262433119818314,0.03345331143459896,0.025948304091180735,0.03075491501815847,0.09570786137811908,0.6038225012683465,27.37537768849935,13.0,1
30850,4.359420279727952,0.0,141.1946275279699,0.8187599816799841,1.4709477900653012,0.05918638842682127,0.026870414285047127,0.0,0.10979175009966557,0.48024360588362286,24.792304293731185,21.0,2
158970,2.81870192439919,0.0,124.25492608512432,1.2172165115891747,1.5768808873604883,0.06816008079340606,0.010821767172170031,0.13026494040826553,0.13873165934106496,0.3490707404716398,24.856889958129234,7.0,1
138832,4.359420279727952,0.0,60.552012240430216,1.1133552989984767,0.9404137982053083,0.10604107796538681,0.27890300212052405,0.0,0.08716837634649345,0.2952388627866774,27.031448119853174,18.0,1
44571,2.81870192439919,0.0,112.5083648563118,0.8381035217009131,0.5646149391973504,0.029471148318205066,0.2128951275573229,0.0,0.12135199042106064,0.5703153792725135,21.4808465926863,58.0,3
66724,2.234779091684268,0.0,93.6348943067058,1.2953652640842788,0.8409268716865445,0.05636078343304576,0.07577461777428082,5.769872814570845e-06,0.054317569644281284,0.6248819796008633,25.424987624141906,19.0,1
152409,4.359420279727952,1.0,94.67488114835908,1.9357467418808714,0.5765830106954144,0.10604107796538681,0.2903041499614681,0.0,0.07019179955184995,0.37759984787925627,23.04519941411101,10.0,1
107863,4.359420279727952,1.0,116.01054536007348,1.5766811031181405,1.2225035455976938,0.09785169032817521,0.051639214901532914,0.0,0.13178108471221095,0.5437179067418695,25.652013928349948,49.0,3
119628,3.873488880460096,0.0,115.82093599542303,1.1820405678953774,0.8608547809331345,0.1104113823661705,0.1416366259819575,0.0,0.07160547706998972,0.6003049092046717,16.953710374424713,30.0,2
110846,3.3619271977508447,1.0,97.19157732546869,1.456507450130662,0.8648633807671563,0.06697413709052649,0.2404747550200633,0.0,0.07824336696718033,0.37025330913284016,25.972023081598532,28.0,2
83741,4.359420279727952,0.0,135.98463264605635,1.8559896484373444,1.0773968561658953,0.05581785744347516,0.08455490089482158,0.14490674367913267,0.055431191649043365,0.5658914195524049,26.059987421341972,54.0,3
93301,6.117892928831929,1.0,137.1559623972773,1.1733338226503915,1.331905210558965,0.037503497957860635,0.028706613028225754,0.14773597891047588,0.08644706391858864,0.384019149597404,23.559117704969523,33.0,2
18788,3.873488880460096,0.0,141.37395797164785,0.8552135014387723,0.3760861961379488,0.10281767652483301,0.35936182252310406,0.08129859283466698,0.13208253970582007,0.563235334781676,26.85522192819971,35.0,2
22716,0.872923795046736,1.0,79.36076341754033,1.443486624022477,1.1286011489630472,0.038157654766122096,0.06655282238106731,0.0,0.12079744792434513,0.40870230130966556,28.2967810285094,32.0,2
84969,0.0,1.0,146.634899880777,2.081114692943841,1.2529852016303604,0.1090184426822874,0.20257379790106939,0.0,0.06072072975826447,0.7513632447261314,24.131614725602002,2.0,1
154708,4.359420279727952,1.0,134.55104045530317,1.6457983485520453,0.6846787275032765,0.03550559855419764,0.23934276540465588,0.0,0.09323773806836998,0.7906625533781805,22.543474772847848,37.0,2
28298,4.359420279727952,0.0,142.1506806164565,0.46945698729759955,0.9487402689416761,0.025588783791389107,0.0016260376841540612,0.14846123398764682,0.06254737241429921,0.18471915968581262,31.002415643890057,3.0,1
69543,0.872923795046736,1.0,59.24585090298077,0.40768844749608035,0.03383003284509684,0.029907481693841425,0.3753400103877654,0.14881091808359515,0.07697095147323091,0.31386999284176065,14.707640116413433,50.0,3
22399,5.701060861471607,0.0,67.34084176398748,1.249954663221884,0.971798776571637,0.03345331143459896,0.0,0.0,0.07523239892816581,0.4694400923118106,27.286566407548573,22.0,2
152172,2.81870192439919,0.0,148.16483347358732,0.9228387905195625,0.9696927940084842,0.024666575841302687,0.00016395981099188097,0.0006334623883551487,0.08680895131871912,0.15015655190271257,27.416807421383748,45.0,3
35675,5.270402895934253,0.0,69.63880232678612,1.5059237685634277,1.6112066071270141,0.10152244608703388,0.002133174922974358,1.5099128980164388e-05,0.08384328428839721,0.7838460522181683,30.990910134641645,3.0,1
36437,3.873488880460096,1.0,115.53387514888502,0.5132321194330479,0.05191097709144273,0.032054095044992494,0.37328205313473023,0.14845377296858217,0.065765824499414,0.2009461949148218,23.02008517715883,19.0,1
5533,1.5954046671017168,1.0,166.99287605432903,0.9407982425356697,1.4734897236080668,0.029178943760520885,0.08531212762005844,0.08409722913207923,0.07948948280021469,0.6997146255147229,27.14083605196623,58.0,3
1492,6.117892928831929,1.0,117.7150461787485,1.9319040049871248,0.7919429048882065,0.10235887299442069,0.08531212762005844,0.00681651852218226,0.0682595902191365,0.18758708461990609,27.717924201527435,18.0,1
8120,1.5954046671017168,1.0,102.31744753911856,1.9705341629668967,1.2131933798627534,0.09815004583580092,0.1892456434457902,0.0,0.05502269754756687,0.602063981300623,20.796503763638786,63.0,4
52738,5.270402895934253,1.0,97.01813197100856,0.3101469331799408,0.11118138596953937,0.03414355059055638,0.37483015478170034,0.14452390911729715,0.052467228893042235,0.12889791880300963,24.36255658879409,41.0,3
15800,2.81870192439919,1.0,125.24377170105451,0.372956702739835,0.14429505088213274,0.03482762600454365,0.37130700566282,0.12986106024695807,0.13091639863629476,0.07429572595843473,22.09971365830188,43.0,3
79910,0.872923795046736,1.0,120.53279353415179,1.573269725078865,1.2553441352295662,0.03880600336970576,0.08757148586722448,0.14824048470688458,0.10718886451071041,0.6388782359477272,23.449141070725688,35.0,2
30079,0.872923795046736,1.0,96.27128482263196,1.1303197887629002,1.224836140286072,0.06160513959091264,0.033341012116425914,0.00017588172356375952,0.09162520541474937,0.30735740567019904,22.46296162467599,34.0,2
87361,4.359420279727952,1.0,143.90105926274208,0.9485494790226465,0.5028288081559448,0.023890353676344383,0.32360298822239997,0.0,0.11532226495594795,0.2180635239145109,23.718597469371115,44.0,3
90952,5.270402895934253,1.0,138.02602239913614,0.8749797475547563,1.7493293362478723,0.11175808059298264,0.009852506517610308,0.0,0.09510266620308695,0.17897769686555445,26.415537119773575,23.0,2
37293,4.824000686513771,0.0,40.06039963599221,0.9563334199741291,0.14912856914224387,0.03482762600454365,0.36637800143413035,0.14836185351286132,0.0912961293942096,0.12308164179780615,20.161424497361832,37.0,2
24325,3.3619271977508447,0.0,185.48690445445948,1.274062926972884,1.042395729804522,0.03233595433488032,0.2703660577561017,0.005011695246071077,0.07298954199416931,0.551710741535826,19.365195572144362,30.0,2
150557,0.872923795046736,1.0,114.13812185227705,1.0468602170294494,1.2271707574696977,0.030916456657733713,0.07553982809221867,1.9699851740519998e-06,0.12901708090428082,0.8542053123215064,33.31769134213365,7.0,1
19208,4.359420279727952,1.0,76.67116981637359,1.1077309178046657,0.6975233845593646,0.032054095044992494,0.33433519342319357,0.0,0.08111111514562246,0.654583124696766,26.1785134940836,63.0,4
278,1.5954046671017168,1.0,112.1995146193238,0.7807417810472599,0.666487379299709,0.05431056943270107,0.3168422941571802,0.07391897168127363,0.09747580878089683,0.39957455327271907,25.956494704457075,60.0,3
14709,4.359420279727952,1.0,90.08538252723697,1.2862118976616896,1.3077553750603137,0.07044380416764916,0.14941484002339908,6.279849337779033e-06,0.07697095147323091,0.4883316765960209,26.76458393078157,76.0,4
58873,0.0,1.0,109.94119573160054,1.237995013338512,1.3513725909920593,0.025052050462048257,0.05644371077142592,0.0002667278667304949,0.1005400101632899,0.5035754392914052,26.503949810543133,32.0,2
572,4.359420279727952,1.0,121.3528541880704,0.7208394540873487,1.0036232661278224,0.02770197444137078,0.1153448023958126,0.003939573289650818,0.11334218617191304,0.5985452841347247,24.660294660812323,40.0,2
155259,4.359420279727952,1.0,102.89106779148293,0.9537351345706274,1.314978844489941,0.08086954562732294,0.054177532011139076,0.0,0.12162428428057229,0.4023146165258838,24.124861785891373,29.0,2
29587,5.270402895934253,0.0,155.8941323757776,1.5192591302375724,0.7012100698643479,0.03482762600454365,0.0009985074216367666,0.12254275936697334,0.07479010183432175,0.22280677295746307,27.03040612200595,14.0,1
24754,5.270402895934253,1.0,32.8064667285266,1.2953652640842788,0.48009200488394477,0.04257727432062326,0.3321887035460598,0.14854135749879283,0.11315533132292098,0.4883316765960209,27.296012760290715,9.0,1
113595,4.824000686513771,1.0,92.60383965597163,1.837289396713911,0.9696927940084842,0.039128017443527216,0.18071497178150703,0.0,0.06286511691039007,0.43961424622178924,23.197233103373577,18.0,1
130174,4.359420279727952,1.0,96.74473423133894,1.4016217618309161,1.0598329809424267,0.10755176218457028,0.23081248243290878,0.0,0.1363631935094853,0.47664490956611383,26.723256061396366,40.0,2
57202,4.824000686513771,1.0,73.93529204162313,1.0278728688856018,1.057646406189738,0.09754875144648864,0.09129645354967957,0.0,0.10627575941954966,0.44867055468068734,28.1319519203821,40.0,2
120821,0.872923795046736,1.0,141.26437102116753,1.818699770638293,1.4255484317321425,0.03177121969776521,0.02520868125708291,0.13376264379882233,0.1384950913702589,0.6910625738607122,22.89846268306545,20.0,1
134624,4.824000686513771,1.0,125.3704658045844,1.246958858166756,1.1557353982549923,0.02997997452818506,0.12723040671399632,0.06587881502305815,0.06458850317541653,0.17610414704469207,24.60868941022412,41.0,3
115802,6.117892928831929,1.0,123.73723525481101,1.068784255159413,1.5874046880354733,0.06340233793787266,0.3267423973145315,7.118063738822727e-05,0.05687327673656359,0.7496487913794742,31.936008101399675,29.0,2
145588,4.359420279727952,0.0,121.55138295019408,0.9825170437964712,0.9135673883268748,0.02785087616681932,0.022326295988844936,1.139950353520977e-05,0.0652563208801996,0.11725734975686705,27.018551470813666,1.0,1
128015,5.270402895934253,1.0,114.08162475305123,1.0305741753174436,0.2001732032125568,0.03550559855419764,0.37302130041070103,0.12539887678696096,0.06474316603131854,0.2680922205501752,30.767334637410084,28.0,2
42158,6.117892928831929,0.0,119.19146905698663,2.0690952261837947,0.8074882515588501,0.10621872520381574,0.1892456434457902,0.12421788637162054,0.062441153283911706,0.6003049092046717,27.92520675898861,21.0,2
41555,0.0,1.0,126.59592095950173,1.1849505506472449,0.6865080892331454,0.03880600336970576,0.1373413159554467,0.0,0.07989911657905567,0.3619753613456227,22.851355502864475,34.0,2
28907,3.873488880460096,0.0,93.8092197979862,1.433764130961678,0.9487402689416761,0.053747987292612404,0.17395390653627266,0.0,0.08229821707572699,0.7221507233753106,21.863173114922287,59.0,3
111930,0.872923795046736,1.0,157.1851244856954,1.6214139493243716,0.6956828410527327,0.0769637268850384,0.0065060463403866725,0.14675578782577492,0.057669506168896024,0.832250298026632,21.490886117922525,15.0,1
148872,5.701060861471607,0.0,107.6814032649639,1.9395939776160442,1.314978844489941,0.09018667070769226,0.028798143330841252,1.0799955441594003e-06,0.04945575365459989,0.4667357229045698,23.476954436465345,32.0,2
117487,3.3619271977508447,0.0,105.50311433021294,1.4532460742582065,1.4055865716025768,0.04071676728200563,0.11056948609566525,0.1189777447428575,0.051251070043230505,0.49551067655190706,25.252686113650864,32.0,2
104029,1.5954046671017168,1.0,163.26636589085584,1.9511627062983132,0.5359198474324859,0.04324715800843056,0.025116107187592607,0.14766186378149912,0.059071447418294995,0.19140808741899407,24.746417941850044,12.0,1
94066,2.234779091684268,0.0,127.64784862275916,1.5562760176399235,1.0620215341973758,0.07468068007540363,0.20257379790106939,0.0,0.07019179955184995,0.3213020905324471,28.56018182173515,30.0,2
121637,0.872923795046736,0.0,91.428024959944,2.321728503176287,0.6342099553792683,0.11345384110696889,0.025948304091180735,0.0,0.0834609979772711,0.41325998704410216,25.19384528344792,11.0,1
75326,3.873488880460096,1.0,71.437578162878,1.3168623695632067,0.9094662464472685,0.023421221852930045,0.3138925520714904,0.00022380843819784938,0.06874779249788905,0.7513632447261314,24.602580718647484,43.0,3
44313,6.117892928831929,0.0,114.41541328587985,1.5903688309600632,1.0358893422160114,0.057141326997203194,0.1028847268953419,0.010735837393423231,0.13691023836234864,0.4023146165258838,26.768779887588494,49.0,3
37977,0.0,0.0,104.0629634671408,1.6633439737814455,1.0143294574313837,0.053799353682425805,0.16201610323787796,0.0,0.05884883476647055,0.6345081025096693,24.3410256087353,54.0,3
42148,5.701060861471607,1.0,109.3988359729576,1.7309982986371468,0.7104594698327914,0.04438898378389238,0.2616620044246371,0.0,0.0878799146864748,0.881962119472864,24.677480169737024,56.0,3
136690,6.117892928831929,0.0,105.39922682367933,1.2619772416422685,1.6701104704372907,0.052815709546380964,0.17342500988932696,0.0,0.11964725123583841,0.3940899342910126,29.80477384726358,26.0,2
120861,1.5954046671017168,1.0,74.49233783621148,1.440241690388494,0.8409268716865445,0.04183900787932587,0.008227430783173832,0.1413738885074791,0.08497450704940865,0.12211148451059364,24.746971132310197,18.0,1
11565,4.824000686513771,1.0,132.16018838830107,1.6144853188230401,1.5979622149768788,0.0397040421163237,0.16533566327191976,1.1399950351605079e-06,0.06494886800397695,0.7804349562007139,27.03340179210381,77.0,4
76428,0.872923795046736,1.0,91.53934268548832,1.6598262815654952,1.1694107022410731,0.07790245322973517,0.11601985112802114,0.0,0.0994514137349725,0.5401617621376549,27.411776179932996,11.0,1
16620,0.872923795046736,1.0,113.6860328578309,1.5972380637191486,0.6342099553792683,0.1090864959917678,0.043718997079984015,0.0,0.08111111514562246,0.45590417500931824,25.976840950974907,18.0,1
49634,1.5954046671017168,1.0,111.54537991320248,0.894973455755926,1.3513725909920593,0.033661034023204424,0.02446733290778721,0.0,0.10718886451071041,0.5844482742465293,33.07543137754464,51.0,3
88845,5.701060861471607,1.0,119.42622856437872,1.3354442055656686,0.6147791006233524,0.11069945647795845,0.16257276229220186,0.0,0.07298954199416931,0.667637849918361,35.74708023966483,30.0,2
76402,4.359420279727952,1.0,54.447281109382835,0.9825170437964712,0.15034099223757447,0.11281100403753022,0.35936182252310406,0.1487044273562236,0.08680895131871912,0.1732287102697829,30.56539918368161,41.0,3
32122,3.873488880460096,1.0,125.35019598012987,1.0441365530273317,0.9217929097588613,0.10539871697488398,0.24159944956993276,0.0,0.14246445695335316,0.8744040626692703,22.761627261831787,70.0,4
67538,0.872923795046736,1.0,53.27563454768284,1.8823565270014346,0.811393604128813,0.08997598537939895,0.01695775279068509,0.0,0.07610775407689287,0.10461029557445183,19.924786283589725,12.0,1
139601,1.5954046671017168,1.0,120.24227029613897,1.5766811031181405,1.329481015462743,0.06065990766824566,0.08832052273494422,0.0,0.07479010183432175,0.30735740567019904,27.291613366296712,20.0,1
39754,5.270402895934253,0.0,92.24920229801312,0.6895327855205698,0.7861447309043834,0.036177528458350545,0.1597757214669062,0.13570989269086825,0.09861591438912895,0.0899697358108271,24.928518753918254,3.0,1
10618,3.873488880460096,0.0,138.06600623172093,1.8975213518964196,0.9950936437439697,0.10859994509028802,0.10500286109376333,3.229960143882185e-06,0.06806333665025688,0.7187045430626944,28.820312745094515,44.0,3
69758,0.0,0.0,45.59803370585561,0.5229649023558965,0.3451025488963846,0.03414355059055638,0.3360613599683937,0.14245895917801923,0.09162520541474937,0.11239761144098635,26.354628220905486,32.0,2
5606,5.270402895934253,1.0,116.645670320255,1.928065764092387,0.8528606142967284,0.08660651291880815,0.12787458610078709,0.0,0.0682595902191365,0.602063981300623,25.1578942782716,72.0,4
157347,2.81870192439919,0.0,134.37043363024844,1.4959659338530724,1.6836409726368637,0.03983142220934665,0.059355833436364594,0.1481291158678292,0.06966589041842604,0.03860874099813829,25.974833579169527,30.0,2
43267,5.701060861471607,0.0,107.73836857708272,1.3292342453589678,0.593835151024814,0.11948847087220553,0.31818041246442436,0.0,0.12175920649046457,0.5044707688151407,27.80093814397837,16.0,1
140103,4.359420279727952,1.0,117.01422548240805,1.586940561014816,0.653863841431761,0.07851550707857491,0.21506826913802218,0.08787271840522427,0.11797137715506432,0.3536834419639886,24.658076585179654,34.0,2
59291,4.359420279727952,1.0,115.8670612764611,1.1617788655968144,1.5481140364786548,0.028959096633576646,0.053249313701472345,0.00017887765810431407,0.08571582562284803,0.5437179067418695,23.046940758011683,16.0,1
119002,4.359420279727952,1.0,111.63297298741057,0.9746235506992239,1.450687222114931,0.08360405773041377,0.1252878557882259,0.0,0.11905083262975834,0.816157487791309,23.48942022141115,4.0,1
8984,2.234779091684268,0.0,150.122223016742,1.3793644304245756,0.4047791174136846,0.11948075177113998,0.17129658598427597,0.0,0.1110204011529758,0.567661430117058,27.468115961748072,35.0,2
88933,0.872923795046736,0.0,96.42387696694969,1.1762322066763853,1.236529463082332,0.11724830912136835,0.050703087888205475,1.1699477062077024e-05,0.062334781593264214,0.4278171081723786,26.842005957802076,5.0,1
122751,0.0,1.0,117.75083848087726,1.1617788655968144,1.0862263751542853,0.10152244608703388,0.2351286933140305,6.818223454024495e-05,0.07567160824092482,0.12986652282760713,21.141298695634248,29.0,2
121333,3.873488880460096,0.0,175.7003163071655,1.4959659338530724,0.8369642726908375,0.027627422474071267,0.2312091724753965,0.12615240624428958,0.07253143383276514,0.22849210047277335,25.971487725305707,39.0,2
29460,3.873488880460096,0.0,159.26322827376507,1.5393873568146128,1.2155178905375075,0.10139935755464843,0.07373331035081927,0.008698409363821236,0.13899861414903675,0.6927940050087114,26.113896100082727,40.0,2
97465,6.117892928831929,0.0,100.67748155079279,1.5903688309600632,0.7178926528129836,0.10139935755464843,0.1434542782503005,0.0,0.07113757653068406,0.2426743316518963,28.774656282366337,40.0,2
18216,1.5954046671017168,1.0,70.14003549412809,1.0798363793789911,0.7880755588262914,0.03743776061128075,0.36101684529083516,0.14826535491985524,0.11020651288205074,0.06604278235193516,28.554912518298362,19.0,1
122321,4.824000686513771,1.0,80.98122744874671,1.756317752022725,0.9197336231387233,0.09220467864151599,0.09129645354967957,0.024418278472219074,0.07697095147323091,0.4586141796681728,22.953071924289013,44.0,3
112028,4.359420279727952,1.0,73.38858851239523,2.283354178785016,1.0250847906186369,0.10549248652952234,0.11669313372009094,0.0,0.06806333665025688,0.5923822294541841,26.898241310686036,1.0,1
81146,3.873488880460096,0.0,93.1909473690543,1.3793644304245756,0.6810255875210611,0.0897636276352218,0.09859728595086668,0.0,0.12556619701215935,0.3315024662333718,28.559680011925533,27.0,2
64097,0.872923795046736,0.0,121.59210106111283,1.5427567021324977,0.776519017031305,0.044982288551343556,0.18426934876289744,0.0,0.10915962010817792,0.5729680510664715,23.092184622928926,30.0,2
120557,3.3619271977508447,0.0,60.64194427822566,0.9126556457501946,0.15764955306624195,0.10501676070355577,0.3273603516800775,0.14479017562031374,0.12344151675057939,0.5650062005971751,18.953026695768745,41.0,3
11084,5.701060861471607,1.0,131.90365981789097,1.0010637611083457,0.8133491362738893,0.058717534870942424,0.09277239074984024,0.0,0.11425910032408468,0.4604200635633939,24.044572693690714,64.0,4
28468,0.872923795046736,0.0,74.91791426626659,1.4728761491942823,0.6610661750968433,0.04348913937226915,0.21333172503136444,0.0,0.07434469244013149,0.20665925415005007,21.71247661597284,2.0,1
26483,5.701060861471607,0.0,137.12094346577314,0.5932984666691752,1.5481140364786548,0.04843439090520536,0.0,0.0,0.12381154675558945,0.5410510166898501,22.2376438407699,38.0,2
93839,0.872923795046736,1.0,146.92224566270943,1.670392228724202,1.1489248154734721,0.03482762600454365,0.003976213546291906,0.12488166899894099,0.07298954199416931,0.7864031279468107,24.88900243546573,29.0,2
97475,4.359420279727952,1.0,141.65783120624468,1.4176418973042995,0.882997246197953,0.030629476337651843,0.005946621798604477,0.14228283475384637,0.10979175009966557,0.5276968367130614,28.629248672536207,13.0,1
48757,5.270402895934253,1.0,104.54159474421954,0.6183139566629519,1.450687222114931,0.09370898039945591,0.04822107664482468,0.06964799176973854,0.11684452751132064,0.46312771325061475,25.88036791048036,26.0,2
58673,0.872923795046736,1.0,80.09595207447816,1.6075736872862627,1.3709714197337277,0.10586085027058409,0.3096907577362992,0.00010295948287406406,0.14395070188222747,0.8601032523396019,22.171580817234883,28.0,2
45321,4.359420279727952,1.0,92.12212072022665,1.586940561014816,0.9929661400695023,0.09901837159570151,0.008373724548493786,0.0,0.12675805909983276,0.3324287028011156,25.965732171669547,12.0,1
1520,1.5954046671017168,1.0,102.87542967328102,1.2054289960576283,1.0751944363573847,0.0689341804959577,0.16860685887279303,0.0,0.0692325431781873,0.2180635239145109,26.33461334062612,73.0,4
104937,3.873488880460096,1.0,83.8328614811163,0.6895327855205698,1.6701104704372907,0.07154319726812285,0.0019940376062208094,0.13758299323655312,0.13782724280491493,0.4023146165258838,27.903799287611935,32.0,2
79676,3.873488880460096,1.0,127.05123496576611,1.1966292274711101,0.8153065731672732,0.05978989723063145,0.1902268730920707,0.0,0.059348811008672966,0.5062609762137036,21.57518534738771,7.0,1
61600,4.359420279727952,1.0,116.29231523735214,1.3168623695632067,1.1992887046249214,0.039448600807730404,0.010821767172170031,0.11410810041590093,0.0692325431781873,0.529479302078413,26.236908908488097,5.0,1
149351,6.117892928831929,1.0,93.09577665109178,0.5932984666691752,1.5742552026161614,0.08307477277729898,0.010821767172170031,0.11813532573719375,0.13522551579728095,0.551710741535826,32.37332950806044,62.0,4
1253,2.81870192439919,0.0,110.71533286200696,1.3045544042799484,1.0358893422160114,0.04438898378389238,0.023165805092240477,0.0009961907158109078,0.09355379050258464,0.6554543597330946,20.81624253088874,73.0,4
5406,3.3619271977508447,1.0,82.23660381975456,0.9904435638128387,1.0510985468541778,0.1090184426822874,0.004962882796202298,0.0,0.13631186222496286,0.351838884233596,24.086289258770954,24.0,2
78837,0.872923795046736,1.0,117.1677411029208,1.9900187305277914,0.6773798878749421,0.10881139747315668,0.2404747550200633,0.0009961907158109078,0.07654086052747315,0.29897094882889713,26.016164191281447,59.0,3
136838,5.270402895934253,0.0,120.05363127263581,1.3762010353347607,0.8789540273492653,0.06322975991368103,0.1200332692849557,0.0,0.07948948280021469,0.23795182913777405,23.138237161851904,14.0,1
143292,6.117892928831929,1.0,130.57963862834552,1.7382106712178036,1.2742887424067721,0.10706965946680329,0.008792739744806913,0.0,0.06776790858233991,0.5071558543350404,21.858361636216795,20.0,1
39442,4.824000686513771,1.0,114.91326973363671,1.1105412085910351,0.7707663064582774,0.06102200408319748,0.3075369769343362,0.0,0.10958238112235452,0.7872552495643941,31.250790047278503,30.0,2
119335,4.824000686513771,1.0,140.52683243707887,0.27257088459193435,0.40020676244095,0.02844379682282684,0.3516246407894022,0.059138788265392456,0.09630503739313614,0.3259413065890475,21.94635946746839,5.0,1
51712,5.270402895934253,0.0,108.58716061835666,1.2953652640842788,0.8468851234775537,0.05824462509301763,0.21463560404457743,0.0,0.07207008747600625,0.2332244270349452,25.455255710677456,4.0,1
153081,4.824000686513771,1.0,92.50858301601906,1.7781902494919293,0.736606806235421,0.0470181310899528,0.10849580240222706,0.0,0.08497450704940865,0.33335476170646205,22.16100441471256,17.0,1
45161,0.872923795046736,1.0,87.37545315057758,1.8597430050557224,1.03805616547117,0.10247485139026782,0.055018869509493924,0.0,0.09804963764136568,0.4387077377800461,31.19602800059616,63.0,4
159971,4.359420279727952,0.0,108.88194525971464,0.9330796361672831,1.4658701681640962,0.0853906261142464,0.16643138894708484,0.05685311494931573,0.11239606234866689,0.5685462219497042,27.01568497956261,44.0,3
128416,5.270402895934253,1.0,58.78321704152034,1.826122368673923,0.7669406212233013,0.11855457686307135,0.054261772628098816,0.0,0.059071447418294995,0.4928196937814543,29.169707544516218,31.0,2
15680,3.873488880460096,1.0,115.54925599301187,1.1704392993079824,0.8153065731672732,0.1059512892555724,0.1926598498780871,0.11081655243372752,0.12121460761967925,0.3054950288257411,30.170479346400793,54.0,3
30354,3.3619271977508447,0.0,152.84955021826823,1.6041242390834507,0.7803636199698412,0.04730387785758131,0.24783790767316516,0.0,0.07523239892816581,0.7290371027083983,24.782219760139764,41.0,3
21987,1.5954046671017168,1.0,137.07591724242775,1.258965687733321,1.4887850777116909,0.04899224740895944,0.09203541848258019,0.001984806558653298,0.13620837712054312,0.8093691047507907,26.908825525171178,37.0,2
52384,0.0,0.0,177.3793334864515,1.1617788655968144,0.8409268716865445,0.030916456657733713,0.2892037810752459,0.14864509091371522,0.07654086052747315,0.09876026245068067,23.476811125617516,22.0,2
50397,4.359420279727952,1.0,115.96442824603847,1.826122368673923,1.3981349919391537,0.032756846992377936,0.08173513805400671,0.07157913323006877,0.07824336696718033,0.49551067655190706,27.022720543026143,30.0,2
69654,2.81870192439919,0.0,113.85559630985999,1.3635879022326585,1.0014879181509468,0.053799353682425805,0.28067097514130473,0.0,0.10437726552568219,0.39043018103571125,27.46669876442652,28.0,2
122500,0.0,1.0,103.24023074201102,1.3793644304245756,1.0100410881731547,0.041962598355487504,0.25729539104543686,0.0,0.07654086052747315,0.31479963689727203,26.679125010762043,8.0,1
148746,1.5954046671017168,1.0,92.53504459719053,1.7818509781400034,1.3464934343650294,0.0689341804959577,0.1014632060448643,3.8994190035938774e-05,0.10133787158252591,0.5035754392914052,21.717460790575036,56.0,3
2708,5.270402895934253,0.0,149.2527266442475,1.1820405678953774,1.2318460617081535,0.05531977924046881,0.19071575807816873,0.0,0.08823206529773955,0.6702452610397654,29.923775419945784,17.0,1
94656,6.117892928831929,1.0,113.19255139973968,0.8091720843236079,1.6836409726368637,0.03893498113615136,0.037996530752953575,0.002260270455005086,0.11634650289624089,0.28496036755879967,31.94030754277622,39.0,2
106,3.873488880460096,0.0,102.71381588545479,1.3230403074748542,1.3611555555156263,0.039448600807730404,0.08379560804947994,0.0,0.1028873097127769,0.7906625533781805,24.486459095102756,89.0,5
95348,1.5954046671017168,1.0,77.87118926239792,1.563060875323366,0.7669406212233013,0.09181366582891372,0.2370566471492302,0.0,0.07567160824092482,0.35460545987661984,27.108870215433114,42.0,3
18067,0.0,0.0,102.51044368949889,0.6939649337958178,0.3248693292889913,0.059651224241981105,0.35580609640493494,0.015065401060720823,0.11220324037571663,0.3940899342910126,25.59663583703925,62.0,4
118839,0.0,0.0,111.13820051606193,1.4144297135629609,1.5690101476162517,0.026953409443536608,0.04476386769526602,0.1481203004297145,0.08716837634649345,0.3481476766638229,27.02741022582926,14.0,1
12072,4.824000686513771,1.0,125.2893836909507,0.894973455755926,1.3758917009694793,0.03880600336970576,0.016577632105374596,0.0,0.12964737404116164,0.5782695745186084,28.25888929696991,54.0,3
49326,4.359420279727952,0.0,120.54298551105953,0.9407982425356697,0.8992472401295339,0.05328367386024081,0.2521076621480948,0.11391180636698472,0.07207008747600625,0.5366032848165226,28.564823276985948,49.0,3
115612,5.701060861471607,0.0,104.52599214835386,2.005688063444212,0.593835151024814,0.11878623959327966,0.131070708116066,0.0,0.07739805058592603,0.684131723091564,20.483043349688877,2.0,1
13562,0.872923795046736,0.0,106.91972493143851,1.0278728688856018,0.5292440246282983,0.1104113823661705,0.3136627406670611,0.0,0.08030591854684666,0.1942716743024051,20.90684912587217,38.0,2
75579,3.873488880460096,0.0,100.53105797527199,1.3199493399191744,0.585186269256022,0.039128017443527216,0.06920649536037776,0.0,0.06291794151879873,0.6711141375205762,23.62724937792191,39.0,2
7364,0.0,1.0,57.19389986292037,0.7051038664063272,0.5886403425809775,0.04954523409962817,0.21025463587619359,0.13652029537356714,0.11949950664623125,0.28496036755879967,29.241736981533233,39.0,2
147058,2.81870192439919,0.0,126.24668808836499,0.9511404885049599,1.1625640217662516,0.036177528458350545,0.08303424155368089,0.0,0.07389614600927014,0.5472717260619129,25.783784532266385,62.0,4
45589,2.81870192439919,0.0,91.94204564590738,0.8187599816799841,1.0014879181509468,0.09424935215065408,0.017147645668493677,0.0,0.08497450704940865,0.48114289466383386,28.523659423347,33.0,2
15270,5.270402895934253,0.0,105.89775370028163,1.0853850452792237,0.7803636199698412,0.05581785744347516,0.10359265120566807,0.0,0.062121579541474924,0.44323868162207153,25.38178272974853,5.0,1
4336,4.359420279727952,1.0,143.77187470590627,1.4597729435754092,0.7958178421299469,0.060112080397729396,0.02409600998560086,0.0,0.1293803312247751,0.602063981300623,22.629818513902187,33.0,2
150292,3.873488880460096,0.0,113.20283539778133,0.2603977600807016,1.872968134147178,0.04379041442699696,0.29382210221966804,0.14793612824899144,0.14591637509771493,0.0019994840278861,20.150629085927513,1.0,1
127980,3.3619271977508447,1.0,103.74543668916901,0.8799567951318898,0.7958178421299469,0.03414355059055638,0.1642345639618373,0.002965912600349943,0.12135199042106064,0.18758708461990609,30.607295119968413,36.0,2
129770,0.872923795046736,1.0,147.6105572933472,1.1189948897666122,0.776519017031305,0.025435779189136993,0.2777125758922266,0.10669751904935258,0.07434469244013149,0.351838884233596,24.32423928721909,49.0,3
147855,3.873488880460096,0.0,113.57297046134141,1.2290664655179893,1.160285808401269,0.06322975991368103,0.005946621798604477,0.0,0.04489562911142059,0.36381610868103414,26.639154077492343,56.0,3
85656,0.0,1.0,107.9920708880782,0.8020177118754851,0.2499554292750488,0.028369916082223195,0.3688765901854031,0.0,0.06082941978259933,0.46853879156411365,29.250624135845023,46.0,3
4962,6.117892928831929,0.0,123.49350880198644,1.3354442055656686,1.1511930062111049,0.06408679225719048,0.051639214901532914,0.08370549985994641,0.08644706391858864,0.31386999284176065,23.67245438892362,75.0,4
130312,1.5954046671017168,1.0,111.27223243825,0.6502417239435571,1.8360040273160725,0.06931636345747896,0.0,0.0,0.11020651288205074,0.42509082013318533,26.63560205471041,12.0,1
544,3.873488880460096,1.0,102.21832119961852,1.0937363611747035,1.3053516392490825,0.04730387785758131,0.26232341760931527,7.959757947745404e-06,0.07866163055322024,0.7152563614657733,32.40532338488806,77.0,4
76198,3.3619271977508447,1.0,91.40681939171685,1.2142637860645362,1.0489198800185926,0.03737196454856716,0.29328660272751916,0.00010495789435948806,0.08190524688566762,0.5985452841347247,19.770806130687784,39.0,2
57352,0.872923795046736,1.0,152.55397715911798,1.6423020601527738,1.3391900932368495,0.09407062608946572,0.0785770334988837,2.4099778117058396e-06,0.06627170617944157,0.4032276391499472,27.549199743821088,32.0,2
111736,5.701060861471607,1.0,151.38565862136562,1.1417057923154803,0.7861447309043834,0.025435779189136993,0.2521076621480948,0.0,0.05940416375632923,0.44504994222165256,24.24117155418962,44.0,3
144883,5.270402895934253,0.0,139.17989013035032,0.8091720843236079,1.4456428644832313,0.024820975758854544,0.13485229153255027,0.0,0.06222825709503983,0.6231300200369565,31.476929883364445,21.0,2
7808,2.234779091684268,0.0,146.58534935010755,1.1274828423974343,0.8448971249366763,0.04954523409962817,0.19601848270027006,0.12902527453437898,0.09417957066797655,0.16555160761465107,28.737570767499673,50.0,3
3060,0.872923795046736,1.0,71.80533581780892,0.8405372437315713,1.0489198800185926,0.036177528458350545,0.16752177592828701,0.14643338556933322,0.1231911327681001,0.4359872512326654,22.279237452462095,6.0,1
145887,1.5954046671017168,1.0,74.57966370771553,1.035987948999315,1.366059372813981,0.1131809531893536,0.13919151447689318,0.0,0.128645412749902,0.5747357907610485,23.22929137438639,1.0,1
129972,0.0,0.0,113.43419005917507,1.1560244956058299,1.2648001779253042,0.031700341627013295,0.005455117851857182,3.479537397499626e-05,0.12476668575403163,0.329649459445562,19.64930512582563,39.0,2
25393,5.270402895934253,1.0,100.52582799868449,1.563060875323366,0.6271184303094184,0.05425964751920691,0.0026395412914627676,0.1467411036455671,0.053725243727408965,0.3601339240615556,28.55842546104993,16.0,1
155592,4.359420279727952,1.0,117.91444062097868,0.787802634069226,1.1443944415571772,0.02844379682282684,0.20395110310415332,0.025231074929758734,0.09227673809299898,0.581801103291445,30.328966445904236,11.0,1
66922,0.0,0.0,154.39013237296135,1.9588977384166186,0.8409268716865445,0.05728648091811103,0.04736046046136347,0.0,0.1031396955853106,0.21426532189317865,25.882246102453664,39.0,2
147198,4.824000686513771,1.0,108.58198793761166,1.2024918523025487,1.4180472143719791,0.05747943529414456,0.19744118313193104,0.0,0.090631273449164,0.406878074585287,27.028061526841388,22.0,2
119529,4.359420279727952,0.0,126.10999411056953,0.7482001681201292,0.20273364528447474,0.03550559855419764,0.35890541083679917,0.14877414314378565,0.09162520541474937,0.2943053803806194,27.073495965808906,10.0,1
75862,3.3619271977508447,0.0,143.7569677251899,0.9000075885026969,1.4105646242891337,0.032054095044992494,0.06166502125087374,0.1293431579863078,0.08030591854684666,0.4359872512326654,24.8406162632547,19.0,1
27268,1.5954046671017168,1.0,141.08003821257597,1.2201731395132756,0.5392685908845773,0.024666575841302687,0.23972090973170235,0.0,0.0912961293942096,0.2624558909370821,24.55840097313582,41.0,3
69236,3.3619271977508447,1.0,62.044698952052464,0.8429744814568473,0.5176307295664182,0.07600145917456508,0.3327781694329292,0.12089889537674375,0.0994514137349725,0.38768360549391373,23.858790987752652,19.0,1
76778,0.0,0.0,102.52087443427267,0.40592396093865335,0.23397523815617677,0.032756846992377936,0.34879317068115623,0.14824048470688458,0.07866163055322024,0.22375482435312113,25.16404805981576,42.0,3
80702,2.81870192439919,0.0,126.78819320060246,1.5192591302375724,1.1308513369073827,0.03414355059055638,0.1410276701496655,0.012377812595437692,0.1220266290353647,0.6685071173338719,27.66436772070318,41.0,3
2893,0.0,0.0,93.23324101329352,1.4208581649724286,0.23794773678388204,0.05476688216271569,0.12723040671399632,0.0,0.09570786137811908,0.47394426546045465,27.911191228242977,13.0,1
109785,2.81870192439919,1.0,81.40178887095205,1.5835165182702335,0.9238541349219103,0.05680116751690537,0.08050692449836082,0.0,0.09386772939038489,0.8187012206330496,19.688033356350374,31.0,2
112727,0.0,1.0,98.9603102936607,2.0412105181439637,1.3343314548273377,0.09943794886500139,0.30411417011148073,0.01219647053919125,0.07479010183432175,0.5187756442984244,27.031448119853174,46.0,3
93654,3.873488880460096,1.0,113.16169860378342,1.0660306262012467,0.6007871602881386,0.08386550447689363,0.20257379790106939,0.00681651852218226,0.11220324037571663,0.6318844125769992,22.328488044211525,47.0,3
71016,6.117892928831929,0.0,106.24029637199374,1.2649927397327414,1.1129057238060638,0.037700358280523115,0.15407694726749513,0.143636653736861,0.13977831560485432,0.388599298650405,22.754602639818263,41.0,3
82894,3.3619271977508447,0.0,107.075232312509,1.4305314995612604,1.0995302396656046,0.07971180677246352,0.2548947328680451,0.0,0.09630503739313614,0.6003049092046717,27.298341655660884,4.0,1
133285,0.0,1.0,167.26033271923896,1.0826088263724851,1.3077553750603137,0.03345331143459896,0.16033788778722907,0.001984806558653298,0.1005400101632899,0.4050531875874435,24.20230323676753,44.0,3
3496,1.5954046671017168,1.0,144.15441148476785,0.4527680845221138,1.32222071931342,0.04438898378389238,0.0,0.14780794421992247,0.07298954199416931,0.25398849438243537,33.2912727314885,24.0,2
65633,0.0,0.0,83.42480699879859,0.8235748656635028,0.1625543829221118,0.0461533086282955,0.3735420189563072,0.14856962913636654,0.07160547706998972,0.3277957400099712,24.120359116071576,58.0,3
22777,0.0,0.0,112.44660451846687,0.9957462955575801,1.1992887046249214,0.08360405773041377,0.012655488324436899,7.267981304120581e-05,0.10627575941954966,0.41143740592545724,26.22893297239067,57.0,3
1221,4.824000686513771,1.0,97.52257766858725,1.8298402910541283,0.9781284470444853,0.07821024105866159,0.06256725998999131,0.0,0.08644706391858864,0.5339328914848354,30.415928873216323,2.0,1
120106,0.872923795046736,1.0,113.64492112061961,1.867263047261125,0.8231553808396798,0.11185624232246855,0.22841394966772371,0.0,0.07479010183432175,0.34168132433451065,27.544956537156974,58.0,3
59537,6.117892928831929,0.0,129.7278271888124,1.6041242390834507,1.4887850777116909,0.08911637209763554,0.11398938173084487,0.0,0.10673525114395638,0.5932630825882477,27.677314875311183,64.0,4
18061,6.117892928831929,0.0,100.71931126973098,2.216080676025131,0.4341039988334495,0.06697413709052649,0.056192763791756715,0.0,0.09417957066797655,0.6893306308342276,27.282165975830875,63.0,4
37025,2.81870192439919,0.0,114.99536071502752,1.4532460742582065,1.4431238001219762,0.032054095044992494,0.005946621798604477,0.0,0.09029545927515505,0.7547906905198852,25.109448891690608,60.0,3
73160,1.5954046671017168,1.0,122.94995378383189,0.6829095930719221,1.6972246861723046,0.050636785623080244,0.016577632105374596,0.0009961907158109078,0.10627575941954966,0.3739279421988962,27.742628632243267,63.0,4
69579,2.81870192439919,1.0,122.59925459008652,1.563060875323366,0.49466828604235225,0.09612667909729579,0.18825977665822002,0.0,0.09195206939260495,0.490127341111776,25.450913808916802,29.0,2
159751,2.81870192439919,0.0,125.53767396459784,0.8308234223741906,0.46088154821066385,0.026198033914667747,0.3504682971490409,0.1480116311050532,0.0909648244230264,0.6082163911561125,22.682075849634085,8.0,1
5968,1.5954046671017168,1.0,104.44277268129206,0.9101188546911463,0.23133524060775695,0.0431865287142909,0.3687395914417553,0.01769303436637822,0.07066635954166857,0.18758708461990609,25.333627966062163,73.0,4
108073,5.701060861471607,1.0,89.45819487936224,0.5132321194330479,0.2566849717186903,0.041342447356368994,0.3635186979644739,0.14748398906460924,0.14434275443892441,0.4278171081723786,24.249444921811133,4.0,1
91993,6.117892928831929,0.0,174.71016254791041,0.8774664929240397,1.0664045786492466,0.02551231619817254,0.2728544450274014,0.14861803168969095,0.06667382324345433,0.20189888019114546,22.163835051999655,48.0,3
94224,6.117892928831929,0.0,112.32306928525924,1.6283596013417518,0.5159788866289045,0.08911637209763554,0.1360999778061121,0.13046348084387843,0.10263327184459343,0.40961416743273077,28.56080907552759,15.0,1
2831,2.81870192439919,0.0,134.72659713722635,1.3793644304245756,1.4431238001219762,0.03887052098015331,0.04502452687954758,0.14528338822632902,0.06510275914425293,0.25587148181996267,27.03027587035194,54.0,3
36527,4.359420279727952,1.0,137.98603690698351,0.8625992772181287,0.7422576704438388,0.02770197444137078,0.2824180459292544,0.0,0.10237756976806238,0.41143740592545724,26.276631115462692,26.0,2
17352,3.873488880460096,1.0,95.30757629181214,1.767234330366132,0.7012100698643479,0.05918638842682127,0.12069608348726522,0.0,0.07567160824092482,0.28496036755879967,22.46192814478512,41.0,3
118064,3.3619271977508447,0.0,81.29398217750767,0.7276338680333096,0.3134583851303576,0.0614711458158501,0.3175131692008499,0.14515383250639416,0.11667954399222695,0.4658339547302879,20.309788306138085,4.0,1
36968,2.81870192439919,1.0,131.833227714956,0.6352505547361027,1.1218625664872488,0.029398196082016312,0.010531289946026881,0.046441724279504985,0.09718602680360759,0.36381610868103414,21.706887385818582,49.0,3
88067,5.701060861471607,0.0,130.67031714347942,1.5192591302375724,0.8448971249366763,0.09579709610988524,0.23972090973170235,0.001984806558653298,0.0626534392312979,0.7255949080509491,23.795368207763175,61.0,4
56164,2.81870192439919,1.0,113.23882833882908,1.2439669833584739,0.9487402689416761,0.041342447356368994,0.23858402162324605,0.0009961907158109078,0.07253143383276514,0.3203737089709441,27.83631792268072,43.0,3
56134,0.872923795046736,1.0,122.76699818046248,2.0096167646815903,0.9887170107264152,0.040085503505564654,0.007905355412165744,0.0,0.06370578415960063,0.37117222363207886,27.329768505768286,55.0,3
105107,0.872923795046736,1.0,83.13470068765339,1.635322297431103,0.653863841431761,0.09239789907154937,0.008880373055813805,0.0,0.07207008747600625,0.4232724839940975,27.622934699067443,29.0,2
147061,4.359420279727952,1.0,103.38089048522373,0.23951232835869585,0.007390996097847587,0.03345331143459896,0.37457407629954614,0.14832221679716667,0.08030591854684666,0.069581805563666,18.72736332915734,37.0,2
6934,4.359420279727952,1.0,89.69745036653478,0.8478595149544487,1.3857569851549003,0.04843439090520536,0.009852506517610308,0.0,0.1261174700059207,0.4622253199987333,29.876846296954195,73.0,4
88774,4.824000686513771,1.0,119.44663931243542,2.121479287664249,0.8231553808396798,0.04965525120671698,0.26363808924697757,0.0002846899538566718,0.08307607176161669,0.4793441631124205,28.56018182173515,54.0,3
124867,6.117892928831929,0.0,118.7370724057532,1.0224814030232345,1.7659439067404081,0.040590962981325904,0.034331660008063536,0.14369449700609652,0.0878799146864748,0.3250138217148678,26.50038547114943,34.0,2
137611,4.824000686513771,1.0,147.11541563438072,0.8478595149544487,1.4355790578709804,0.02844379682282684,0.07135967865258865,0.13542791696694112,0.1028873097127769,0.15689863189189093,23.67017414494928,38.0,2
21200,2.234779091684268,1.0,64.79234029050295,0.6895327855205698,0.28679477094481415,0.041962598355487504,0.3373856175871146,0.08487279545671522,0.09029545927515505,0.29617216065705904,26.69029380665271,57.0,3
45374,3.3619271977508447,0.0,85.84752915674324,2.053133596177965,1.2412209663588705,0.09477728604255982,0.05333381640356864,0.0,0.08268848505094586,0.3619753613456227,25.424580263539063,25.0,2
89167,2.81870192439919,1.0,54.44157447150286,0.8332466137621517,0.10424879068637183,0.03482762600454365,0.3399871369797906,0.1478281207680936,0.07113757653068406,0.2840248434483561,22.18810896558814,27.0,2
158726,4.359420279727952,1.0,132.7031902292514,0.9228387905195625,0.8055384298711078,0.029907481693841425,0.24566192079379473,0.0,0.10785844760529659,0.4350801015157789,26.204995266658827,64.0,4
118238,4.824000686513771,1.0,143.22016863944438,0.9641501397610845,1.1625640217662516,0.0461533086282955,0.1857746293957585,0.0,0.09804963764136568,0.5579193060105864,31.315970106331378,41.0,3
51352,0.0,1.0,177.98669029913748,0.8043990271576443,0.7216204794212896,0.02770197444137078,0.16533566327191976,0.0,0.13099723383694759,0.3277957400099712,25.10506652552409,31.0,2
23486,2.81870192439919,0.0,113.5678308791157,1.2409790360109807,0.8548562783934225,0.09873331191373055,0.05644371077142592,0.0,0.06932908154789773,0.6064592478239177,33.97776984076315,8.0,1
139514,1.5954046671017168,1.0,144.3977682259032,1.6916401609057337,1.2790452321863144,0.036177528458350545,0.0,0.1483852528753606,0.13237734606099583,0.09680842200634909,26.96157367293477,19.0,1
24049,3.3619271977508447,1.0,110.6224773668484,1.0993228154521477,0.21045458225094912,0.04673112473458526,0.375466997075387,0.0,0.09861591438912895,0.5525981112890355,24.83206278332373,26.0,2
28001,3.3619271977508447,0.0,138.7904262726729,1.6633439737814455,0.9197336231387233,0.03880600336970576,0.017527096931831115,0.0,0.06370578415960063,0.8119156184780627,28.056211069468947,34.0,2
79186,0.0,0.0,83.9723940401244,1.2113149601562354,0.9135673883268748,0.08029540932132537,0.1133089973400213,0.12577893261837986,0.08823206529773955,0.47484463488452405,28.658420573162825,49.0,3
62418,0.0,1.0,76.58418720289814,1.4926549618789116,0.7422576704438388,0.05223874875548161,0.1847723004118197,0.14459789690953062,0.11389577405950702,0.30735740567019904,25.818201172569733,10.0,1
109696,3.873488880460096,1.0,125.64912835869774,1.9357467418808714,0.630660508976416,0.10348094851633399,0.1580808751609178,0.0,0.07207008747600625,0.6693762543425813,27.9208751983534,22.0,2
45350,0.0,1.0,129.18305487891277,0.9177400165281233,1.2225035455976938,0.0769637268850384,0.16257276229220186,3.5899507645488736e-06,0.08422295110813957,0.8752442881447556,21.20213339829389,23.0,2
44814,5.270402895934253,0.0,117.68436582332798,0.9537351345706274,0.7593119202228912,0.041342447356368994,0.34377558776963113,0.0,0.1260085040040869,0.5089451600367382,22.010182117009872,49.0,3
155808,1.5954046671017168,1.0,102.20788604939635,0.9305140056689871,1.6432088154910538,0.03684347528477961,0.015625372543004,0.1255263014773452,0.12175920649046457,0.3601339240615556,27.034443711328425,8.0,1
36582,3.3619271977508447,0.0,127.31925501723946,1.3984299557000819,1.6006068707433185,0.06383121538839248,0.08027603507519873,0.0,0.1253411175128383,0.7753147408630994,27.03066662403189,52.0,3
108838,5.701060861471607,0.0,119.08427424564596,0.8601338152434236,1.5716316228929437,0.033937128823979576,0.0018548421676852947,0.14833020860305846,0.06840641496750414,0.10168630609411251,28.556543564145237,25.0,2
159542,3.873488880460096,1.0,146.21860072896922,0.6373823175983337,1.2909720999978591,0.041342447356368994,0.008880373055813805,0.036000550337622,0.11479565148345594,0.41963386075746517,27.05592720132749,34.0,2
11952,0.872923795046736,1.0,90.7278694590958,1.2201731395132756,1.0272417610184217,0.06616661355998277,0.2924794775923191,0.0,0.08307607176161669,0.8651542683548678,27.64141161761763,7.0,1
155315,2.234779091684268,0.0,150.57150889175523,1.3857033743699478,0.8729036385143312,0.04379041442699696,0.2972532295256157,0.0,0.0626534392312979,0.6003049092046717,26.593216025966424,3.0,1
55771,3.873488880460096,1.0,86.64936704861523,1.2439669833584739,0.8548562783934225,0.058717534870942424,0.1597757214669062,0.005864813330088342,0.08892922146119757,0.1933173511187911,30.33197629705234,50.0,3
86406,0.872923795046736,0.0,116.44596672792511,2.0017639122572035,1.3636064357556406,0.03386819800867214,0.0327993311134491,0.0005607953440067856,0.032652284375407556,0.7974715008392304,27.031708615041563,16.0,1
88997,5.701060861471607,0.0,102.06177795538164,1.7818509781400034,1.0840160182295047,0.11289513551182562,0.08682041266096152,0.0,0.07948948280021469,0.5844482742465293,23.238094954601834,4.0,1
3063,4.359420279727952,1.0,112.678180798222,1.4467356640090427,0.9508267515704789,0.030773095804082808,0.011015275563230354,0.007384084737022998,0.07014415865854837,0.7522202886606224,23.480537015830908,58.0,3
53205,0.872923795046736,1.0,108.20428695548055,1.1502855016786524,0.8729036385143312,0.11385807947341539,0.08832052273494422,0.0,0.03662306332385418,0.47124222729765775,27.285660475837332,38.0,2
95495,0.0,1.0,120.21168306271956,0.16915850430678758,0.015170969635738246,0.044982288551343556,0.3653873670030248,0.1485126298438773,0.07160547706998972,0.3472244379771469,22.704216714521852,32.0,2
13916,4.359420279727952,0.0,141.00529886486908,1.6809968297595563,1.0685990710633249,0.041342447356368994,0.03861793216455963,0.08966760967333837,0.07389614600927014,0.8668370486535385,26.50526985351604,27.0,2
15018,5.270402895934253,0.0,91.87847772533422,0.8527586441232778,1.0036232661278224,0.11081194339916868,0.25763548768408095,0.0,0.1402624753950625,0.7676263476484754,26.35383312482235,6.0,1
140197,2.81870192439919,1.0,162.6563048040844,0.5132321194330479,0.43722778157262376,0.029907481693841425,0.2569545847468735,0.06964799176973854,0.08534643612555834,0.11725734975686705,22.151765907637202,56.0,3
19641,3.3619271977508447,0.0,104.66120359573203,1.6248846462339144,0.5426245627788366,0.11268268778192085,0.11398938173084487,0.0,0.1005400101632899,0.5765029649516105,28.64640370785198,41.0,3
111968,0.0,0.0,102.92234300923363,1.752687621763492,0.6147791006233524,0.10986713521603828,0.15751312861954064,0.0,0.09747580878089683,0.5178827095260955,26.26494453941582,14.0,1
4478,4.824000686513771,0.0,130.01017271513285,1.7418233789384563,1.079601259342487,0.0431865287142909,0.07135967865258865,0.05685311494931573,0.06677399494927812,0.5044707688151407,25.929974783327104,21.0,2
49888,4.359420279727952,0.0,105.83026451866816,1.2290664655179893,1.1900592475800453,0.06697413709052649,0.1558014307814477,0.0,0.05306868496164823,0.870201275136677,32.988913834439835,52.0,3
29493,0.872923795046736,1.0,52.89191845970074,1.593801330922556,0.8409268716865445,0.09277983356126722,0.08455490089482158,0.08750648063471238,0.11700849582798221,0.5614638976786368,26.771139916612587,32.0,2
8650,3.873488880460096,0.0,102.58345571966025,0.977251050003743,1.0685990710633249,0.10816339972175154,0.29382210221966804,0.0,0.07739805058592603,0.30735740567019904,21.622932708208207,67.0,4
131727,0.872923795046736,0.0,118.3641792542119,1.7965377462689096,1.0773968561658953,0.09858915255184081,0.07056408099918726,0.0,0.07479010183432175,0.428725547103319,24.02510702717296,1.0,1
107680,5.270402895934253,1.0,104.10459604738172,1.4959659338530724,1.7327918798529205,0.058717534870942424,0.002113301720686845,0.14276527041772133,0.12787593330562827,0.5241301357294121,26.63810165989038,47.0,3
60697,0.872923795046736,0.0,114.96970818405607,1.246958858166756,0.6701107889329828,0.10224203121314437,0.08150525731732736,0.0,0.09833371298734968,0.44052059468949495,25.80892788032084,34.0,2
149189,0.872923795046736,1.0,85.52649535362028,1.068784255159413,0.9156208630438081,0.03414355059055638,0.024930878123229857,0.0804742532127414,0.09227673809299898,0.5967851052426851,32.16633993097167,46.0,3
26471,0.0,1.0,102.70860193283791,2.2622012929733035,0.8133491362738893,0.11108650909359,0.041618479950598815,0.0,0.06850412453748891,0.283089132646496,27.39719492566315,45.0,3
32526,5.701060861471607,1.0,84.31571819993137,0.9537351345706274,1.5247664907417113,0.09239789907154937,0.05952137724388536,0.0,0.05069797419220065,0.6797957612726563,31.937518761264112,41.0,3
45433,1.5954046671017168,0.0,103.80791193269928,1.440241690388494,0.24193525533195437,0.11948847087220553,0.3648164267122848,0.0,0.10673525114395638,0.7522202886606224,25.143257853834204,2.0,1
44551,5.701060861471607,1.0,101.9521772743057,0.633122062221687,0.9383370423726153,0.05170941569813888,0.2172170175632873,0.005864813330088342,0.09417957066797655,0.41963386075746517,22.925559820074948,59.0,3
97871,1.5954046671017168,1.0,116.78389800122048,1.3261352750235784,1.2178444213202304,0.06616661355998277,0.1482346753096205,0.0,0.11600931508282333,0.5071558543350404,21.95550603362795,59.0,3
86890,1.5954046671017168,1.0,58.93560448960465,0.5748410348239007,0.08942431325482048,0.030629476337651843,0.37367170776866765,0.0,0.10363955969640551,0.29617216065705904,22.59218994840673,22.0,2
3680,3.3619271977508447,1.0,123.20907421681355,0.6873217200952351,0.9823580025054448,0.04077958565007201,0.3000907802279664,0.14878033257804144,0.07567160824092482,0.22091007236670035,24.613270255370015,28.0,2
48567,0.0,0.0,113.48559303798993,1.1646618235594426,1.0532791897548954,0.038287787309064854,0.04950742531454963,0.0020045020597718845,0.08858182813778119,0.20856198321458377,23.206767059585186,28.0,2
815,6.117892928831929,0.0,153.38629845887786,0.7713755595229619,1.257705099064472,0.03414355059055638,0.003976213546291906,0.001984806558653298,0.08497450704940865,0.18854264528804643,25.069029289561595,59.0,3
45027,4.359420279727952,0.0,159.47376146706875,0.4254963039363433,0.09851535901360106,0.03880600336970576,0.3753400103877654,0.004905852458809698,0.11497228316209064,0.45409671780157784,24.116559546384522,13.0,1
113087,3.3619271977508447,1.0,93.46052248364052,1.4208581649724286,0.776519017031305,0.11223590741304879,0.1827532997044595,0.0029756859548519775,0.06672392693128805,0.30735740567019904,37.43304880338901,3.0,1
115830,3.3619271977508447,0.0,99.76183300885384,0.4254963039363433,0.20273364528447474,0.029178943760520885,0.3418078903960608,0.14865846021898388,0.0692325431781873,0.05659026636171216,21.581707416560224,53.0,3
123627,6.117892928831929,1.0,170.5620403516555,0.6675719032394865,0.2499554292750488,0.029178943760520885,0.36721859571827453,0.14846123398764682,0.07567160824092482,0.17418739922926474,26.648624563401082,41.0,3
157429,3.873488880460096,0.0,116.89651065913581,1.5528898930012174,1.329481015462743,0.06657208594270177,0.06976627626521868,0.0,0.12901708090428082,0.8051225882576657,27.25316279943037,37.0,2
25176,0.872923795046736,0.0,188.2003592252404,1.4144297135629609,0.6007871602881386,0.10411557344988047,0.32253779789110704,0.14733027444604824,0.05419944900036305,0.35276125013630455,26.233319941210162,20.0,1
55975,5.270402895934253,0.0,124.40712929759316,1.3416702104497014,1.4080745642651042,0.025359172694512967,0.0471880433850729,0.003619084405140705,0.07948948280021469,0.49640736697300886,25.976038014897217,2.0,1
81573,0.0,0.0,108.20428695548055,1.2559580752183774,0.585186269256022,0.027627422474071267,0.04267053998102646,0.0,0.1192013035939258,0.28870060070904596,19.857357548433015,37.0,2
969,0.872923795046736,1.0,101.80079627198843,1.8975213518964196,1.5953196693962126,0.09424935215065408,0.04082706055637783,0.051218239684962405,0.07697095147323091,0.4694400923118106,25.97523506196044,28.0,2
41086,5.270402895934253,1.0,101.1844998388275,1.0826088263724851,0.744145053523369,0.05918638842682127,0.18020234098276874,0.12514178463726408,0.1225519383900256,0.3509163440956271,22.44332003342648,65.0,4
54806,0.0,1.0,70.78373140221525,0.870016916351664,1.208550416448057,0.041962598355487504,0.015625372543004,0.010552014101597989,0.10339044157515012,0.5826836339638324,25.11711678529953,42.0,3
126168,5.701060861471607,1.0,175.6230648798984,1.382531875836705,0.7593119202228912,0.04557037994341877,0.17183062586123532,0.007761030056575878,0.08190524688566762,0.7143940027013405,26.02191216509457,29.0,2
17482,4.824000686513771,0.0,112.02959517348631,1.3447892366328362,1.4155509487585505,0.10656644096509568,0.07056408099918726,2.6697276783785746e-05,0.05161778448463973,0.7522202886606224,20.15761479266689,25.0,2
106578,3.3619271977508447,1.0,111.69994929527022,0.9957462955575801,0.9633865604732803,0.053799353682425805,0.2606647456595814,0.001984806558653298,0.07824336696718033,0.643245026323755,23.776049129642747,44.0,3
74563,0.0,1.0,147.59570651124136,0.7231008787618839,0.858853361084863,0.04438898378389238,0.2319999480755242,0.14725638951051404,0.10263327184459343,0.19522579199641732,26.57490474511738,20.0,1
124244,3.3619271977508447,1.0,141.81716290336155,0.6785107863592905,1.2295073977449773,0.11310063945232358,0.22144278435145062,0.0,0.11781335401820275,0.3564489745952911,23.90582333065873,10.0,1
91005,1.5954046671017168,1.0,90.68010356852072,1.310700409278527,0.7517134112457518,0.1136779434484796,0.20303395783663156,0.0,0.07523239892816581,0.47214306179705734,21.688904661395107,40.0,2
36727,1.5954046671017168,1.0,84.17626683522954,1.8039074821054202,0.3835759578380506,0.03597658040809012,0.22310681446648367,0.14808467352381494,0.05443551858350137,0.28776582155373864,25.965598311274512,32.0,2
315,0.872923795046736,1.0,130.45871991108785,1.1588997572047788,0.9321184334126422,0.06534527571603274,0.12723040671399632,0.0,0.10186112363500793,0.44323868162207153,24.04499574205879,84.0,5
10441,6.117892928831929,0.0,81.53651864412875,1.5562760176399235,0.9887170107264152,0.06776810307407538,0.241972737467687,1.1099529320763315e-05,0.0834609979772711,0.6589379823386252,22.466799984261666,32.0,2
143592,3.3619271977508447,1.0,99.97646367187743,1.6144853188230401,1.4280529796370869,0.05170941569813888,0.12135717411903511,0.0,0.0909648244230264,0.6919283533734552,24.593276874853668,46.0,3
106153,4.359420279727952,0.0,103.37568135293097,1.2290664655179893,0.6792018079786396,0.05581785744347516,0.11936872550991845,0.0,0.13170466233255063,0.470341237512751,24.562710169367733,49.0,3
144273,2.81870192439919,0.0,116.68662911198332,1.0798363793789911,0.7555088942782333,0.08889717616409516,0.20577278583815367,0.0,0.08571582562284803,0.26339575548611793,22.362268472302922,57.0,3
45628,6.117892928831929,0.0,110.46253343573554,1.4532460742582065,0.5595130343273138,0.03550559855419764,0.010821767172170031,0.14820684681572685,0.10958238112235452,0.3082883206301165,26.76484619119636,6.0,1
49593,3.3619271977508447,1.0,151.9576547693235,1.1733338226503915,1.4155509487585505,0.05276348676969412,0.1434542782503005,0.06244813377938165,0.047493955172189815,0.8491455560834613,31.21739776382256,21.0,2
59056,0.0,1.0,147.4471869042943,1.1189948897666122,1.0598329809424267,0.02770197444137078,0.04302042519222398,0.07299273513137654,0.06158588724043837,0.7727530213566,26.29043797016532,49.0,3
35394,0.872923795046736,1.0,111.54537991320248,1.0278728688856018,0.736606806235421,0.02785087616681932,0.25069643121022134,0.0,0.05472964157031007,0.3398322134003418,22.90691464466479,37.0,2
53733,0.872923795046736,1.0,82.55943344037347,1.443486624022477,0.5765830106954144,0.1162013084768296,0.03594595641034841,0.0,0.0692325431781873,0.3008358881800992,30.013360002293574,2.0,1
69596,2.81870192439919,0.0,144.37293859996868,0.7231008787618839,1.1716969445284566,0.10539871697488398,0.1071041786982304,0.0,0.09889625578485943,0.5116279940761842,22.798628778643575,19.0,1
12176,0.872923795046736,1.0,99.38476086489237,2.105278016812088,0.42787759020018756,0.11114030478122258,0.0006324016486195832,0.14807567465457025,0.07523239892816581,0.09710125655647457,29.80318983639012,14.0,1
17317,2.81870192439919,0.0,167.93113600509017,1.4305314995612604,1.2506282976724197,0.032054095044992494,0.045631865334373974,0.1228302628351898,0.07344443758622808,0.1933173511187911,25.971353885061287,22.0,2
107967,2.81870192439919,0.0,94.70653021017685,1.5125831187873215,0.7030562129490128,0.10778520225113049,0.27067931385650346,0.0,0.0652563208801996,0.49820029281298683,21.16666071971502,1.0,1
90923,5.270402895934253,0.0,117.90932854589232,0.6939649337958178,0.49466828604235225,0.026953409443536608,0.3399871369797906,0.004905852458809698,0.08307607176161669,0.4387077377800461,22.148934233872247,50.0,3
48334,0.872923795046736,1.0,60.15270980935111,0.8849480810453934,0.48009200488394477,0.08867623283039489,0.27681350142334965,0.09869082632721077,0.04939316370457285,0.4730437411412784,19.62248833652241,28.0,2
81899,6.117892928831929,0.0,123.66615547676142,1.4240785193695762,0.6975233845593646,0.06776810307407538,0.2382034174387412,0.0,0.08716837634649345,0.6979852345359636,29.38900085441353,47.0,3
59142,2.234779091684268,0.0,89.54859100026016,2.279114124535793,0.653863841431761,0.06160513959091264,0.1912034946595629,0.0,0.06412251895793199,0.8398587829557217,25.300809092426906,5.0,1
25258,1.5954046671017168,1.0,107.02858348974243,0.8259875510638431,1.1511930062111049,0.029907481693841425,0.011788166338059581,0.11124613778859534,0.10363955969640551,0.3157291000839103,26.843707271615454,48.0,3
127134,6.117892928831929,1.0,99.96599541127442,0.6741252782109894,1.0862263751542853,0.03822275004970231,0.0206406388924906,0.0,0.0834609979772711,0.48024360588362286,29.51012983927273,53.0,3
81701,4.359420279727952,1.0,90.05881944358029,1.593801330922556,0.593835151024814,0.05918638842682127,0.12267420854969888,0.0,0.14208144122243507,0.639751861069095,22.16085542707178,50.0,3
64650,0.0,1.0,86.2539265120809,1.3076254137645986,1.4785798387800124,0.05699579632959222,0.06444481959247031,0.00038144314504813315,0.13025302191889332,0.39500445441039295,26.76786206028388,29.0,2
108902,0.872923795046736,1.0,104.29711580555824,1.4208581649724286,1.0014879181509468,0.047871617065426426,0.0006513652055738873,0.0,0.053248268515888486,0.5765029649516105,26.90007088372966,54.0,3
97787,4.359420279727952,1.0,120.10971757216755,1.6144853188230401,0.8870481719091188,0.1035886709897732,0.016577632105374596,0.06816395946697361,0.0878799146864748,0.5481598184332552,27.406099151911093,71.0,4
40970,5.701060861471607,1.0,124.90921103964105,1.354170443691811,1.3611555555156263,0.05680116751690537,0.2579748766335213,0.0,0.09861591438912895,0.6693762543425813,26.11842951920366,23.0,2
24142,4.824000686513771,0.0,125.21843067916636,1.4926549618789116,0.8769353064372962,0.041342447356368994,0.013712425199831665,0.14513188790775852,0.07948948280021469,0.31944514756429193,26.68017632715627,16.0,1
3419,4.824000686513771,1.0,138.78543213043267,0.894973455755926,1.1218625664872488,0.03482762600454365,0.002986602388962986,0.0009961907158109078,0.07113757653068406,0.5703153792725135,25.289772199242037,64.0,4
69233,0.872923795046736,1.0,92.12212072022665,1.440241690388494,1.0057605767148683,0.0897636276352218,0.11056948609566525,1.4199922968874758e-06,0.06835750813165495,0.4378010692265794,22.32270637103264,7.0,1
43937,4.824000686513771,0.0,103.37568135293097,1.7454404380504511,0.6701107889329828,0.052396650622806795,0.025393748523096872,1.2799937409002742e-06,0.07567160824092482,0.6919283533734552,21.866480594179862,56.0,3
81240,5.701060861471607,0.0,101.09566723881599,1.3261352750235784,0.9591921604105726,0.040085503505564654,0.23934276540465588,0.14530463374284022,0.10133787158252591,0.7031718835524514,24.325358619073373,52.0,3
111451,3.3619271977508447,1.0,124.79766232384183,1.338555201025666,1.3440569354023117,0.028369916082223195,0.20847417397657522,0.03121521178013975,0.07824336696718033,0.30363192158696917,26.501969662241184,31.0,2
129428,2.81870192439919,0.0,55.84288424335274,1.3635879022326585,0.15034099223757447,0.04678862706739734,0.33199153204608667,0.1487173288253286,0.0559533571002635,0.06476404413717808,29.551329383642575,31.0,2
146384,3.3619271977508447,0.0,101.48226910454527,2.1541043833322413,0.5544274649064301,0.0483222310537884,0.3711737287444165,0.10419795979212136,0.07344443758622808,0.7949190281537434,26.371983755707788,5.0,1
1141,5.270402895934253,1.0,43.57879487555265,0.7321803953673356,0.5459877684173237,0.11250755524274503,0.23934276540465588,0.10180746816207006,0.12883231270653828,0.48743361513789707,32.37563195163381,24.0,2
99551,0.872923795046736,1.0,168.7958078441875,1.1646618235594426,1.6138618224161947,0.07534654601913696,0.05333381640356864,0.1479741930231024,0.10763668424531088,0.58621235383743,31.105242073159044,24.0,2
144963,0.872923795046736,0.0,122.5128284065423,1.4305314995612604,1.1173801565958892,0.0851415328131488,0.11125707260979383,0.0,0.13335915191286388,0.3490707404716398,28.327447954505715,1.0,1
19385,5.701060861471607,0.0,113.58324952600145,2.113369398190098,0.37758067059571104,0.05101433974901372,0.23474058021231803,3.889421979092636e-05,0.08858182813778119,0.5773863402581226,25.964929002268185,30.0,2
32185,5.270402895934253,1.0,116.8146120843584,0.8675408250285294,0.9424924981597133,0.06575768768239226,0.027789847142669463,0.1388240133778483,0.12065670517582489,0.4495753109342876,21.785802504743454,44.0,3
134420,1.5954046671017168,1.0,142.70297834314428,1.2260981136938247,1.2295073977449773,0.10315298150069982,0.043893390801080984,0.0,0.12065670517582489,0.5062609762137036,29.2983609851575,34.0,2
37402,3.3619271977508447,1.0,31.516015893585173,0.8429744814568473,0.5973074966131857,0.032054095044992494,0.2489155364887245,0.12955208532392126,0.10533879505897356,0.667637849918361,30.207317453655307,10.0,1
53770,2.81870192439919,0.0,92.39743257531276,1.5293044363985917,1.0995302396656046,0.10852846367617025,0.0978759997682047,1.4899151900348739e-05,0.1260085040040869,0.5694308716311162,28.91819521233266,10.0,1
58407,3.3619271977508447,0.0,104.33353274807847,1.0523187556135853,0.8094399761009098,0.09370898039945591,0.2616620044246371,0.00022281014420678772,0.11781335401820275,0.35921294629456185,31.692147625952593,42.0,3
16595,3.873488880460096,0.0,133.87358535066792,1.6916401609057337,0.7234872037486205,0.06969534196105091,0.19744118313193104,0.14621819141652825,0.07610775407689287,0.27653391437213615,28.47491314373314,18.0,1
22532,6.117892928831929,0.0,126.47952534593489,1.0332792011007887,0.776519017031305,0.041342447356368994,0.026870414285047127,4.07993640723179e-06,0.05681609375264097,0.6875981751909847,32.84676338831958,14.0,1
54481,6.117892928831929,0.0,104.20866709288237,0.9877977162194078,1.1969783179741296,0.10348094851633399,0.13359821373595446,0.0,0.09889625578485943,0.3940899342910126,25.27954994060075,14.0,1
124224,4.824000686513771,1.0,86.21650660814352,1.5427567021324977,0.7012100698643479,0.06020377739301121,0.2524586145099518,0.13625593905587383,0.06391444984743964,0.3370572240184057,30.760777095374277,47.0,3
128129,5.270402895934253,1.0,90.30315770780368,1.313779393613908,1.1671264680853237,0.10755176218457028,0.2280111046994741,0.0,0.10627575941954966,0.6936595288584673,28.71057893007346,20.0,1
7608,6.117892928831929,1.0,108.81989482638302,1.486045460471644,0.9802422468499067,0.06737279893323408,0.24271691165998005,0.0,0.0571585712331885,0.5214535572646147,25.421592817156245,8.0,1
79395,5.701060861471607,1.0,135.8443768993588,0.7643869846402107,0.9550055590897916,0.03345331143459896,0.03325079712840182,0.035267599177157063,0.09195206939260495,0.42509082013318533,24.578135677739425,43.0,3
139815,4.824000686513771,1.0,85.38732737654703,1.698757269387999,1.0906530470009785,0.10011646490093588,0.19217553698332104,0.0,0.10763668424531088,0.30921905351352663,23.482543099168108,21.0,2
24618,3.873488880460096,0.0,89.13904547604498,1.3230403074748542,1.1557353982549923,0.09677083598355257,0.29541631388901735,0.0008055116822531008,0.10263327184459343,0.16266919995123785,22.3032785028865,9.0,1
1039,5.270402895934253,1.0,144.26368097281318,0.8091720843236079,1.3857569851549003,0.03684347528477961,0.008880373055813805,0.0,0.052467228893042235,0.25869452132756765,28.860564172968918,68.0,4
68476,1.5954046671017168,1.0,101.41436781489504,1.4016217618309161,1.645889431984084,0.03414355059055638,0.005946621798604477,0.11544880796978638,0.090631273449164,0.21521517345479477,27.029103586233333,34.0,2
142827,3.873488880460096,0.0,124.07224699282682,1.1502855016786524,1.0143294574313837,0.04257727432062326,0.08379560804947994,0.0,0.12175920649046457,0.5561461496395317,28.013140275075926,54.0,3
106541,4.359420279727952,1.0,128.99634430872933,1.0577922600757719,1.1062090211057984,0.08489042627422848,0.014670307255570792,0.14540940449185707,0.0834609979772711,0.42509082013318533,27.36995381489589,41.0,3
77671,4.359420279727952,1.0,108.23016289154377,0.7830919477975231,0.8890765263984753,0.02844379682282684,0.21764387222561646,0.00681651852218226,0.11239606234866689,0.5410510166898501,28.581377786457267,53.0,3
157648,5.701060861471607,1.0,128.1885007550887,1.351039350458107,0.6042741472907891,0.11281100403753022,0.30534688216789435,0.0,0.13369182205421112,0.6134845293745955,21.51217167722886,5.0,1
53892,5.270402895934253,0.0,121.1746477692447,0.8724965562789044,1.486230640455675,0.11017367031918551,0.07686774310307744,0.0,0.13252230774360968,0.44142678332063784,22.518427343440646,18.0,1
134040,5.270402895934253,1.0,106.70714587338715,1.1360051413715428,1.4355790578709804,0.11170849943950471,0.044241879673769094,0.0,0.09718602680360759,0.5089451600367382,36.805986439538316,43.0,3
141291,0.0,1.0,121.2306595399302,1.3292342453589678,1.807818507257721,0.0853906261142464,0.002202721795803664,0.14559202974674684,0.07697095147323091,0.6213775183157527,27.02884307394994,29.0,2
137514,0.0,1.0,87.70084441066415,0.7528078866341287,1.5559343178098457,0.09277983356126722,0.002202721795803664,0.0002487633097791014,0.07989911657905567,0.41417103144871215,32.07084449854014,23.0,2
62438,4.359420279727952,1.0,114.49242161868207,1.7745339005343035,0.8429110412156785,0.07226092540897922,0.25729539104543686,0.0,0.065765824499414,0.43144989461358074,27.111080062201793,20.0,1
121422,1.5954046671017168,1.0,104.00051013365939,2.0771036036296118,1.4305595995732223,0.03462304693822591,0.14465841868461957,0.00011594861174122757,0.09660065570186806,0.8499891302300268,25.020467387315914,32.0,2
8958,0.0,1.0,106.45819588310499,1.1733338226503915,0.5578160303508729,0.0858828442467042,0.35844681225356584,0.0,0.05749956415118494,0.7881072528363212,22.27567433196857,18.0,1
91526,0.872923795046736,0.0,63.27540916811604,0.8601338152434236,0.736606806235421,0.039448600807730404,0.21333172503136444,0.0009961907158109078,0.1046199903677044,0.47484463488452405,28.695450922786005,17.0,1
80448,3.3619271977508447,0.0,119.88024990258643,1.2984243322312379,1.550718696885937,0.03345331143459896,0.02502350614647099,0.005864813330088342,0.1028873097127769,0.37025330913284016,25.061351427460487,52.0,3
156189,5.270402895934253,1.0,104.91595736439841,0.8454152376174606,0.9115158496685433,0.04557037994341877,0.18825977665822002,0.0009961907158109078,0.12037265058829381,0.27840777189583293,22.21801727597285,56.0,3
26530,4.824000686513771,1.0,140.9205874073867,1.0798363793789911,1.5118689516687127,0.040085503505564654,0.014670307255570792,0.12105283411525036,0.10080771222471868,0.24173022192994606,27.155121424826177,54.0,3
73931,5.270402895934253,0.0,40.09019258452709,1.4794525303974508,0.9591921604105726,0.031416190501524055,0.29594365698262864,0.14764028303043303,0.0807099107755365,0.8752442881447556,27.803493669030814,34.0,2
159894,5.270402895934253,0.0,117.78662922649936,0.48639265456573033,0.21433736748688742,0.03345331143459896,0.3739304991678018,0.08129859283466698,0.08995736455673303,0.31665838257302165,23.148076856776044,3.0,1
71976,0.0,0.0,76.17082737972095,1.3354442055656686,0.3263033999796817,0.0454531762951517,0.35146025839216477,0.14682824890277488,0.07739805058592603,0.7031718835524514,20.79370512913443,43.0,3
16803,3.873488880460096,1.0,54.93773656504586,1.5766811031181405,0.8850217453836101,0.11170849943950471,0.18776509519169676,0.051465821131267325,0.08716837634649345,0.5196684304319891,27.217008874876107,18.0,1
157638,3.3619271977508447,1.0,77.17104792643265,0.7690426018513223,0.04111484479406026,0.04348913937226915,0.3752128331966564,0.14848343783585247,0.06323409511285039,0.14726385588242943,26.98153174067554,11.0,1
98598,4.824000686513771,1.0,118.30286567455668,0.7118274915660402,1.2553441352295662,0.03537048937348555,0.00548462869148327,0.14879875578746896,0.14133929214361957,0.08595895986566385,33.31622402007047,10.0,1
105995,3.3619271977508447,0.0,97.97940993411562,1.068784255159413,1.5247664907417113,0.03012476416116336,0.0047362087645285884,2.2699803146780336e-06,0.1314728113806297,0.5623496876972396,23.195643853814033,27.0,2
148446,1.5954046671017168,1.0,88.86231745267726,1.2984243322312379,1.0337244907542096,0.07154319726812285,0.2916676693694916,0.0015013271688992893,0.07019179955184995,0.3027000936330375,21.92175599534285,22.0,2
159778,0.0,0.0,137.5010805315261,0.5995087379969654,0.2208418052825745,0.024434449381760884,0.33776107338884,0.1487044273562236,0.07344443758622808,0.5419401255638323,20.164757594964794,29.0,2
90513,3.3619271977508447,0.0,135.9345436880125,1.071541642188199,1.4380918973981762,0.02844379682282684,0.017527096931831115,0.0,0.0642263303982092,0.482042029581441,23.211966286376935,58.0,3
75566,0.0,1.0,169.36381337454122,1.7273986281211327,1.234186749955301,0.04557037994341877,0.04267053998102646,0.000743878523594955,0.06908747875016392,0.7316174461161188,26.630602365536934,11.0,1
10140,0.872923795046736,1.0,127.75398373930186,1.4144297135629609,1.0057605767148683,0.029907481693841425,0.06816401280319169,0.0,0.029140590636395427,0.7393518023357826,26.76445279991837,21.0,2
66566,2.234779091684268,1.0,130.80128131526558,0.9485494790226465,1.0164765902676833,0.03604362302059359,0.033341012116425914,1.1899945902425863e-06,0.08268848505094586,0.5570327996307758,33.31712699276095,46.0,3
140059,2.81870192439919,1.0,161.6453206467976,0.3953989566038604,0.3835759578380506,0.026576577269376928,0.32167877725314264,2.2199811724000793e-06,0.07113757653068406,0.1933173511187911,22.97256440774154,46.0,3
159545,5.701060861471607,1.0,131.47092025828601,1.0937363611747035,1.2225035455976938,0.02844379682282684,0.015529992453677007,1.0099961030423567e-06,0.09972625759298626,0.6064592478239177,30.53281284613824,49.0,3
39917,0.872923795046736,0.0,87.85014666578138,1.0090676336197404,1.3709714197337277,0.04468629102755029,0.028065156470147463,0.0,0.08571582562284803,0.15497339791921644,27.307138483489627,29.0,2
33242,2.234779091684268,1.0,84.53019461075245,0.7051038664063272,0.9696927940084842,0.02844379682282684,0.2089208133144031,0.001984806558653298,0.08823206529773955,0.8373236460381878,29.06050492391097,55.0,3
143465,5.270402895934253,0.0,176.73791060461446,1.0550536357269065,0.27300728550149644,0.03861210524436159,0.3489619263581033,8.49724053718752e-05,0.06903905533154998,0.2671533079347595,24.8810113962557,25.0,2
36497,3.3619271977508447,0.0,142.1158407323235,0.6352505547361027,1.7493293362478723,0.0689341804959577,0.0,0.0,0.09889625578485943,0.3463010242500451,29.708531892768935,54.0,3
1687,1.5954046671017168,1.0,143.36930837703648,0.465727085769001,0.14912856914224387,0.04438898378389238,0.3038662397214829,0.1438926333015115,0.06627170617944157,0.06643615928723712,22.734398712686044,42.0,3
51784,1.5954046671017168,1.0,100.69316798625557,1.2172165115891747,0.8468851234775537,0.09943794886500139,0.25385506477255376,0.0,0.14076918824487933,0.10168630609411251,27.283330843047796,17.0,1
70111,3.873488880460096,1.0,132.56746965109963,0.5308073037484302,1.7410509764195912,0.10076992777346946,0.0,0.0,0.11296729991626979,0.3986608665711685,22.453659153781732,32.0,2
49404,4.824000686513771,0.0,153.51429034025068,1.5259518253987494,0.8488750374661344,0.093155845558655,0.028706613028225754,0.0,0.13091639863629476,0.29337171326094935,25.79346736365663,59.0,3
32160,4.359420279727952,1.0,121.52593313957772,0.7505023214854164,1.3832875724289047,0.10604107796538681,0.1360999778061121,0.0,0.09804963764136568,0.35460545987661984,25.29631297457782,30.0,2
37434,1.5954046671017168,0.0,103.00052511453433,0.7620643196394106,1.5455114753399843,0.05328367386024081,0.003976213546291906,0.015947865155063325,0.12065670517582489,0.5508232274881332,24.161987159533748,17.0,1
57351,1.5954046671017168,1.0,96.38704753880896,1.1360051413715428,0.4849346932821102,0.03482762600454365,0.3504682971490409,0.0,0.11443906789033216,0.6353823972414456,26.312067649163623,29.0,2
26040,0.0,1.0,103.02658393193462,1.277094229670491,0.22214766867345095,0.04385050974019494,0.37367170776866765,0.14846866504801617,0.08823206529773955,0.3490707404716398,19.68851713810375,35.0,2
96810,5.701060861471607,0.0,113.01770297526586,1.2409790360109807,0.7938794242950211,0.0461533086282955,0.228815907594239,0.0,0.1192013035939258,0.4041404961216831,27.102499970557247,38.0,2
72313,1.5954046671017168,0.0,84.74995246578406,1.1474217637968984,0.8992472401295339,0.11389340562746535,0.08981251686689971,0.0,0.06249428190369805,0.7143940027013405,33.33134659015361,29.0,2
7026,1.5954046671017168,1.0,86.21116071857948,1.4926549618789116,0.9781284470444853,0.09596252188748704,0.0993166428042023,0.0,0.08608269509259017,0.6763246671744051,30.763400227239774,38.0,2
104332,1.5954046671017168,0.0,103.78188123432048,0.8874490702428841,0.48655249206632356,0.029178943760520885,0.29435554691593196,0.14833816802967426,0.08823206529773955,0.1607465310562704,27.738405622095247,32.0,2
22841,0.872923795046736,1.0,194.2008169550334,1.1360051413715428,0.5595130343273138,0.03482762600454365,0.1304347681620652,0.13997812937397572,0.07948948280021469,0.08409898345945786,25.1383321507545,52.0,3
46773,5.701060861471607,1.0,85.57466136117368,1.1303197887629002,0.3582878358476109,0.10337243046019386,0.3265356852367424,0.14856260352903555,0.06677399494927812,0.5285881430572061,30.72594643635822,27.0,2
2735,0.0,1.0,97.50681938870896,1.2892590495900826,0.9279824033589994,0.03155839396012166,0.20981104117612712,0.0,0.08384328428839721,0.23606145763498151,22.318554805146714,21.0,2
89015,5.701060861471607,1.0,115.45183903207602,1.0495876169697003,0.6413309722210081,0.039448600807730404,0.3134325087343338,0.0,0.09510266620308695,0.32223029241841084,25.644049886223055,21.0,2
105660,4.359420279727952,1.0,128.07736534017954,1.2409790360109807,1.7603971408092527,0.06270847559058232,0.1220165471564242,0.0,0.12093734207546923,0.6754565700006173,30.995180562534618,20.0,1
34687,0.0,1.0,147.71450677262993,0.5995087379969654,0.8729036385143312,0.08253683745040954,0.17236337369497504,0.0,0.10785844760529659,0.3315024662333718,28.469130166493862,3.0,1
24988,4.359420279727952,0.0,132.16018838830107,1.9900187305277914,0.6975233845593646,0.10948497434873768,0.1597757214669062,0.0,0.06612032024679311,0.5596918883888553,23.19867781199985,21.0,2
126830,4.359420279727952,1.0,159.86045117533504,0.7140754272172378,1.2742887424067721,0.060112080397729396,0.0009985074216367666,0.12711712559518024,0.07160547706998972,0.18089235141197046,27.457421332754567,26.0,2
9126,1.5954046671017168,1.0,93.44466819848039,0.8849480810453934,1.2766659695073987,0.039448600807730404,0.2569545847468735,0.016823724306544618,0.08534643612555834,0.6806632116178793,28.355949126534483,61.0,4
154426,3.3619271977508447,0.0,81.40178887095205,1.789185585833376,0.668298156335253,0.046385045791025765,0.15694397548208475,0.03680061358065111,0.07907699494507488,0.5062609762137036,20.567581757473633,16.0,1
19930,5.270402895934253,1.0,76.97006556419939,1.4112216109464688,0.5077466257061825,0.04140471036841923,0.0009915282309144195,0.1378194291568026,0.11964725123583841,0.5017843279773949,27.040824870052283,45.0,3
42863,2.81870192439919,1.0,100.79773530588726,1.2529544013102096,0.8972092364676427,0.041962598355487504,0.16643138894708484,0.0,0.07989911657905567,0.45228862939516046,27.462318021213655,13.0,1
149891,2.81870192439919,1.0,109.29031793667421,1.2113149601562354,0.7958178421299469,0.08489042627422848,0.3455331976819216,0.0,0.1445902144728613,0.4232724839940975,29.04314536698626,19.0,1
10563,0.872923795046736,0.0,51.657911504370915,1.1021217240069057,0.5493582130984525,0.0395125464150817,0.18825977665822002,0.1480936353641807,0.07160547706998972,0.6082163911561125,29.796487613950895,26.0,2
85633,5.270402895934253,1.0,66.78679669496523,1.752687621763492,0.5259169346537883,0.060976877788519755,0.0010583230725857494,0.0,0.07697095147323091,0.17897769686555445,21.71474224505284,8.0,1
125764,3.3619271977508447,1.0,114.41541328587985,0.9746235506992239,1.0229297889556126,0.08029540932132537,0.08303424155368089,0.0,0.11905083262975834,0.5330424673029763,27.3696955169317,50.0,3
938,3.873488880460096,0.0,109.94635922115764,1.0278728688856018,1.2435697576993787,0.09915929004532116,0.03950348483126515,0.004905852458809698,0.10979175009966557,0.47214306179705734,23.843335985085456,60.0,3
63926,3.873488880460096,1.0,113.9583444597051,1.7599522449896807,1.234186749955301,0.10673658905851677,0.015625372543004,0.0009961907158109078,0.11061603839739241,0.5116279940761842,25.13491113866201,43.0,3
11444,0.872923795046736,1.0,102.11918112509267,0.9459621033695175,1.1923635900503382,0.11426718624503288,0.15175752601352488,0.0,0.08497450704940865,0.6108510766913567,21.235726667491956,34.0,2
140570,3.873488880460096,0.0,146.5258855438008,1.3261352750235784,1.0773968561658953,0.03835276660146445,0.2774134827438235,1.7598816696078115e-05,0.07344443758622808,0.5641208390442669,20.162853012783465,39.0,2
118305,1.5954046671017168,1.0,153.06625171030083,0.313350595599195,1.2790452321863144,0.032756846992377936,0.004962882796202298,0.14419090708077217,0.11479565148345594,0.4004880737342039,26.50130959044663,7.0,1
139581,5.270402895934253,0.0,128.96101633553343,1.071541642188199,1.3808202212133387,0.039448600807730404,0.17076124987887595,0.02359941253875624,0.08716837634649345,0.5623496876972396,25.97122004434836,47.0,3
1741,3.3619271977508447,1.0,91.35910429649809,1.705891647744118,0.9570978852161511,0.07400365818851558,0.12135717411903511,0.0,0.07479010183432175,0.3426056156966485,23.860633793561494,86.0,5
58882,0.0,0.0,123.99611934301906,1.6528037535325126,0.6095183704904821,0.080004802065222,0.13547693088861773,0.009368940372122082,0.10212019116983716,0.648480779421834,30.285481348400445,19.0,1
75747,3.873488880460096,1.0,118.1035651223987,0.8284037357211327,1.3391900932368495,0.028073724243569836,0.038529237005250974,0.03378545374854456,0.06766915227167633,0.48294101076463797,26.233851661123577,27.0,2
92745,0.0,0.0,127.99147851653238,2.0771036036296118,0.7997003756155685,0.11119373451883552,0.12333016422336632,0.0,0.055431191649043365,0.3082883206301165,27.28721348908228,4.0,1
56696,5.701060861471607,1.0,74.13742645597571,1.486045460471644,0.09395717029760381,0.06322975991368103,0.3731517753340202,0.14869142354534587,0.065765824499414,0.45771100209068194,24.648648256341254,42.0,3
59047,1.5954046671017168,1.0,140.45205098607644,1.0197912380668752,1.03805616547117,0.036177528458350545,0.16201610323787796,0.13179243059906834,0.07298954199416931,0.39500445441039295,30.51195466312601,41.0,3
34109,5.270402895934253,1.0,126.2163134807696,0.9485494790226465,0.8468851234775537,0.047871617065426426,0.3345283130822474,0.0,0.09417957066797655,0.8364783729313319,28.23955115240549,28.0,2
10167,1.5954046671017168,1.0,83.961661940122,1.8937234471278688,0.744145053523369,0.10024912841460783,0.15175752601352488,0.0,0.09833371298734968,0.1933173511187911,22.755334439402912,20.0,1
47388,3.873488880460096,1.0,99.66234765987731,0.5850631189120629,0.6828512271475592,0.08171337117473375,0.2869771905362136,0.0,0.0994514137349725,0.4169031817689732,22.754309915547285,53.0,3
149399,4.359420279727952,1.0,97.02864507026432,1.837289396713911,0.6007871602881386,0.11052780242844104,0.1523395503043589,0.0,0.07697095147323091,0.4232724839940975,28.406345791132466,2.0,1
96904,3.3619271977508447,1.0,108.45265946457265,1.4467356640090427,0.6218191154126793,0.11547411277309645,0.14224404248746633,0.0,0.10829773278800112,0.46312771325061475,32.1685369231398,8.0,1
151134,0.872923795046736,0.0,114.58995487331853,1.6492989120715298,0.7574094640680615,0.11455380129896475,0.17710064452048874,0.0,0.07523239892816581,0.36657593878089856,30.516031168395806,45.0,3
105541,6.117892928831929,0.0,116.04128864580903,0.6851139901853912,0.9135673883268748,0.09563039090246964,0.028706613028225754,0.13684289020449014,0.14246445695335316,0.15593612213162947,27.53736908727956,25.0,2
54669,0.0,1.0,133.48194306539145,0.6961860220856041,1.3489319860322233,0.02844379682282684,0.0009985074216367666,0.0009961907158109078,0.11749437973115917,0.4793441631124205,24.486737675755005,56.0,3
7109,4.359420279727952,1.0,109.68814222855605,1.3667351240154904,1.3587067315067167,0.05969748831732865,0.061582861769010316,0.0,0.05348710350285257,0.5339328914848354,20.798991227285075,45.0,3
73656,3.3619271977508447,0.0,124.0164207036326,1.0798363793789911,0.043346566462758036,0.034005997818489966,0.37077267711256123,8.029753671893915e-06,0.07160547706998972,0.18089235141197046,25.285819924861038,51.0,3
36797,5.270402895934253,1.0,177.79873073946013,0.9746235506992239,1.0250847906186369,0.03421223449066382,0.24493038553947208,2.139825058127879e-05,0.06647305121970228,0.283089132646496,26.621785568219575,8.0,1
23143,0.872923795046736,1.0,93.43409846176783,1.116173191799425,0.9802422468499067,0.07366089915094279,0.27099193577783337,0.0,0.13967703282880692,0.8601032523396019,26.451111370487762,32.0,2
118516,0.0,1.0,108.37505179865295,1.0251752790418884,1.0014879181509468,0.06047792530559036,0.251050356351249,0.002505723998201556,0.06365352429629562,0.3693342235535494,32.03247559454413,53.0,3
67545,5.270402895934253,0.0,152.02666789110035,1.0798363793789911,1.0036232661278224,0.039448600807730404,0.1847723004118197,0.05330022584439068,0.0626534392312979,0.6336336735553394,28.39778266746223,33.0,2
147781,3.3619271977508447,1.0,101.81645786623787,1.433764130961678,0.20145259986694777,0.06697413709052649,0.3396192727833433,0.14744927028821977,0.09972625759298626,0.23606145763498151,25.925419004128717,36.0,2
2673,0.0,0.0,108.49404697343502,1.1388535531640749,1.0358893422160114,0.03564046603117301,0.14941484002339908,0.0035509983572204,0.09162520541474937,0.5125219727084062,23.18856357730885,45.0,3
40180,5.270402895934253,1.0,119.2220936118818,0.9984031852273931,1.5041555271287885,0.09181366582891372,0.014670307255570792,0.050845532228205655,0.1316278111321332,0.6658989234852036,29.72513634132024,37.0,2
86044,3.3619271977508447,0.0,71.71204958130522,0.8675408250285294,0.45611891744501903,0.03219515144426198,0.0712007352970498,0.1472438889403441,0.13516807719053753,0.5720839688793614,17.15393734008601,40.0,2
2978,0.0,1.0,150.73438922937518,1.0495876169697003,0.7403721686283902,0.04557037994341877,0.18973683608982944,0.13625593905587383,0.0878799146864748,0.5703153792725135,24.805838068327095,5.0,1
140169,5.270402895934253,0.0,150.98606377278148,0.7367404825678648,1.2412209663588705,0.04673112473458526,0.24159944956993276,0.001984806558653298,0.08268848505094586,0.6222538369971233,22.723559742081736,45.0,3
61421,0.872923795046736,0.0,99.55237366422129,2.073097115660239,0.8809746737279629,0.07434357648268704,0.1482346753096205,0.14210230681572966,0.07113757653068406,0.7109433115136713,21.869036143565154,18.0,1
26888,0.872923795046736,1.0,165.36248962218505,0.7006382405716461,1.4055865716025768,0.029178943760520885,0.0,0.14833020860305846,0.09195206939260495,0.06840247319254529,27.885951165840066,26.0,2
102202,2.81870192439919,1.0,139.24478558252522,0.7783950615769446,0.1613257379612461,0.0426995572243835,0.36749706392501474,0.14832221679716667,0.06980972660585218,0.15689863189189093,19.829926018223723,16.0,1
17958,3.873488880460096,0.0,130.3982545340849,1.670392228724202,1.0995302396656046,0.034349417624905836,0.241972737467687,0.0,0.104861145959801,0.6745883431787558,26.098291716730667,4.0,1
78348,0.0,1.0,92.27567448162,0.8503073162091651,0.8911068094754843,0.049047764439865124,0.26363808924697757,0.10788897841104761,0.12093734207546923,0.14533430943290376,24.752087747157994,29.0,2
55323,0.872923795046736,1.0,108.19911166212415,1.8075989478811065,1.3125689770901088,0.11241821689671337,0.054177532011139076,0.0,0.09417957066797655,0.7522202886606224,25.62176864755332,41.0,3
32589,0.872923795046736,1.0,122.85848085658766,1.0965276954317247,1.3981349919391537,0.05170941569813888,0.04649739313307388,0.0,0.10263327184459343,0.5214535572646147,29.71512559593379,54.0,3
39012,3.873488880460096,1.0,121.84145694243071,1.0993228154521477,1.0818076464946016,0.07226092540897922,0.06001745175361135,0.0009961907158109078,0.08571582562284803,0.3849355163638353,25.837681159893357,51.0,3
137595,4.359420279727952,1.0,78.4566652982866,1.3667351240154904,1.4456428644832313,0.09708557810085501,0.015625372543004,0.0009961907158109078,0.10604378231919075,0.5116279940761842,27.92762713735502,20.0,1
141186,0.872923795046736,1.0,128.92063981204444,1.3920585419964056,1.2981526855390904,0.10511329257752373,0.030896031522461346,0.0,0.08268848505094586,0.7599282170448584,31.706864617308298,39.0,2
6243,5.270402895934253,1.0,109.1145893944566,1.0278728688856018,0.8133491362738893,0.07971180677246352,0.22841394966772371,0.002965912600349943,0.13099723383694759,0.6893306308342276,26.035810676877354,52.0,3
39757,1.5954046671017168,0.0,138.06100834338451,1.1274828423974343,0.8153065731672732,0.036177528458350545,0.21069722185364373,0.1300641432267015,0.0626534392312979,0.3858517145013685,27.530937929250662,23.0,2
49048,0.872923795046736,1.0,110.8081772233387,1.249954663221884,0.971798776571637,0.03345331143459896,0.0,0.0,0.07523239892816581,0.4694400923118106,27.286566407548573,35.0,2
50274,6.117892928831929,0.0,75.61555242270883,1.4273029632982537,1.178567726183657,0.10212431892508796,0.31862323659454755,0.0,0.10894620868502075,0.7915140840670115,27.0989893998595,3.0,1
11050,3.3619271977508447,0.0,86.95378774214976,1.3762010353347607,0.9156208630438081,0.03550559855419764,0.16089867049836257,0.0,0.11843967107822272,0.5410510166898501,24.17688271172587,46.0,3
139322,6.117892928831929,0.0,102.56259589740104,0.9693795334875999,0.8035905104059599,0.10948497434873768,0.2011869296779366,0.0,0.11828452903796835,0.4477656398183121,28.436051202582213,20.0,1
8068,3.3619271977508447,1.0,104.17224391703228,1.1995585970342593,1.5041555271287885,0.02785087616681932,0.03594595641034841,0.0,0.12175920649046457,0.6719828838800403,20.32621096478167,54.0,3
44476,4.824000686513771,1.0,111.38562603504926,0.49782115714739317,0.010075921542028915,0.04071676728200563,0.375466997075387,0.1487301288625842,0.07907699494507488,0.12986652282760713,18.6184556890897,40.0,2
134417,6.117892928831929,0.0,84.13335210039125,1.563060875323366,0.9802422468499067,0.05410661607557791,0.008149380839292446,1.8098748509530492e-05,0.12665284588910405,0.07537523328320962,25.974967407234843,37.0,2
114370,3.3619271977508447,0.0,112.46719183662195,1.670392228724202,0.9074185780413175,0.11214289994463984,0.20622559862988302,0.0,0.10107366171887236,0.47394426546045465,27.414485388136548,15.0,1
22495,0.872923795046736,1.0,156.53245620151776,1.7238032976844435,0.8911068094754843,0.042209122738827765,0.002996513101405767,0.0,0.09417957066797655,0.13180306839931838,25.974432092163386,51.0,3
5791,3.3619271977508447,0.0,125.15760923086036,1.7418233789384563,0.895173163886735,0.03697595187732207,0.1614580741411667,0.0,0.100270542490563,0.417813571389132,22.759139541832713,17.0,1
93475,4.824000686513771,0.0,137.3360395351194,0.7006382405716461,0.9675887642154379,0.030557569463256933,0.035408787795587884,0.14856260352903555,0.07434469244013149,0.06102388112320211,26.632181283731743,21.0,2
158996,5.270402895934253,0.0,125.71498112065548,1.2290664655179893,0.8389446157210648,0.11870043044850843,0.036749971258525894,0.0,0.05484699175740777,0.5543724183688273,30.779135797954854,37.0,2
111308,4.824000686513771,1.0,113.82476927919988,1.5972380637191486,0.8911068094754843,0.09220467864151599,0.02129722678586382,0.0,0.11781335401820275,0.3610547290259492,27.281907111847666,35.0,2
150049,5.270402895934253,0.0,114.55402295096158,0.6204196326368729,1.5041555271287885,0.10823744678519129,0.33355937323453344,3.9499403950346955e-06,0.0846000186739813,0.7143940027013405,22.169495597827883,21.0,2
65658,0.0,1.0,70.36019656932856,1.4499888131526906,0.630660508976416,0.06931636345747896,0.2606647456595814,0.06457782994261635,0.07113757653068406,0.7496487913794742,27.425578337757425,37.0,2
61751,3.3619271977508447,0.0,119.35478701456024,1.1274828423974343,0.8409268716865445,0.07851550707857491,0.2596612745405304,6.399843524966347e-06,0.12008513127007257,0.4667357229045698,23.73894381667195,45.0,3
64308,0.872923795046736,0.0,96.6500708613397,1.8002204158456978,0.27300728550149644,0.039576435131621505,0.2694224671709391,0.1473544828317745,0.06947363277632812,0.19617970441626129,27.290836952494534,26.0,2
27674,0.0,0.0,75.50660703372742,0.7482001681201292,0.1887327083154206,0.02851761080959776,0.20025699425502924,0.14860433983858176,0.07739805058592603,0.2521047362767937,17.360000625719483,24.0,2
57076,1.5954046671017168,0.0,101.62849600215739,2.053133596177965,1.5041555271287885,0.05876460211842461,0.05827753028861552,2.059983788352612e-06,0.06012012907356574,0.8000229170012528,26.89523539962775,35.0,2
25816,3.873488880460096,1.0,102.71381588545479,1.3984299557000819,1.4355790578709804,0.03684347528477961,0.11803442510194988,0.0,0.1085152749541968,0.5044707688151407,25.883587611482344,50.0,3
82936,5.701060861471607,1.0,142.1606346442946,1.2231336726202555,1.020776755417497,0.028073724243569836,0.315716026570639,0.0,0.11812843327074328,0.6380044771041449,27.666162622430956,17.0,1
152233,4.359420279727952,1.0,86.46236650269027,0.6610483277676394,1.743808288579192,0.034759494091331875,1.0799825676737827e-05,0.1475855259215049,0.12567774876200102,0.23700674147691309,25.96626760856234,18.0,1
71147,6.117892928831929,1.0,83.34960807499483,1.116173191799425,0.8488750374661344,0.09529309823863626,0.15349925612982013,0.04304271098624339,0.07782218133052284,0.3315024662333718,27.953350738765803,7.0,1
158311,5.701060861471607,1.0,139.3046852306377,1.7202123044997546,1.2412209663588705,0.04504133145216058,0.05053256935755287,1.439992078248363e-06,0.0607750943259681,0.7991725622072491,27.671290475628776,19.0,1
31445,4.359420279727952,1.0,125.87705919638458,1.2083700310814445,0.9929661400695023,0.03345331143459896,0.21069722185364373,0.042361366366486,0.12727503714890795,0.4004880737342039,23.140552637929098,50.0,3
946,5.270402895934253,1.0,118.00645255195919,0.7783950615769446,0.35094541577501637,0.047871617065426426,0.2951518841877521,0.008698409363821236,0.07207008747600625,0.19236282222973636,25.16582562900878,23.0,2
43422,5.701060861471607,0.0,83.89726523325776,1.5393873568146128,0.8094399761009098,0.07154319726812285,0.12398442007630957,9.829630862846384e-06,0.07697095147323091,0.6858652061907988,23.77661748913103,22.0,2
52461,3.873488880460096,1.0,108.53025919231129,1.5562760176399235,1.3709714197337277,0.037503497957860635,0.007905355412165744,0.05330022584439068,0.09747580878089683,0.5214535572646147,25.972023081598532,24.0,2
43348,3.3619271977508447,1.0,148.7880391305772,0.2634246891675979,0.09055515529919876,0.036177528458350545,0.2319999480755242,0.14700939128916085,0.08030591854684666,0.055604357335072484,23.102182411043902,36.0,2
134235,0.872923795046736,0.0,110.99383259209678,1.573269725078865,0.5325783271168508,0.11276851657666974,0.16533566327191976,0.0,0.05940416375632923,0.4865354007105218,28.342583757028954,13.0,1
6481,5.701060861471607,0.0,138.52570122334734,1.5159190404539722,1.03805616547117,0.036177528458350545,0.1410276701496655,0.0,0.09689431395432624,0.7048997520634385,23.217164728062283,7.0,1
60622,3.3619271977508447,0.0,33.50402346897164,1.4208581649724286,0.643115839399645,0.0431865287142909,0.3293968198283105,0.14700939128916085,0.07610775407689287,0.5125219727084062,27.29044873995,9.0,1
144777,2.81870192439919,0.0,87.97809123128668,1.1077309178046657,0.9550055590897916,0.11549910645789782,0.314807612848614,1.3899926188937817e-06,0.06869912804803781,0.22375482435312113,22.040402024514744,15.0,1
6038,4.359420279727952,0.0,150.29998549943562,0.7006382405716461,1.3416224885557462,0.03684347528477961,0.03234721238490471,0.1412524173700177,0.09540627374586548,0.2915038241674874,27.112899843904994,80.0,4
92806,0.872923795046736,1.0,115.67741830979948,1.7490618513824774,1.3270588689493945,0.10337243046019386,0.2016502871049115,0.0,0.0807099107755365,0.3342806431153462,28.314073400998634,40.0,2
41631,2.234779091684268,0.0,86.95378774214976,0.977251050003743,0.33061589901214944,0.03134499269087866,0.3150353369161678,0.1459900800986709,0.1031396955853106,0.15882300898583238,23.771928248900636,25.0,2
122852,6.117892928831929,1.0,176.515987368967,0.6437972553886573,1.0036232661278224,0.03482762600454365,0.16201610323787796,0.0,0.08716837634649345,0.1385740475400913,24.280698220893218,15.0,1
55649,3.873488880460096,0.0,95.62896636898188,2.1705285737127054,1.2553441352295662,0.10051148267888103,0.21593067514693054,0.000743878523594955,0.08823206529773955,0.639751861069095,27.278800613512473,12.0,1
69240,2.81870192439919,1.0,172.15618696930144,0.7482001681201292,0.49466828604235225,0.03345331143459896,0.3542186659772389,0.0,0.07298954199416931,0.2521047362767937,27.72099707244175,29.0,2
72628,5.701060861471607,0.0,117.72015946008607,1.3604447167824396,1.5221827970798172,0.03570780928036591,0.0008848281545272511,0.14847606628565815,0.11315533132292098,0.461322770147165,25.97456592163379,19.0,1
915,1.5954046671017168,1.0,171.43448144775056,0.9228387905195625,1.4305595995732223,0.04843439090520536,0.03325079712840182,0.08129859283466698,0.0682595902191365,0.6519686275075127,29.14756774271058,58.0,3
31639,4.824000686513771,1.0,86.86301153073802,0.8849480810453934,1.2318460617081535,0.07226092540897922,0.004144154548799186,0.012468381089236091,0.06500020170040736,0.6632895533953425,33.32028726445786,17.0,1
39317,5.270402895934253,0.0,72.23861682040959,1.1849505506472449,0.7234872037486205,0.0858828442467042,0.34377558776963113,0.1339224353449099,0.09660065570186806,0.3157291000839103,22.58395307663539,25.0,2
121469,6.117892928831929,0.0,99.40571467139068,1.6528037535325126,1.057646406189738,0.11005232819260728,0.18173656703380087,0.0,0.10186112363500793,0.4595172001147029,26.808357210433897,42.0,3
27112,5.701060861471607,0.0,152.65743706243586,1.2024918523025487,1.3981349919391537,0.03414355059055638,0.11870244613380132,0.003939573289650818,0.09630503739313614,0.7324773129381172,25.748932801684084,6.0,1
57760,4.359420279727952,1.0,103.20896930376422,0.9330796361672831,0.47687246253654997,0.06657208594270177,0.3315961599830793,0.0021029345249969733,0.13873165934106496,0.5241301357294121,31.905784583643065,9.0,1
39412,6.117892928831929,1.0,120.59394354611693,1.4827469254218961,0.8133491362738893,0.03570780928036591,0.30825889883223306,8.8869815406063e-05,0.1220266290353647,0.6038225012683465,24.33599053467352,8.0,1
1283,0.872923795046736,1.0,90.16506507627967,1.6006790321669766,1.4836782886015223,0.06931636345747896,0.13422605430153228,0.1300641432267015,0.10510074374136276,0.30921905351352663,27.116929064545086,23.0,2
147963,1.5954046671017168,1.0,62.61572749991828,1.3447892366328362,1.3125689770901088,0.03737196454856716,0.31180902369825003,0.0009763413531243456,0.04672247535860631,0.8727232799003789,23.191020164872935,41.0,3
17003,1.5954046671017168,1.0,175.40576908216823,0.7574292631964193,0.585186269256022,0.026198033914667747,0.0019443316234266479,2.6397337633606306e-05,0.11889944029238214,0.08360937625116761,29.560275277373577,14.0,1
86008,1.5954046671017168,1.0,137.07591724242775,0.7854455645604872,1.0402249611304715,0.032054095044992494,0.03772983306760561,0.0,0.0944893301378407,0.6458635010518889,31.082162000824766,54.0,3
11576,0.872923795046736,0.0,100.55197749301864,1.4794525303974508,0.8330093229215549,0.045394496904964325,0.00031884797623869956,8.539721389181463e-06,0.07253143383276514,0.16747215160921813,25.970283146239314,48.0,3
50144,2.81870192439919,1.0,106.31293663332924,1.4827469254218961,1.0707955444139763,0.03379920531112484,0.08364350088393153,0.0,0.05318845094455567,0.639751861069095,25.70582847008013,32.0,2
115511,1.5954046671017168,1.0,97.3492165769674,0.6523964551813372,1.4130567522589161,0.04673112473458526,0.34090136157244855,0.0,0.13572879064426424,0.45771100209068194,22.499113293906877,5.0,1
82632,0.0,0.0,143.12072978228287,0.6437972553886573,1.042395729804522,0.06102200408319748,0.2247560956944594,0.015065401060720823,0.13671498695509582,0.5232380909858012,31.279207286484393,20.0,1
155462,1.5954046671017168,0.0,146.33756065992952,0.8675408250285294,0.35387720145515056,0.10164462000814617,0.27651261005460964,0.1461667279715321,0.07066635954166857,0.28496036755879967,17.50438919640275,20.0,1
69038,0.872923795046736,1.0,115.64666120701051,0.9719997127794917,0.8729036385143312,0.0897636276352218,0.21463560404457743,0.08251428425476516,0.12135199042106064,0.5463834888224122,27.5263068613065,47.0,3
3193,4.359420279727952,0.0,148.3181966461857,1.756317752022725,1.33675974885698,0.08800276332840526,0.026962477879537188,0.0009485471540876694,0.06297072826400497,0.581801103291445,26.774810791484025,52.0,3
43733,3.3619271977508447,1.0,99.79324649060517,1.5835165182702335,1.3343314548273377,0.08226457702046334,0.25280882888740774,0.0,0.06971386977315287,0.45590417500931824,25.885331502632923,24.0,2
63359,2.81870192439919,0.0,121.51575300176495,0.9589353474702558,0.3582878358476109,0.05170941569813888,0.33529747315535713,0.0,0.09510266620308695,0.5330424673029763,25.89391564993195,22.0,2
21140,4.359420279727952,1.0,129.2133286263581,1.0909488099104507,0.8911068094754843,0.08954958276534362,0.3427068096617039,0.0,0.09227673809299898,0.686731754906846,19.833617110783663,14.0,1
54083,6.117892928831929,0.0,96.91299202851101,1.4959659338530724,1.5953196693962126,0.03537048937348555,0.22269219649736002,0.0,0.1236889362795961,0.8794437592650981,30.403189863386554,51.0,3
6262,2.81870192439919,0.0,141.0102816646337,1.4048176378816764,1.5481140364786548,0.027478115992428973,0.004213282027734187,0.032960936836473054,0.04383465447377062,0.531261178626178,23.907380561080284,56.0,3
124039,5.270402895934253,1.0,105.93928244896036,1.635322297431103,1.0751944363573847,0.05186870073877971,0.15058911051770973,6.408430617183102e-05,0.1252275809854624,0.6728515002130602,22.01781452471916,66.0,4
108426,0.872923795046736,1.0,144.60134808904897,0.8308234223741906,1.8218843084598937,0.04707538101428019,0.0017653286788360141,0.13446811735645706,0.09162520541474937,0.2028513616900528,29.798437457848024,46.0,3
118713,0.872923795046736,1.0,87.43947818003137,1.3920585419964056,1.1196203641016944,0.07007114572550133,0.00022592368662265288,2.0399841017327654e-06,0.0807099107755365,0.25022020596358363,28.55277951615973,12.0,1
154539,2.81870192439919,0.0,89.68681872389764,1.4761622725906902,1.3907019974812584,0.06513775217174007,0.15637341109399755,0.0,0.12121460761967925,0.7804349562007139,22.6007188641303,20.0,1
12073,2.234779091684268,1.0,120.29324654447561,0.318177144217186,1.616519151327676,0.06816008079340606,0.012751715278126845,0.0,0.08995736455673303,0.5196684304319891,31.949486100179683,55.0,3
96034,5.270402895934253,1.0,75.82793173277862,1.433764130961678,1.3246387704294853,0.07881827414418355,0.019229125756512176,0.0020832540356085795,0.10339044157515012,0.42509082013318533,29.054801851799173,23.0,2
6347,2.81870192439919,0.0,143.0809514671828,1.3168623695632067,1.2861952396200695,0.09677083598355257,0.22557525993315777,0.0,0.13804191994014633,0.6161167520118906,24.20019724962291,41.0,3
32570,5.270402895934253,0.0,107.09596419015439,1.2619772416422685,0.9404137982053083,0.04758837115456349,0.19838414786356615,0.1478679710128337,0.08190524688566762,0.2943053803806194,29.81001285722874,24.0,2
140606,1.5954046671017168,0.0,119.35989018528883,0.8650682795653099,0.9654866865759476,0.10224203121314437,0.024188881320729293,0.02707774875038567,0.07160547706998972,0.5463834888224122,27.41242124605581,27.0,2
105153,0.0,1.0,87.39679557014428,0.14024060869760296,1.8558623489315549,0.08226457702046334,0.0,0.14805756513607893,0.12022932698877,0.08605683009437633,28.93933593888435,39.0,2
134416,3.873488880460096,0.0,106.03271362895252,1.7490618513824774,0.668298156335253,0.10452341798063405,0.2404747550200633,0.0,0.08858182813778119,0.45319275256535035,25.60663691741013,8.0,1
155382,0.872923795046736,1.0,140.31742999280885,0.5386998252594657,0.22214766867345095,0.036177528458350545,0.36832732859560113,0.045719184925385015,0.08030591854684666,0.43961424622178924,26.12056270790858,20.0,1
49073,2.81870192439919,0.0,110.93710927701521,1.0993228154521477,1.2790452321863144,0.08086954562732294,0.33850815172552834,0.0,0.12696665599738943,0.8693603851012888,28.864549841455325,21.0,2
50151,4.359420279727952,1.0,95.31811612196933,1.6041242390834507,0.3063820695190575,0.03637793803600697,0.3250784302488298,0.14796473604214241,0.0846000186739813,0.2680922205501752,27.544313588185634,20.0,1
72769,1.5954046671017168,0.0,121.61245938476297,1.6951965578252368,0.9908405959351675,0.10401173324475396,0.2312091724753965,0.0,0.07113757653068406,0.742786092544838,30.76006166914632,43.0,3
141786,5.270402895934253,1.0,131.10343470716077,0.6785107863592905,1.1625640217662516,0.03482762600454365,0.14941484002339908,0.0,0.09479702346996888,0.41325998704410216,29.30316872415249,53.0,3
8935,2.81870192439919,0.0,120.1505052542534,0.6459421267605535,1.3562599631415344,0.02844379682282684,0.0,0.14827357759696985,0.11443906789033216,0.5285881430572061,30.794746706214667,18.0,1
149870,4.359420279727952,1.0,85.69773471890247,1.0387004217770066,0.5259169346537883,0.11281100403753022,0.2886503818235435,0.0,0.08111111514562246,0.47214306179705734,24.028634206478536,13.0,1
81403,4.824000686513771,1.0,167.86310104444763,2.2244238449503455,1.0489198800185926,0.03710819197409395,0.0004377134439131874,0.038095985548351606,0.07066635954166857,0.406878074585287,27.02558652613869,1.0,1
21612,0.872923795046736,0.0,135.29317105706824,1.6179475077937715,0.7919429048882065,0.10076992777346946,0.14645328997075285,0.0,0.09600744425199255,0.3940899342910126,27.294330696104765,48.0,3
6850,4.359420279727952,0.0,133.13032904408124,1.0909488099104507,1.6836409726368637,0.08489042627422848,0.20577278583815367,2.3497890403747236e-05,0.06479464666176499,0.8668370486535385,34.21449658856882,5.0,1
12246,1.5954046671017168,1.0,163.2370904388882,0.34103710916357344,0.6701107889329828,0.09277983356126722,0.315716026570639,0.1458241281023726,0.12093734207546923,0.06348490294392038,24.85826875309633,15.0,1
404,3.873488880460096,0.0,134.4557245168614,1.0441365530273317,1.1831582989482943,0.03482762600454365,0.10003407720918936,0.004905852458809698,0.06050287974072933,0.6240060675375,25.09177930883903,74.0,4
44685,3.873488880460096,0.0,120.92509574271385,0.9984031852273931,1.2388742016849947,0.09724115111165019,0.13170501708479113,0.0,0.13439240208889255,0.5259137815807644,28.893310235270413,17.0,1
156156,2.81870192439919,0.0,89.71339749347274,1.3604447167824396,1.2435697576993787,0.05951219308668294,0.10429869371523375,8.767062468692628e-05,0.1283610048523297,0.6988499935977971,35.303158951678604,1.0,1
53446,3.3619271977508447,1.0,78.16400532895021,0.7574292631964193,0.09851535901360106,0.037503497957860635,0.3744457480405054,0.1483852528753606,0.08150955334797905,0.2332244270349452,23.303834231671516,5.0,1
4794,4.359420279727952,1.0,108.80438142779116,0.2603977600807016,0.47687246253654997,0.03684347528477961,0.014670307255570792,0.14848343783585247,0.10437726552568219,0.21236501541503539,18.86821891858926,50.0,3
43913,0.0,1.0,105.84064786995482,1.7490618513824774,1.1084392632811322,0.02717869094408675,0.2995792592214203,1.329932425995656e-05,0.10807879371529658,0.7109433115136713,25.965464450410757,1.0,1
4269,3.3619271977508447,0.0,120.4155769320335,1.4499888131526906,1.5611583427172575,0.04385050974019494,0.06001745175361135,0.0002677258252508932,0.1110204011529758,0.7547906905198852,29.796487613950895,32.0,2
22267,4.359420279727952,1.0,109.35749758410337,1.1646618235594426,0.5765830106954144,0.08226457702046334,0.2659129107407421,0.0,0.0834609979772711,0.2426743316518963,25.731966321765206,61.0,4
145845,4.824000686513771,1.0,137.711091674129,1.0224814030232345,0.8429110412156785,0.07632487083264694,0.17553296004468336,0.1485126298438773,0.07434469244013149,0.2709078202006909,28.775529957701547,25.0,2
130239,0.872923795046736,1.0,98.15261152917168,0.7667130778006805,1.3343314548273377,0.1131809531893536,0.1796884828622201,0.008698409363821236,0.09029545927515505,0.44142678332063784,25.21911318982138,43.0,3
5647,6.117892928831929,0.0,77.79524841344046,1.3730416877687452,0.585186269256022,0.0576717243662714,0.22841394966772371,0.1485126298438773,0.07567160824092482,0.7744609539463155,21.413378460297757,43.0,3
18383,0.872923795046736,1.0,122.39080011189807,1.0197912380668752,1.0818076464946016,0.1047229147856999,0.20211257541611768,0.0,0.11583914795584942,0.37025330913284016,25.279822570539082,25.0,2
133921,5.701060861471607,0.0,82.61859934446389,2.0174878286975386,0.7574094640680615,0.10089770454746333,0.131070708116066,0.016823724306544618,0.06627170617944157,0.652840258681475,22.90079446855482,48.0,3
45861,5.701060861471607,0.0,111.88024159517653,1.5562760176399235,1.2039155262962848,0.04770181886559934,0.23972090973170235,0.0,0.07160547706998972,0.5588056688922406,22.90939154566592,45.0,3
93143,2.81870192439919,1.0,105.21738845885568,1.4305314995612604,0.6253501522484253,0.030629476337651843,0.19169008643354407,0.0,0.12973537823509393,0.6702452610397654,25.39700523493151,35.0,2
12951,4.824000686513771,1.0,94.30025240048731,2.0135500188167925,1.1017545099034765,0.08997598537939895,0.14284992485469716,0.0004791210273643176,0.07253143383276514,0.7949190281537434,20.251606019086992,32.0,2
158003,5.701060861471607,0.0,147.94711762693737,1.1021217240069057,0.5629124880905149,0.08058365006988354,0.019417686065019802,0.007761030056575878,0.07253143383276514,0.30176808255591336,24.971841530328255,33.0,2
40741,0.0,1.0,171.32303842965214,0.8675408250285294,0.5714429205166435,0.024898070612616233,0.1847723004118197,2.8196962222615882e-05,0.07739805058592603,0.1607465310562704,26.48889815892755,5.0,1
106363,2.81870192439919,0.0,103.63609207403965,1.068784255159413,1.1534632002710248,0.0412801290540494,0.2606647456595814,0.0007269740121265891,0.11905083262975834,0.4730437411412784,33.76708337878551,40.0,2
41748,0.0,0.0,68.73970285285282,1.3698863849283012,0.48979344763555255,0.0300524019955432,0.3341417403785182,0.002368327640013375,0.0944893301378407,0.6406253525679155,27.79863803443598,4.0,1
5764,6.117892928831929,1.0,78.7600004398879,1.688088075804631,1.2933635885898236,0.03386819800867214,0.33663084347941513,2.3499789026816484e-06,0.12293774418845033,0.8051225882576657,28.180216371086747,59.0,3
147812,5.701060861471607,1.0,123.08714491580088,0.7344587426213406,1.7603971408092527,0.04954523409962817,0.004962882796202298,0.0,0.09861591438912895,0.4332653199494439,27.795059828231256,65.0,4
74509,2.234779091684268,0.0,146.1293716763685,0.8824506569237538,1.807818507257721,0.05581785744347516,0.003976213546291906,0.0219432665386193,0.10133787158252591,0.3656561673256651,28.804974697666832,34.0,2
69826,0.0,1.0,112.80166031379855,1.2559580752183774,1.1511930062111049,0.08307477277729898,0.08906753062547003,0.0,0.10557531116723944,0.4568076672489063,25.360841668363886,26.0,2
41956,0.0,0.0,120.21678101229045,0.8675408250285294,0.8369642726908375,0.029178943760520885,0.20349305848707883,0.010459998214787056,0.07389614600927014,0.24361824637685142,20.945865422124594,35.0,2
79960,5.701060861471607,0.0,139.07005717842557,1.6388100440527043,1.5351222119478976,0.039063729311291664,0.05644371077142592,0.000443247851125062,0.1340154924426626,0.461322770147165,28.5644469619696,23.0,2
141374,0.0,1.0,135.49364670022294,0.7185814057543572,0.6737416234012596,0.03496370680718108,0.004972734671568775,0.0013430645585117793,0.0994514137349725,0.06151620510720674,19.40755679385359,24.0,2
126395,0.872923795046736,1.0,106.7745555374164,1.8335626327890615,0.6288885490015691,0.1035886709897732,0.10849580240222706,0.0,0.05001700446081454,0.6275089041868975,32.17501166848707,30.0,2
21570,1.5954046671017168,1.0,75.96947090990676,0.9433783587917097,1.1331035227505035,0.043549501022233275,0.029894438511510166,0.0,0.09323773806836998,0.22754504202061962,32.28090851346221,30.0,2
23216,0.872923795046736,1.0,85.76728677458667,1.1303197887629002,1.2062319625131506,0.10852846367617025,0.20981104117612712,0.0,0.13252230774360968,0.26527491248338686,23.736525637004718,11.0,1
47025,0.872923795046736,0.0,118.88516152026381,0.6204196326368729,1.7714992544604575,0.03134499269087866,0.06001745175361135,0.12639779551552602,0.09386772939038489,0.1607465310562704,32.74921005378869,29.0,2
77685,0.872923795046736,1.0,98.46741180197729,1.6214139493243716,1.0358893422160114,0.042332057504160955,0.04822107664482468,3.059964228976467e-06,0.046009276621746004,0.48743361513789707,29.052941988870877,34.0,2
30713,1.5954046671017168,1.0,36.60060738671869,1.6214139493243716,1.1900592475800453,0.06697413709052649,0.22144278435145062,0.0,0.0929195560165614,0.6806632116178793,27.677058536093014,49.0,3
18924,2.234779091684268,1.0,58.850951698873416,0.23657173826506164,0.9508267515704789,0.03105955941405482,0.051214064126307746,0.0,0.11667954399222695,0.6029433102477434,33.12758447353462,41.0,3
90787,6.117892928831929,1.0,133.13535303733306,1.4630425573980839,0.9259172992484815,0.02770197444137078,0.3011080329481629,0.0,0.14519801915491637,0.7290371027083983,25.15652663268704,46.0,3
19756,5.270402895934253,0.0,90.49431318050264,0.7925271422579314,1.378354930922237,0.037503497957860635,0.003976213546291906,0.13528462654113338,0.1176543571357466,0.2999035103297946,29.63410007638425,36.0,2
111353,5.270402895934253,1.0,112.9405516676566,0.9746235506992239,1.0402249611304715,0.036177528458350545,0.2172170175632873,0.0,0.11549563035956101,0.7014435082779047,31.491715888825066,48.0,3
34620,0.0,1.0,69.07637021355394,0.9693795334875999,1.1648442414606313,0.04673112473458526,0.14284992485469716,0.14104584832010492,0.10339044157515012,0.6134845293745955,29.677870221762106,20.0,1
118179,4.824000686513771,1.0,96.18708127369636,1.8899300099487994,1.257705099064472,0.07881827414418355,0.19601848270027006,0.0009227329352849064,0.06391444984743964,0.6266333978237972,23.759420552986743,19.0,1
122820,0.872923795046736,1.0,109.45050581886679,1.6179475077937715,0.4656601541525873,0.11214289994463984,0.046064937377106194,4.429250373308667e-05,0.09227673809299898,0.22185852236336234,29.1847906581796,3.0,1
68168,0.0,0.0,111.96264709272712,1.310700409278527,0.7479254660277699,0.09018667070769226,0.16752177592828701,0.0,0.08534643612555834,0.7341966756319006,25.95033515227746,53.0,3
83984,5.701060861471607,0.0,118.84431198836698,1.2083700310814445,1.3416224885557462,0.10980454318077999,0.21420196030178915,0.0,0.08716837634649345,0.5782695745186084,21.676961022877865,3.0,1
79984,4.359420279727952,0.0,106.30774827853482,0.9877977162194078,1.7687205075946664,0.032896640880451446,0.005307524167595349,0.018383804264068788,0.06110046150989802,0.3867677441611076,26.7716643482798,17.0,1
122441,5.270402895934253,0.0,86.57457374188884,0.9589353474702558,0.858853361084863,0.10530426513964988,0.06735953760387925,0.0,0.10785844760529659,0.22185852236336234,29.588816222734348,50.0,3
10131,4.824000686513771,1.0,109.33165995659921,0.9433783587917097,1.3343314548273377,0.0393845982534776,0.11870244613380132,0.0,0.07479010183432175,0.6702452610397654,25.717956519935154,56.0,3
124648,0.872923795046736,0.0,105.76796135275339,1.4794525303974508,1.03805616547117,0.026953409443536608,0.20349305848707883,0.0,0.11566792219410234,0.591501237117933,27.19483383959349,34.0,2
25804,4.824000686513771,0.0,125.27924789865374,1.2892590495900826,0.7784403718217229,0.11521531410293635,0.3210304668545022,6.898181535269435e-05,0.07019179955184995,0.48114289466383386,33.98500730457453,39.0,2
78343,2.81870192439919,0.0,141.55325582313694,1.1417057923154803,1.5926792334280553,0.04673112473458526,0.009852506517610308,0.0,0.14038557465398255,0.41417103144871215,24.372059678905547,62.0,4
41902,5.701060861471607,1.0,145.73270352665813,1.0965276954317247,0.5459877684173237,0.03590947778731781,0.3362515133779401,0.0,0.1085152749541968,0.23606145763498151,24.323819528791393,35.0,2
86826,1.5954046671017168,1.0,64.02335826385621,1.6388100440527043,0.7631224941741739,0.11423429868061653,0.2280111046994741,0.0,0.10133787158252591,0.684131723091564,26.441196171398115,47.0,3
112451,2.81870192439919,1.0,112.81709389372091,1.2619772416422685,1.0532791897548954,0.025435779189136993,0.18973683608982944,0.007761030056575878,0.12567774876200102,0.5932630825882477,27.453941745036555,51.0,3
110538,6.117892928831929,0.0,110.97836300823255,1.3793644304245756,0.5527359021169996,0.10281767652483301,0.025948304091180735,0.0,0.09689431395432624,0.43235768782226963,25.688438155100954,8.0,1
106119,5.701060861471607,0.0,103.02137224379837,1.2680121847925503,0.6342099553792683,0.06450986144918483,0.2911238442445418,0.1317009255800632,0.12008513127007257,0.7419277041759904,28.652412570934683,13.0,1
45052,0.872923795046736,1.0,135.03248907655728,0.5912348122088464,1.0358893422160114,0.026953409443536608,0.0019940376062208094,0.0009961907158109078,0.0642263303982092,0.5232380909858012,28.591909064646547,62.0,4
144823,2.234779091684268,0.0,83.01646788436135,1.8484962499838813,0.6449025530655125,0.09370898039945591,0.03772983306760561,0.0,0.07697095147323091,0.5463834888224122,23.753875947338724,22.0,2
68788,5.701060861471607,1.0,74.87973558528343,1.1531530780227583,0.49466828604235225,0.1059512892555724,0.07585283791037223,0.0,0.11200919934125854,0.18376276966746116,27.360912397572402,26.0,2
55581,0.0,1.0,112.41057541455163,1.6951965578252368,1.329481015462743,0.09121551619797047,0.04623799356833079,0.0,0.056241979084732156,0.29897094882889713,27.54971404162792,26.0,2
150190,0.872923795046736,0.0,108.66991872112264,1.0387004217770066,0.9300494478737024,0.026198033914667747,0.16697724760173577,0.14844628185416234,0.09195206939260495,0.4838398383414279,27.88748131016811,12.0,1
155272,1.5954046671017168,1.0,121.12881720079747,0.9356488839762348,1.3981349919391537,0.032054095044992494,0.016577632105374596,0.0,0.07434469244013149,0.34999362956189706,26.45573759853837,56.0,3
114463,3.873488880460096,1.0,147.36301627483658,1.258965687733321,0.9383370423726153,0.1080137256563241,0.13359821373595446,0.0,0.1346369199101291,0.45590417500931824,21.28168714133843,23.0,2
81911,3.3619271977508447,1.0,172.1271334025397,0.12372127233882249,0.06166487462878362,0.037503497957860635,0.3749579057766519,0.1346956684792177,0.07434469244013149,0.03781648672357541,22.52108031135962,9.0,1
27958,0.0,1.0,73.77134155008683,0.6309968373439115,0.004012134957362634,0.03550559855419764,0.372759757602228,0.1303644909196969,0.07948948280021469,0.24456196630091115,22.033672277542806,70.0,4
81842,6.117892928831929,0.0,130.1916341846237,1.258965687733321,1.481128021569572,0.08360405773041377,0.014670307255570792,0.1463190657789238,0.1328074491049765,0.27653391437213615,31.43324810475215,19.0,1
26934,4.359420279727952,1.0,104.75999617604221,1.874800880341669,1.5092957197361627,0.07664561864626834,0.293554609982518,0.0,0.100270542490563,0.8794437592650981,28.8807377530444,55.0,3
12332,1.5954046671017168,0.0,125.29951936586535,1.7418233789384563,0.4139711117068804,0.10786191730577435,0.2780110728216572,0.0,0.09029545927515505,0.3472244379771469,22.018562704322434,43.0,3
72514,0.872923795046736,0.0,140.1528680842397,1.6457983485520453,1.730043125748694,0.07154319726812285,0.004233030090637066,0.0018271343657802776,0.059790517208288665,0.6441179843263861,27.02532599077104,42.0,3
145000,2.81870192439919,0.0,115.47234884278375,1.5226033909488335,0.668298156335253,0.027627422474071267,0.16257276229220186,0.0,0.10212019116983716,0.8246325601771349,20.48979615265022,28.0,2
121208,6.117892928831929,0.0,187.03814256339854,1.486045460471644,1.5299401608787968,0.0431865287142909,0.0009985074216367666,0.13632255999081921,0.08961697180144913,0.34999362956189706,27.285142791372994,7.0,1
64969,2.81870192439919,1.0,112.73477797708831,1.6144853188230401,0.882997246197953,0.04764511993349178,0.25661306681080637,0.0,0.059071447418294995,0.4856370331868439,30.02972761176691,16.0,1
158214,4.359420279727952,1.0,119.36499332479761,1.3199493399191744,1.1671264680853237,0.07331527306353508,0.10074959601613999,0.0009961907158109078,0.08680895131871912,0.6919283533734552,26.688717228261027,16.0,1
22641,4.824000686513771,1.0,121.9279510967056,0.9228387905195625,0.6253501522484253,0.02844379682282684,0.2995792592214203,0.007761030056575878,0.0834609979772711,0.3766821266125737,27.54739964995366,49.0,3
138874,2.81870192439919,0.0,110.65343043639534,0.7482001681201292,0.7919429048882065,0.03352261446733482,0.06525739796538689,4.54992091219151e-06,0.11161742520075171,0.4169031817689732,26.354363190689828,3.0,1
27358,2.234779091684268,1.0,88.1593006315231,0.9667630100669081,0.5459877684173237,0.026425365750075997,0.2180697686246851,0.0,0.1028873097127769,0.22185852236336234,27.948385559202585,8.0,1
3058,4.359420279727952,1.0,90.18631205922152,1.486045460471644,0.8389446157210648,0.10224203121314437,0.029620722255763815,0.0,0.13050531086363082,0.3831026140507271,25.190019454683668,76.0,4
141411,0.872923795046736,1.0,100.68271040140115,0.7140754272172378,0.7216204794212896,0.1057697557925517,0.32124695739334475,0.0009961907158109078,0.11874712021012017,0.4838398383414279,21.334001090199656,14.0,1
9904,2.81870192439919,0.0,112.7656474528026,1.6318388174675127,1.0664045786492466,0.07821024105866159,0.1410276701496655,7.257986853211785e-05,0.05306868496164823,0.5791526678427404,31.7060471297992,62.0,4
63191,2.81870192439919,1.0,93.32839170501366,2.1093213954162473,0.5061055596071057,0.09998279941324975,0.2930180791304926,0.0,0.10186112363500793,0.41143740592545724,27.540970088603153,1.0,1
11901,0.872923795046736,1.0,58.952532979464486,1.7094653201885666,1.5170216896823014,0.08636722143496323,0.07223229660829751,0.003609360048116026,0.06365352429629562,0.4278171081723786,31.695535285877757,20.0,1
2082,1.5954046671017168,0.0,114.3640702787269,0.8552135014387723,0.6628713893276507,0.0493246207804653,0.20349305848707883,0.0001069562753105397,0.090631273449164,0.3129401677457382,23.795936255563884,47.0,3
153692,2.234779091684268,0.0,159.68425480200165,0.7807417810472599,1.699947820491657,0.03482762600454365,0.004962882796202298,0.007761030056575878,0.11889944029238214,0.4004880737342039,27.10796024286932,33.0,2
639,0.0,1.0,109.95152267604418,1.3952422166886544,1.2295073977449773,0.04899224740895944,0.045631865334373974,0.0,0.11277808358501228,0.3342806431153462,28.35569698956858,67.0,4
89675,3.3619271977508447,1.0,116.92210228014949,0.6741252782109894,0.36123690408972214,0.03134499269087866,0.29594365698262864,0.07879148666691815,0.07739805058592603,0.4513843481564584,26.755797196049468,49.0,3
139066,4.359420279727952,1.0,153.99658389320027,1.104924423867234,1.2039155262962848,0.04379041442699696,0.09350737751597628,0.13892991401941193,0.0692325431781873,0.3203737089709441,30.874028299084216,27.0,2
159182,2.81870192439919,0.0,123.18875386642809,1.5972380637191486,0.9053728438287705,0.08334048687121909,0.07112123061491774,0.0,0.05687327673656359,0.3509163440956271,24.625344263583145,25.0,2
130801,2.234779091684268,0.0,81.85435531062443,0.2513820855061488,0.06166487462878362,0.044982288551343556,0.37470221175114343,0.14252820321226706,0.07697095147323091,0.05067119003167404,20.940449401703926,11.0,1
8031,0.872923795046736,1.0,113.99944000925471,0.8749797475547563,1.0078998505255499,0.03684347528477961,0.05585783783563089,0.0,0.09162520541474937,0.4004880737342039,24.289382646016946,73.0,4
63839,5.270402895934253,0.0,179.79735764233197,0.5268798488130423,1.0143294574313837,0.04954523409962817,0.20577278583815367,0.11208939365179978,0.07610775407689287,0.18567534203771005,29.190970722066886,28.0,2
84288,3.3619271977508447,1.0,137.39605772888123,0.8020177118754851,0.585186269256022,0.03134499269087866,0.2548947328680451,0.1274675438649686,0.0846000186739813,0.2943053803806194,27.97231473293457,29.0,2
89250,4.359420279727952,1.0,185.56355241441096,0.43813908429016785,0.6253501522484253,0.032756846992377936,0.2832838458935142,0.14848343783585247,0.11843967107822272,0.12405157644659484,32.10223483687613,21.0,2
24385,4.824000686513771,1.0,145.69302820550777,1.3292342453589678,1.4031006457171435,0.044982288551343556,0.0019940376062208094,0.0009961907158109078,0.0560111652642022,0.7547906905198852,28.09669964746878,2.0,1
21963,4.359420279727952,1.0,143.2897699521181,0.38670890522831725,0.8192271637225136,0.032054095044992494,0.14224404248746633,0.14584290335690275,0.12787593330562827,0.14147261013649215,24.625760537214003,5.0,1
39017,4.824000686513771,1.0,120.09952034196787,0.6437972553886573,1.4080745642651042,0.061916456303725574,0.19314302867308558,0.0,0.12476668575403163,0.529479302078413,25.682909327018184,46.0,3
29088,2.81870192439919,1.0,149.8851594135116,0.8308234223741906,0.7460343185053053,0.029907481693841425,0.2616620044246371,0.005864813330088342,0.08030591854684666,0.15786092743258234,25.020055572882104,43.0,3
151175,0.0,1.0,110.98351957044436,1.3984299557000819,0.8688796649587435,0.04557037994341877,0.23081248243290878,0.12150916954141164,0.07113757653068406,0.5008885459395205,25.447657052804008,2.0,1
113312,6.117892928831929,0.0,133.93382343444094,1.698757269387999,1.4684079384441668,0.05814955297599888,0.009716581035562393,6.06985924530493e-06,0.06147828612666972,0.7974715008392304,27.286048734794235,36.0,2
107405,0.872923795046736,1.0,124.57959405650979,1.2801294904916005,1.0078998505255499,0.0897636276352218,0.07135967865258865,0.1472438889403441,0.09833371298734968,0.2718459746407351,30.044756181516398,45.0,3
16266,0.872923795046736,0.0,99.73041811427636,1.1966292274711101,1.3125689770901088,0.10698728321032973,0.16312805578940295,0.0,0.11781335401820275,0.39774701348203345,22.203736087863412,48.0,3
113231,2.81870192439919,0.0,129.50087861537918,0.6763163713235399,0.8668705620052803,0.03345331143459896,0.015625372543004,0.14224708538862296,0.10237756976806238,0.3481476766638229,23.276025654448006,31.0,2
43627,0.0,1.0,130.27227209915625,0.4920930517323875,0.4201341924731819,0.02680288136667475,0.3154895427727972,0.0,0.1031396955853106,0.329649459445562,20.52243990634156,10.0,1
78111,1.5954046671017168,0.0,140.95048640187088,0.9746235506992239,1.7742801479019172,0.09334166241755217,0.019417686065019802,0.0,0.10807879371529658,0.5178827095260955,23.412261216089977,47.0,3
48619,5.270402895934253,0.0,117.08586968872265,1.8522407310256643,0.7422576704438388,0.06075066486719358,0.19314302867308558,0.0003395588099666558,0.07019179955184995,0.47394426546045465,20.950816392165393,31.0,2
82475,5.270402895934253,0.0,129.63201139823124,0.38497967590839305,1.1648442414606313,0.04557037994341877,0.0,0.14199182456460208,0.12777722757972032,0.5169896259943355,29.11947445911405,36.0,2
78824,5.270402895934253,0.0,160.85348276459112,1.351039350458107,0.8016444925314857,0.03684347528477961,0.02129722678586382,0.14696849671790746,0.07066635954166857,0.5232380909858012,26.89732649239699,15.0,1
105479,2.81870192439919,0.0,48.8470787748066,1.5766811031181405,0.6520678855900447,0.04899224740895944,0.35844681225356584,0.14843120878913402,0.0834609979772711,0.5932630825882477,24.609105874543168,41.0,3
22264,0.0,1.0,102.79723398637248,0.4509289094337133,0.0726508877644811,0.03345331143459896,0.37328205313473023,0.14841601368529395,0.07389614600927014,0.1607465310562704,27.447110568978708,51.0,3
73774,2.81870192439919,1.0,97.84816749590117,0.9101188546911463,0.895173163886735,0.02770197444137078,0.14041716978012045,0.1300641432267015,0.1031396955853106,0.5782695745186084,27.501856309567717,18.0,1
108788,3.3619271977508447,1.0,136.6155274816648,1.351039350458107,1.0402249611304715,0.02997997452818506,0.01988860366022425,0.0,0.07389614600927014,0.7169807027788505,27.93195798361389,18.0,1
55115,3.873488880460096,0.0,115.07744331493824,1.354170443691811,1.4913416009490772,0.04849039704760272,0.008383475153663604,2.2897996749240163e-05,0.08995736455673303,0.3481476766638229,26.365757854254934,19.0,1
77053,0.0,1.0,149.7913068894885,0.8724965562789044,0.48170445036181103,0.02844379682282684,0.355015585552839,0.0,0.07479010183432175,0.2699694764964411,24.872880796344834,17.0,1
124052,0.0,1.0,164.16865693324016,0.9433783587917097,0.882997246197953,0.03482762600454365,0.20211257541611768,0.005864813330088342,0.07298954199416931,0.2821532349715344,27.09950950394978,44.0,3
43166,5.701060861471607,0.0,96.74473423133894,1.9900187305277914,1.0078998505255499,0.07911856488323085,0.0949714230421777,2.499761250888999e-05,0.07298954199416931,0.3259413065890475,26.497084866159657,4.0,1
135738,0.0,0.0,113.02284612791655,1.4112216109464688,1.4658701681640962,0.03677714815628141,0.0011081612628365785,7.51978396744461e-06,0.12696665599738943,0.4667357229045698,26.629812882557108,27.0,2
10274,0.0,1.0,134.25502773210704,1.8635008037178689,1.4255484317321425,0.042024311441885176,0.05686148504093403,4.589919515510705e-06,0.12008513127007257,0.4990965284816648,22.016318114275744,47.0,3
122557,4.359420279727952,0.0,59.71923826473573,0.3117473624906743,1.691784810850091,0.09389050618719966,0.04100310783805979,0.000961452342404402,0.12567774876200102,0.15593612213162947,22.662121948228528,2.0,1
122415,0.872923795046736,1.0,79.79874936527858,1.3014873780326923,0.7938794242950211,0.05932625929375025,0.024374542771290923,0.0012341468831652564,0.12464975206108977,0.5481598184332552,33.29420884556063,5.0,1
47788,0.872923795046736,1.0,85.69773471890247,1.5835165182702335,1.1466586274561965,0.10639383282620979,0.19217553698332104,0.0,0.11161742520075171,0.4847385124396228,20.323684978669895,58.0,3
149268,3.3619271977508447,0.0,118.23643749867907,1.1133552989984767,0.6901723993940194,0.028738652914220033,0.21849470962927253,0.0029463636576916434,0.08644706391858864,0.29056960183628,28.565701332187576,2.0,1
17300,6.117892928831929,1.0,104.73399941984697,1.5427567021324977,1.450687222114931,0.03414355059055638,0.011788166338059581,0.0009961907158109078,0.09804963764136568,0.29337171326094935,26.632970718948897,46.0,3
125590,0.0,1.0,122.81782309353761,1.1937037408317457,0.3378377290312707,0.1116585814136889,0.2555842232981101,0.0,0.11566792219410234,0.6388782359477272,25.362065819257975,34.0,2
70067,5.701060861471607,0.0,68.96049470976551,0.9589353474702558,0.2979467232653671,0.04730387785758131,0.05518685242325488,0.14876169108165535,0.11122066945651018,0.379434781026071,20.15904348822594,25.0,2
93526,3.3619271977508447,1.0,116.48181456803962,1.635322297431103,0.7803636199698412,0.03482762600454365,0.3055920446641296,0.0,0.08927426336727629,0.7290371027083983,27.92915572364451,70.0,4
14533,3.3619271977508447,1.0,189.33288727534193,1.4959659338530724,0.1887327083154206,0.044209968103347645,0.36665906805142,0.09596965385219867,0.14272150665827094,0.3601339240615556,29.53453550925611,50.0,3
104135,4.359420279727952,1.0,122.98044259476312,1.0743027900555246,0.7347269443802338,0.04379041442699696,0.02129722678586382,0.0009961907158109078,0.09999929605428569,0.42963382439383313,25.098355022280224,4.0,1
153783,0.872923795046736,0.0,108.3440065079705,0.8067838170617007,0.5765830106954144,0.09442669630209094,0.33394795317970766,0.0019158486456273976,0.06617081820143467,0.31386999284176065,22.97605442214857,38.0,2
54355,0.0,1.0,94.02574163825018,1.354170443691811,1.5847705774637866,0.04893668168033808,0.007230905641971439,0.14845377296858217,0.06339166281937757,0.4232724839940975,28.54487391186294,20.0,1
42094,0.0,1.0,90.87645152148124,1.5125831187873215,0.8850217453836101,0.11406662280616449,0.3177359858549214,0.0,0.13651556189408623,0.13470623423522704,28.571847202444395,21.0,2
145876,2.234779091684268,0.0,98.61426939888034,1.249954663221884,0.9135673883268748,0.0814343853848159,0.1744815277128284,0.0,0.09510266620308695,0.37759984787925627,22.12910570086868,39.0,2
147500,4.824000686513771,1.0,161.56225272121472,0.9719997127794917,1.7938065534691567,0.0689341804959577,0.0009985074216367666,0.0,0.12135199042106064,0.3231583147981585,25.17594247906553,38.0,2
88485,0.872923795046736,1.0,96.60273421263062,1.4112216109464688,1.1129057238060638,0.05410661607557791,0.0017056396636227118,0.014621674561168887,0.14356198406973059,0.379434781026071,29.188128003832244,48.0,3
62851,5.701060861471607,0.0,129.48574668639128,1.5495079674127066,1.458269339562285,0.08386550447689363,0.12658456236904403,0.0,0.07567160824092482,0.8051225882576657,27.291872167553297,34.0,2
140015,0.872923795046736,1.0,67.46818040050115,1.2529544013102096,0.7104594698327914,0.03134499269087866,0.24493038553947208,0.14176585841195727,0.08644706391858864,0.2980382035009999,25.430825973013143,33.0,2
144950,0.872923795046736,1.0,82.49488192640445,0.6162115293567928,1.8445017682915805,0.11246303557064592,0.002361631565354244,0.03333654461251135,0.06546055882929112,0.3858517145013685,19.799256193135914,18.0,1
26606,3.873488880460096,0.0,92.93183896393944,1.2649927397327414,1.1625640217662516,0.0858828442467042,0.2267972213526766,0.003939573289650818,0.07697095147323091,0.6476084860628607,22.164877857125404,46.0,3
41925,1.5954046671017168,1.0,172.09807913199742,1.0305741753174436,1.5455114753399843,0.0719035626650213,0.0822707938427152,0.0,0.10581030322960991,0.44504994222165256,27.60842954783735,45.0,3
52488,4.359420279727952,1.0,133.37647280394106,1.1246497122921346,1.5067245784156227,0.044508064257775704,0.017906102787680282,0.0001599022463759289,0.12148854744236103,0.3748461739260816,29.795025173691137,39.0,2
61955,2.81870192439919,0.0,125.16267784646725,0.37466554269853625,1.0840160182295047,0.03482762600454365,0.1014632060448643,0.1433083587898617,0.08150955334797905,0.2793444188864179,25.72186362010722,15.0,1
87239,6.117892928831929,1.0,145.24657399805022,1.1303197887629002,1.0036232661278224,0.03550559855419764,0.18173656703380087,0.0009961907158109078,0.09227673809299898,0.5897388344096739,25.697066906790845,44.0,3
149137,5.701060861471607,0.0,139.3146681464923,1.5360221992945484,1.1762754558995927,0.10604107796538681,0.005946621798604477,0.0,0.048131677365161295,0.4793441631124205,29.840337993671376,12.0,1
105251,1.5954046671017168,1.0,188.78347019594733,1.3635879022326585,1.3709714197337277,0.036177528458350545,0.2922093969814438,0.0,0.12767794942651947,0.8025732787674204,23.40206570710359,26.0,2
45425,6.117892928831929,1.0,99.08610048303602,1.2054289960576283,0.4047791174136846,0.08612600426799331,0.35453820728294705,0.0,0.11700849582798221,0.3054950288257411,22.918277764661422,54.0,3
121239,3.3619271977508447,1.0,126.41879111227212,1.499281057085816,1.1106714973128837,0.04071676728200563,0.22760737007515214,0.001984806558653298,0.0542585308030303,0.7367747935949783,28.724951741607974,4.0,1
89960,0.0,1.0,99.70423795581053,1.1105412085910351,0.3656734882374335,0.04954523409962817,0.3349135553065067,0.0,0.07066635954166857,0.8008731546402246,25.899279760712087,7.0,1
26433,0.0,1.0,141.80222664690882,1.4630425573980839,0.716031549250245,0.06408679225719048,0.3122750050704796,0.0,0.13315511246185902,0.18471915968581262,26.484540016232675,37.0,2
106046,0.0,1.0,108.29226153052892,0.2710396899408596,0.5143288414977084,0.029907481693841425,0.356590267128926,0.13446811735645706,0.0542585308030303,0.05067119003167404,23.370598692290375,43.0,3
100972,1.5954046671017168,1.0,168.04289914177144,0.18134249232326047,0.08491673980274259,0.032756846992377936,0.3651023417513228,0.13934269201166463,0.07434469244013149,0.13277101043652648,27.706014631799178,37.0,2
49513,6.117892928831929,0.0,136.58048873425577,1.586940561014816,0.7384885474384946,0.04899224740895944,0.24234522406641582,0.0009961907158109078,0.0909648244230264,0.48743361513789707,24.688840330879493,41.0,3
51695,6.117892928831929,0.0,119.31396052461444,1.2862118976616896,1.3636064357556406,0.04071676728200563,0.03234721238490471,0.0,0.07207008747600625,0.5053659477481252,25.611096004085027,45.0,3
34323,3.3619271977508447,0.0,99.55237366422129,1.4208581649724286,0.7688525187496839,0.05122905034163405,0.29673090014924597,4.82910889915795e-05,0.07697095147323091,0.1732287102697829,24.616878999657597,9.0,1
26745,5.701060861471607,0.0,184.46609428899885,0.6099237123615296,1.395655262877005,0.04998414880074258,0.0421449613639152,0.14861119938559042,0.07298954199416931,0.039103819918679915,29.795390788363868,3.0,1
139917,3.873488880460096,0.0,91.15229776391635,1.6388100440527043,0.882997246197953,0.08954958276534362,0.21376733495324746,0.0,0.054140324200997486,0.21236501541503539,20.947567406408606,9.0,1
63417,3.3619271977508447,1.0,108.98018144264249,0.897488732723847,0.7141723179935984,0.032756846992377936,0.3349135553065067,0.0,0.09600744425199255,0.684131723091564,26.97344536927939,22.0,2
159034,5.701060861471607,1.0,82.36037647905675,1.4467356640090427,1.4913416009490772,0.07971180677246352,0.1614580741411667,0.0,0.09195206939260495,0.666768452000647,23.200122459967805,5.0,1
139661,0.872923795046736,1.0,166.80805191122562,1.1675486338704655,1.5926792334280553,0.044982288551343556,0.2280111046994741,0.0,0.12727503714890795,0.7273162537818824,26.44542696553784,1.0,1
68755,4.824000686513771,0.0,108.36470350970052,0.5586515365791151,0.03099944511071618,0.0340748050535792,0.375466997075387,0.1488048488491456,0.07298954199416931,0.2028513616900528,18.29356897317215,47.0,3
99640,6.117892928831929,1.0,118.7472862962354,1.2142637860645362,1.2814265310363273,0.041962598355487504,0.07135967865258865,0.0,0.09570786137811908,0.48024360588362286,25.657142423018477,70.0,4
8048,0.872923795046736,0.0,127.48609461761701,0.6015852734389804,0.7745995549638897,0.0769637268850384,0.28299581488152875,0.11761748361776994,0.08111111514562246,0.1980869142931519,28.29791724518156,35.0,2
35434,4.359420279727952,1.0,156.76805058458652,0.6939649337958178,0.973906712521262,0.08360405773041377,0.3199421708962153,0.0,0.14544836688808466,0.3684149667388865,26.868825827772998,39.0,2
89899,3.873488880460096,1.0,123.73723525481101,1.1218203956730715,1.5455114753399843,0.05323185869496133,0.008958249719601182,1.659989472843238e-06,0.07389614600927014,0.470341237512751,19.68206606359195,43.0,3
89653,4.359420279727952,1.0,89.01134009847334,1.6075736872862627,0.6007871602881386,0.03763479673457211,0.36205513827834684,9.186774410571677e-05,0.08644706391858864,0.5035754392914052,23.89775294780178,31.0,2
11112,2.81870192439919,0.0,96.10813088807,0.8259875510638431,1.4105646242891337,0.032616801606282324,0.00659428998833784,0.0,0.055605625918142235,0.6222538369971233,21.098213413582336,25.0,2
149051,4.359420279727952,1.0,149.49487511364583,1.071541642188199,0.850866867530047,0.032054095044992494,0.1744815277128284,0.08563797173021095,0.0846000186739813,0.1732287102697829,24.13963218258603,28.0,2
157958,0.0,1.0,186.48297408194622,1.7238032976844435,0.9508267515704789,0.05776762020712451,9.27987129219531e-06,0.14703635922097283,0.034804671290121374,0.5747357907610485,27.027149702432094,4.0,1
96744,4.359420279727952,0.0,125.95302300872216,1.1105412085910351,1.3832875724289047,0.04071676728200563,0.008880373055813805,0.003939573289650818,0.1400087857914461,0.6283842755198784,24.468346749693538,63.0,4
145318,5.270402895934253,1.0,109.37816705773416,1.8597430050557224,1.2838098666500841,0.07154319726812285,0.045631865334373974,0.003939573289650818,0.10363955969640551,0.2615158354360752,26.63560205471041,41.0,3
49354,0.0,1.0,104.51038921967178,0.8899536272626166,0.6324343108852805,0.03604362302059359,0.2562708352527543,1.2299422053303072e-05,0.12777722757972032,0.17418739922926474,22.00853567833904,42.0,3
140903,4.359420279727952,1.0,128.07736534017954,0.9984031852273931,1.178567726183657,0.10164462000814617,0.32360298822239997,0.0,0.09259922813974525,0.4919223952704212,25.614743955868192,43.0,3
57398,1.5954046671017168,1.0,141.71758360074466,1.5835165182702335,0.6993657939488159,0.09407062608946572,0.20395110310415332,0.0,0.08150955334797905,0.37759984787925627,21.715195351833362,18.0,1
43441,4.824000686513771,1.0,143.2649128967864,1.3698863849283012,1.4734897236080668,0.0461533086282955,0.09350737751597628,0.13612162051013485,0.11389577405950702,0.6152394809651552,24.190929433572116,20.0,1
122167,4.824000686513771,1.0,87.83415172732342,1.1445618616011808,1.7548589521511095,0.039448600807730404,0.016577632105374596,0.14843120878913402,0.0652563208801996,0.8195489005836394,29.595550607029526,7.0,1
99873,4.359420279727952,1.0,137.09592915880225,0.9930930893391963,1.5481140364786548,0.037503497957860635,0.03683917775901111,0.14815534579246725,0.11020651288205074,0.4910249444225651,27.965061086871877,34.0,2
74363,5.270402895934253,0.0,66.94753674636654,0.4527680845221138,0.44349653102047515,0.03414355059055638,0.2521076621480948,0.1487301288625842,0.07207008747600625,0.0909473830636574,23.15921546126388,29.0,2
128169,0.872923795046736,1.0,117.57697556485897,1.7965377462689096,0.4640655093621761,0.0719035626650213,0.10003407720918936,0.003939573289650818,0.09386772939038489,0.38768360549391373,20.970148620545405,42.0,3
89524,0.0,0.0,183.3772950107689,0.9330796361672831,0.48655249206632356,0.026576577269376928,0.3638086632494495,0.005059776353566575,0.07989911657905567,0.684131723091564,23.195788334080355,40.0,2
23089,0.872923795046736,0.0,122.35520524633552,1.3447892366328362,1.057646406189738,0.05805431674292819,0.20303395783663156,0.0,0.0577825961128191,0.5667764960218026,22.45218233267991,33.0,2
115006,4.824000686513771,1.0,107.85228628889783,1.5125831187873215,0.8330093229215549,0.08463728846781318,0.06248535294461734,0.0,0.09259922813974525,0.379434781026071,28.215144381574458,30.0,2
4770,1.5954046671017168,1.0,104.65080360173755,1.593801330922556,0.6737416234012596,0.10315298150069982,0.22352051064288078,0.0,0.07066635954166857,0.2821532349715344,26.777432635285244,12.0,1
69143,3.873488880460096,1.0,121.32739842237643,1.2710355796097998,0.8488750374661344,0.05631163987576615,0.23858402162324605,0.0,0.08030591854684666,0.4350801015157789,24.17491573032897,51.0,3
131755,0.0,1.0,114.43081554537424,1.792859470542298,1.0014879181509468,0.04263844285355163,0.35063430160122416,0.033036169012816585,0.07066635954166857,0.6893306308342276,26.76655084126809,24.0,2
88555,0.872923795046736,1.0,108.80438142779116,1.5495079674127066,0.46885477553086813,0.0756753591574628,0.25454890318941586,0.1487173288253286,0.07782218133052284,0.33890739350112375,21.714591208049402,18.0,1
105984,3.873488880460096,0.0,176.65107584367092,1.6423020601527738,1.088438717875863,0.05932625929375025,0.08606729572137231,0.0,0.11479565148345594,0.21236501541503539,22.463256898769803,33.0,2
20461,4.359420279727952,0.0,96.55539425202777,1.2290664655179893,0.8890765263984753,0.09984812356667594,0.04021010007808294,0.11864383254650614,0.07523239892816581,0.3463010242500451,30.982368067281847,9.0,1
80186,3.3619271977508447,1.0,135.3533182155087,0.6309968373439115,1.1831582989482943,0.04673112473458526,0.21506826913802218,0.042361366366486,0.13058845981202158,0.4865354007105218,27.07076355687283,58.0,3
82841,5.270402895934253,0.0,106.28180596165063,0.4006482072885235,0.120514163416919,0.032756846992377936,0.36651864368255516,0.040287340300327955,0.12189331958493682,0.30363192158696917,27.864778289565166,25.0,2
73343,1.5954046671017168,1.0,69.87020420872095,0.7901631590571356,0.5663192073340175,0.032756846992377936,0.3161677609044707,0.0,0.10829773278800112,0.46402995003512487,24.681359647174972,49.0,3
97237,0.872923795046736,1.0,96.57117460701109,1.347912282370425,1.0337244907542096,0.03604362302059359,0.00014896682577465823,0.14848343783585247,0.12331669781090818,0.146299191059229,27.29006052364298,1.0,1
28873,1.5954046671017168,1.0,133.19061517120062,1.354170443691811,0.6646784571795217,0.08800276332840526,0.026870414285047127,0.12955208532392126,0.1005400101632899,0.18471915968581262,21.296227430857876,13.0,1
121676,6.117892928831929,1.0,79.56087366882598,1.1303197887629002,1.1308513369073827,0.07226092540897922,0.24855708884017558,0.0,0.12429477370514681,0.38126903601002826,25.53183485417538,20.0,1
107831,3.3619271977508447,0.0,142.03620211440926,1.4048176378816764,1.1762754558995927,0.04899224740895944,0.002986602388962986,0.14459789690953062,0.10237756976806238,0.43054194018397496,26.32480094713007,18.0,1
15238,1.5954046671017168,1.0,140.5816685436495,0.5707745631218841,1.3882284599771346,0.03482762600454365,0.0009985074216367666,0.07062026919522872,0.0642263303982092,0.2699694764964411,28.3020831065218,65.0,4
564,0.872923795046736,1.0,127.36475982914985,1.3168623695632067,0.5342481847143612,0.09901837159570151,0.3011080329481629,0.0,0.07824336696718033,0.5232380909858012,23.226693166718977,2.0,1
29616,3.3619271977508447,1.0,93.00588044493462,1.8522407310256643,0.6253501522484253,0.04077958565007201,0.2786062843586233,0.025392910365217507,0.12065670517582489,0.2426743316518963,25.966401466613735,22.0,2
118174,4.359420279727952,1.0,132.32613946091377,1.4597729435754092,1.0664045786492466,0.026953409443536608,0.1862740142590032,0.0,0.11161742520075171,0.5623496876972396,25.741258429708946,23.0,2
19505,0.0,1.0,119.13021656900493,1.0090676336197404,1.262433119818314,0.10656644096509568,0.1636819881963965,0.0,0.10557531116723944,0.5959048078477117,27.773072521952585,39.0,2
42711,0.0,1.0,126.59592095950173,1.6283596013417518,1.1489248154734721,0.03352261446733482,0.08089131902176383,0.0,0.08190524688566762,0.8584186867061977,22.60924561428416,21.0,2
157857,5.701060861471607,1.0,122.96011684103433,1.9204027589315948,0.9550055590897916,0.07154319726812285,0.07842206986670712,0.0,0.07948948280021469,0.3858517145013685,24.144976153923977,44.0,3
3591,3.3619271977508447,0.0,112.52895055809813,1.5562760176399235,1.1062090211057984,0.04954523409962817,0.04641095122862839,0.0,0.057895522580797866,0.8017232752027754,23.18654037343969,35.0,2
56043,3.3619271977508447,0.0,128.92568697649403,2.3046256714302737,0.6628713893276507,0.10928782236190884,0.01743227590022353,9.8996255869278e-06,0.06612032024679311,0.2727839400024509,25.97590419057855,8.0,1
44558,0.0,1.0,106.30774827853482,1.1937037408317457,1.1946699466487898,0.028812200552599924,0.02456009599912757,0.0,0.0875253578926078,0.3858517145013685,22.754017188740697,54.0,3
14902,3.873488880460096,1.0,103.63609207403965,1.4176418973042995,1.3882284599771346,0.052815709546380964,0.1529201254059554,0.0,0.0834609979772711,0.8339418701621327,28.80846677632752,28.0,2
130255,0.872923795046736,1.0,126.0593613291036,1.7490618513824774,1.6863534561629305,0.05471635663944622,0.019606135890101437,3.9899391817196395e-06,0.06297072826400497,0.7445025014285709,28.559930917583205,22.0,2
82637,0.872923795046736,1.0,105.75757698189834,0.5546359185885782,0.6846787275032765,0.03414355059055638,0.18020234098276874,0.004905852458809698,0.08111111514562246,0.16459101751161073,25.30775657267005,50.0,3
81919,3.3619271977508447,0.0,110.40061076758617,1.688088075804631,0.7977581590258924,0.032756846992377936,0.025855945417776974,0.0,0.0807099107755365,0.28870060070904596,28.051004316576588,20.0,1
12131,6.117892928831929,0.0,143.0262536958315,1.5664596139965252,0.5817394956459299,0.07941640169894552,0.35612052169949127,1.9898487225322535e-05,0.06722300668770007,0.22470267675408148,26.764715061207564,23.0,2
53325,2.234779091684268,0.0,125.62379905778737,1.2024918523025487,1.1084392632811322,0.02770197444137078,0.0978759997682047,0.0,0.0682595902191365,0.5959048078477117,25.158167801340525,59.0,3
159514,4.359420279727952,0.0,167.42077726257992,1.116173191799425,1.2529852016303604,0.05223874875548161,0.22144278435145062,0.010552014101597989,0.11979409945598393,0.25775370012333004,28.40319778883438,20.0,1
138745,4.824000686513771,1.0,146.9618732388771,1.13316055416276,0.8231553808396798,0.11341562392299441,0.2824180459292544,0.0,0.10263327184459343,0.4649320304843778,25.974833579169527,42.0,3
41594,2.81870192439919,1.0,124.77737920597595,1.354170443691811,1.2506282976724197,0.04899224740895944,0.06816401280319169,0.0,0.1369584106580656,0.5374931232470989,26.588342637965876,62.0,4
12449,5.270402895934253,1.0,101.72248313615835,1.9744220162276542,0.7612162633794276,0.11263934222691065,0.1304347681620652,0.0,0.08030591854684666,0.5330424673029763,29.180587703435656,33.0,2
29952,0.872923795046736,1.0,61.72527020186326,1.0743027900555246,0.971798776571637,0.10831097267156785,0.10570515998144205,7.619778183817386e-06,0.06291794151879873,0.34999362956189706,20.054570459710497,30.0,2
151585,0.0,1.0,153.0170052361342,0.5830123021618808,1.2131933798627534,0.0431865287142909,0.22557525993315777,0.0,0.07739805058592603,0.2858957051591956,23.84461234250229,2.0,1
96367,0.0,1.0,108.81989482638302,1.0037280259604542,1.1466586274561965,0.03611060568423348,0.1750078775205933,0.0,0.11497228316209064,0.4041404961216831,20.189823408803218,7.0,1
87806,6.117892928831929,0.0,120.3595110463891,2.1582034404125174,1.1831582989482943,0.11108650909359,0.11803442510194988,0.0,0.1306711400951591,0.7693357188635067,25.97510123483182,17.0,1
35517,3.3619271977508447,0.0,114.42054740532767,0.7413141514439969,1.173985195547883,0.0814343853848159,0.019040454878118153,0.0,0.053427459979327366,0.5711997449849593,20.986378478564852,18.0,1
43826,0.872923795046736,1.0,80.32820117363329,1.1189948897666122,0.4263253917583581,0.06697413709052649,0.30534688216789435,0.13892991401941193,0.10160035464617702,0.46853879156411365,22.112398723881554,40.0,2
30273,4.359420279727952,0.0,180.6343861425785,1.0550536357269065,1.0057605767148683,0.038157654766122096,0.1482346753096205,0.0,0.12892496155362296,0.6580672741241114,27.136419536942807,18.0,1
99196,4.824000686513771,1.0,116.74294409261621,1.0965276954317247,1.0057605767148683,0.032756846992377936,0.2872574174773506,0.0,0.06776790858233991,0.7590722655097774,25.08424320098471,38.0,2
125587,0.872923795046736,0.0,34.357909720633685,1.5393873568146128,0.6359874431092684,0.06567548522514584,0.34743304895058974,0.14836968489759983,0.0682595902191365,0.7479338501661067,29.787590342272903,35.0,2
82572,4.824000686513771,0.0,78.25073563401611,1.5393873568146128,1.1580096007646004,0.10778520225113049,0.27560631382197387,0.0,0.09630503739313614,0.41872379767106116,23.367148514623505,20.0,1
28727,3.3619271977508447,0.0,131.09839963506607,1.13316055416276,1.3416224885557462,0.1069043158630909,0.17710064452048874,0.0,0.11443906789033216,0.5250220325545847,26.341374489563712,62.0,4
6278,3.3619271977508447,1.0,116.230846510601,0.9177400165281233,0.6901723993940194,0.08334048687121909,0.3347211001219841,0.0,0.08190524688566762,0.5481598184332552,30.654410973388188,28.0,2
89647,1.5954046671017168,1.0,148.0312405540786,0.9825170437964712,0.9908405959351675,0.0856377240318309,0.002986602388962986,0.14312178860368255,0.13567406462223022,0.2793444188864179,26.86333250972802,17.0,1
94813,5.270402895934253,1.0,136.24505265179326,0.9957462955575801,1.095087666887929,0.0431865287142909,0.15864721974158413,0.0,0.11041192561352685,0.7393518023357826,25.566075565965072,63.0,4
47266,0.0,1.0,89.63897410693036,1.3416702104497014,1.6593243330522978,0.08889717616409516,0.045631865334373974,0.14682824890277488,0.1323042586793445,0.5605779646133879,31.11636365410357,38.0,2
78740,1.5954046671017168,1.0,131.44072152005972,1.0660306262012467,1.1625640217662516,0.032054095044992494,0.02502350614647099,0.0,0.08422295110813957,0.3628958211781966,25.883051013537074,53.0,3
148551,4.359420279727952,1.0,60.09081248161944,1.4630425573980839,0.2675395769140122,0.08612600426799331,0.37197035660800803,0.1334377433402856,0.1330863458634578,0.5205610680472806,27.294977652226333,10.0,1
15913,5.701060861471607,0.0,131.74769577256052,0.7528078866341287,0.6200563553337668,0.03496370680718108,0.32959850987983824,0.00010196026568090847,0.07298954199416931,0.13664057928942153,19.384917493050853,26.0,2
19688,0.872923795046736,1.0,112.51351133225322,0.8849480810453934,1.6218401523063755,0.06697413709052649,0.027789847142669463,0.005864813330088342,0.09718602680360759,0.4387077377800461,27.109910158605853,52.0,3
4417,0.872923795046736,0.0,139.67897450399076,0.8849480810453934,1.1106714973128837,0.03763479673457211,0.20577278583815367,0.0,0.14434275443892441,0.652840258681475,29.20678760949199,57.0,3
43933,2.81870192439919,0.0,109.08357427664419,1.7023222984191564,0.8192271637225136,0.11155772458091937,0.28154710263093813,0.0,0.07160547706998972,0.2332244270349452,26.992615214096634,9.0,1
33782,5.701060861471607,0.0,123.7524658753545,1.5059237685634277,1.1762754558995927,0.10164462000814617,0.1488254969080726,0.0,0.1220266290353647,0.3352063471934248,24.32116094495773,20.0,1
35141,6.117892928831929,0.0,101.20540000778408,1.433764130961678,0.9972231075729378,0.09708557810085501,0.06816401280319169,0.09341227693443308,0.1291997447414657,0.7727530213566,29.482641594398142,45.0,3
20725,0.0,1.0,158.41579524249238,1.5427567021324977,1.139872073704656,0.04899224740895944,0.11870244613380132,0.015947865155063325,0.11277808358501228,0.654583124696766,25.83580076854255,54.0,3
7351,0.872923795046736,0.0,121.36303628036973,1.3230403074748542,1.5247664907417113,0.08360405773041377,0.20577278583815367,0.07617943836600849,0.048131677365161295,0.6178708851250911,25.469770297558167,29.0,2
54876,0.872923795046736,1.0,76.75270326153979,1.4208581649724286,0.524256092697968,0.036177528458350545,0.0760873691556447,0.1479741930231024,0.07207008747600625,0.22185852236336234,27.2956245979006,20.0,1
70928,4.359420279727952,0.0,110.19932777868068,1.6214139493243716,1.020776755417497,0.0851415328131488,0.3179583999527761,0.0,0.09195206939260495,0.3757642353460366,21.71232556839346,13.0,1
86215,3.3619271977508447,1.0,115.81581080200797,1.068784255159413,1.3907019974812584,0.06366010318565381,0.05333381640356864,0.035267599177157063,0.09355379050258464,0.551710741535826,28.55754725303667,25.0,2
130200,0.872923795046736,1.0,82.84445004322559,1.4728761491942823,0.6288885490015691,0.06816008079340606,0.0008479239322180857,0.029127717794278734,0.07066635954166857,0.5641208390442669,30.999094766806532,15.0,1
65116,5.270402895934253,1.0,188.21948172729606,1.6179475077937715,0.7803636199698412,0.03802728989697946,0.3099278600381149,3.129625766619569e-05,0.12453212525422737,0.22091007236670035,25.15351763496865,41.0,3
2055,6.117892928831929,0.0,141.61799426998874,1.2619772416422685,0.30356347791601046,0.052972105261715856,0.3221090549720343,1.429921882696655e-05,0.06033908000131138,0.5268053829272235,25.961850029885003,1.0,1
152119,4.359420279727952,1.0,100.23288720496181,1.7745339005343035,0.9197336231387233,0.06248969162613255,0.18726924343725465,0.0,0.12135199042106064,0.7915140840670115,20.637046020392678,38.0,2
101343,3.873488880460096,0.0,82.55405442228795,1.928065764092387,0.8270912295607865,0.11232767362595948,0.003254087991306087,0.0,0.0846000186739813,0.45771100209068194,19.843885568782323,67.0,4
24544,0.872923795046736,1.0,59.25712824610324,2.211916140691261,0.5110341419887489,0.11879171850606869,0.0007970492650609792,0.0,0.05834559901846051,0.3748461739260816,28.070938799732293,3.0,1
7318,5.701060861471607,1.0,164.05651900751764,0.641655665212604,1.1129057238060638,0.028812200552599924,0.28357130992224394,0.0,0.06612032024679311,0.4495753109342876,31.931940696109706,17.0,1
2117,4.824000686513771,1.0,101.487492011807,0.8576718908979484,1.6539440066230873,0.08438210118699253,0.003511463430699803,1.9599853242477465e-06,0.12051510801643173,0.5348231690526993,29.808550871361422,30.0,2
6453,0.872923795046736,1.0,109.69330741951943,1.382531875836705,1.6620176809780942,0.05058266047696567,0.0016956904554013045,0.14459789690953062,0.06697391089549902,0.6493529401476361,31.00099244074428,32.0,2
113563,0.0,0.0,137.31103084536622,0.925393585596664,1.1421322571741443,0.08029540932132537,0.13359821373595446,0.0,0.133626016934442,0.4847385124396228,25.06148854611967,34.0,2
144241,0.872923795046736,1.0,141.96651307421402,0.2077507315211093,1.33675974885698,0.0393845982534776,0.0008798413357584944,0.0,0.07567160824092482,0.08586108731193273,19.402020746759,37.0,2
102128,2.81870192439919,0.0,129.1477342228423,1.2113149601562354,1.0358893422160114,0.10665182007938102,0.1373413159554467,0.0,0.05531469088142398,0.3231583147981585,32.609663859164975,30.0,2
1842,3.3619271977508447,1.0,116.91698402006016,0.9433783587917097,0.6271184303094184,0.026198033914667747,0.33757350581436935,0.0,0.08892922146119757,0.5321518963893909,25.354856353658068,16.0,1
23512,2.234779091684268,1.0,93.85147355807158,1.1588997572047788,0.3049719219434852,0.061649727727668975,0.3624966246510178,0.14888769707363225,0.07434469244013149,0.2332244270349452,35.09091106296074,10.0,1
41982,0.872923795046736,1.0,114.16893676592478,0.9957462955575801,1.3391900932368495,0.037503497957860635,0.0978759997682047,0.0,0.06776790858233991,0.6205010638904588,29.509516453600625,31.0,2
34764,6.117892928831929,0.0,121.93812630213668,1.2801294904916005,1.5874046880354733,0.0461533086282955,0.0019940376062208094,0.00681651852218226,0.08030591854684666,0.7402105591570741,29.01436247018054,65.0,4
1294,3.873488880460096,1.0,117.15239083634259,1.5393873568146128,1.4031006457171435,0.02844379682282684,0.025116107187592607,0.018125250796338966,0.09259922813974525,0.7864031279468107,24.3280168926108,30.0,2
116997,1.5954046671017168,1.0,89.11244234216294,1.1445618616011808,0.5903701182783821,0.036177528458350545,0.32694874517749745,0.0,0.10133787158252591,0.6178708851250911,29.694730715359544,33.0,2
57325,3.873488880460096,1.0,84.05287856142657,1.635322297431103,0.7555088942782333,0.04527698273982225,0.3602681406755159,4.1793325891122774e-05,0.07019179955184995,0.3536834419639886,27.03678792961726,51.0,3
13175,5.270402895934253,1.0,120.77736697150135,1.7745339005343035,1.5768808873604883,0.05824462509301763,0.18527405936558464,0.0,0.07907699494507488,0.8575762360088297,25.878087124348014,32.0,2
59343,0.872923795046736,1.0,75.64823168258977,1.347912282370425,0.4930415516733339,0.04324715800843056,0.21891869809742429,0.14737848462801745,0.08534643612555834,0.666768452000647,29.815860309804588,14.0,1
152937,3.873488880460096,1.0,129.33945831202323,0.17590177941286525,0.010075921542028915,0.03880600336970576,0.37023507737824185,0.14660599389100296,0.07160547706998972,0.03186954320375656,24.34312334833818,52.0,3
122526,4.824000686513771,0.0,98.29428946653249,1.593801330922556,1.0250847906186369,0.09512248854355311,0.11056948609566525,0.0,0.1279740703260935,0.2896351940766277,23.19145366211302,41.0,3
130897,5.270402895934253,0.0,77.9688120079617,0.29115951344580543,1.6298375202430835,0.05223874875548161,0.0,0.0,0.06050287974072933,0.4658339547302879,32.69081067309053,41.0,3
95232,1.5954046671017168,1.0,111.32893130104358,1.5125831187873215,0.8729036385143312,0.1162421439497789,0.019323419726596028,2.909676523601368e-05,0.0929195560165614,0.6353823972414456,28.68694684049778,15.0,1
134341,2.234779091684268,1.0,100.74545358394779,1.0909488099104507,1.2695403925683402,0.10293027132491821,0.24529654364002723,0.0,0.09861591438912895,0.3628958211781966,26.796304756281355,48.0,3
95522,0.872923795046736,1.0,164.9192108617066,1.3667351240154904,1.2155178905375075,0.1061302215723794,0.1297971916212612,0.0,0.06727271957900667,0.23606145763498151,29.05145403991069,7.0,1
109292,5.701060861471607,1.0,88.89425387553389,1.1560244956058299,0.8528606142967284,0.11416788059761676,0.029620722255763815,0.0,0.06474316603131854,0.51341580185349,25.097807090761595,11.0,1
84239,2.81870192439919,0.0,113.16684081997819,1.0278728688856018,0.3731024592325629,0.03482762600454365,0.14704857682625724,0.0,0.11020651288205074,0.5658914195524049,24.355567422459682,33.0,2
122165,0.872923795046736,0.0,98.70866136150006,1.2892590495900826,0.6828512271475592,0.060841266472596564,0.002877565055612959,0.0,0.104861145959801,0.21236501541503539,19.45066945219517,5.0,1
128628,6.117892928831929,1.0,78.57585255581294,1.684540299697343,0.8850217453836101,0.08822904207283068,0.11669313372009094,0.0,0.09162520541474937,0.3684149667388865,22.456021931645974,20.0,1
100020,5.270402895934253,1.0,118.61960362589097,1.4240785193695762,1.2388742016849947,0.08612600426799331,0.17129658598427597,0.0,0.05186136939192016,0.7821407418654969,25.48075424463699,33.0,2
56768,4.359420279727952,1.0,87.66884635620342,0.8924617548512922,0.8528606142967284,0.06657208594270177,0.1658841956233759,0.004905852458809698,0.050636294096179424,0.7487913817984178,30.193552060559607,3.0,1
59769,4.359420279727952,1.0,105.78353763584045,0.2958688031541652,0.06406837489146731,0.03310586124704776,0.3741885115496235,0.14876792934782157,0.07479010183432175,0.12792909362503982,27.948767517457622,56.0,3
95240,5.701060861471607,1.0,73.53625538877147,0.1993098882802688,0.9550055590897916,0.05531977924046881,0.0009985074216367666,0.14707637421252515,0.14475587573629733,0.02293235582300845,25.3673700101222,54.0,3
67471,4.824000686513771,0.0,60.9565577576328,1.8410205856641353,0.9529151814138451,0.11175808059298264,0.015052670763103827,0.0,0.10894620868502075,0.4999926128156961,29.061868588642948,8.0,1
6109,4.359420279727952,1.0,175.0386928490832,1.6144853188230401,1.4633344786443667,0.03345331143459896,0.007905355412165744,0.13944324308140393,0.09323773806836998,0.8457701312909116,27.123816787814633,54.0,3
66698,0.0,1.0,69.89223679759064,1.277094229670491,0.4720565104604989,0.04071676728200563,0.314807612848614,0.14641727171804317,0.08384328428839721,0.16939184884033198,21.434715603362566,19.0,1
93655,1.5954046671017168,1.0,103.3548444486858,1.4016217618309161,0.7803636199698412,0.09661164643050027,0.10359265120566807,5.9886295230593555e-05,0.1430171398809502,0.5125219727084062,22.018712338193776,10.0,1
83027,3.3619271977508447,1.0,122.21281095741233,1.2231336726202555,0.8251223509347365,0.10491952425389725,0.31134132697229877,0.0,0.06971386977315287,0.7445025014285709,29.625903540510848,47.0,3
47336,5.701060861471607,1.0,132.9896462030211,1.499281057085816,1.1017545099034765,0.03414355059055638,0.26232341760931527,0.10069974269607121,0.07739805058592603,0.8347874850681226,23.525502847420796,41.0,3
89378,0.0,1.0,132.16018838830107,0.9433783587917097,0.3911092445795827,0.027328538996671415,0.30825889883223306,7.969757339138037e-06,0.07523239892816581,0.2530467117592156,27.767318069583396,53.0,3
152528,3.873488880460096,0.0,136.68560111470612,0.9746235506992239,1.4709477900653012,0.03550559855419764,0.03861793216455963,0.12590414877297143,0.10979175009966557,0.5765029649516105,27.290707548731074,33.0,2
119608,1.5954046671017168,1.0,144.5268724196197,0.8454152376174606,1.1129057238060638,0.03684347528477961,0.07373331035081927,0.0,0.09227673809299898,0.4568076672489063,24.454686828207766,68.0,4
37470,0.0,1.0,134.03421161856846,1.1303197887629002,0.9993545321705947,0.05117544300866493,0.21420196030178915,0.0,0.08961697180144913,0.7710446098806706,23.624109955114974,29.0,2
148268,5.701060861471607,1.0,132.86401850938293,1.1021217240069057,0.7938794242950211,0.02844379682282684,0.2404747550200633,0.0,0.07948948280021469,0.4856370331868439,23.386694980647437,45.0,3
29614,4.359420279727952,1.0,143.6476430951753,1.5903688309600632,0.7784403718217229,0.05728648091811103,0.14284992485469716,0.0,0.08150955334797905,0.3564489745952911,26.406009859852748,17.0,1
121488,5.270402895934253,0.0,111.74116263031735,0.9459621033695175,1.1900592475800453,0.04899224740895944,0.25865153931348445,0.001984806558653298,0.10510074374136276,0.686731754906846,23.596842210038,31.0,2
44598,4.359420279727952,0.0,127.9510583325383,1.7094653201885666,1.0143294574313837,0.057575662834278916,0.004677050897780361,0.14858359650791927,0.07113757653068406,0.591501237117933,27.152394612637636,14.0,1
19945,3.873488880460096,1.0,104.81718579514288,1.2923101708008011,1.3029499461191854,0.029252093869104472,0.013904227484345454,0.0021914595999003345,0.12644056977927082,0.5782695745186084,26.500913542002884,74.0,4
17279,3.3619271977508447,0.0,160.00726020967457,2.232785830627002,1.5533254571377446,0.09829752883170788,0.0188516733432927,0.0,0.06816153313309274,0.7633508144214861,27.024023288278734,14.0,1
149180,0.0,1.0,189.47139976644098,1.6528037535325126,1.616519151327676,0.036177528458350545,0.0009985074216367666,0.14757443468811024,0.05001700446081454,0.8042729352165859,26.590581837629045,34.0,2
126546,0.872923795046736,0.0,110.28707297464713,1.3984299557000819,1.1353577070957022,0.02829596852094633,0.0651762420464266,0.0,0.1299098908721293,0.050769912678927505,24.878117660236065,8.0,1
118062,4.359420279727952,1.0,97.89016780942555,1.4728761491942823,0.5612118533538111,0.10935399873970236,0.1529201254059554,0.14700939128916085,0.07567160824092482,0.7402105591570741,24.815640026729884,37.0,2
56236,0.872923795046736,0.0,58.918675310650016,2.129607708071913,0.5476720855465492,0.11429986153250965,0.25661306681080637,0.0,0.06354889222848928,0.7152563614657733,29.926570123509343,21.0,2
800,5.270402895934253,0.0,150.18641850377637,0.9202876017469687,1.6218401523063755,0.10076992777346946,0.08906753062547003,0.04098372227098399,0.09718602680360759,0.5800356203400376,32.36123983116235,34.0,2
132782,4.359420279727952,0.0,107.39133118607921,1.635322297431103,1.4006167860242422,0.03730610971165305,0.036303553505605934,2.9196742966756527e-05,0.08190524688566762,0.6510968640924567,25.70030218164925,1.0,1
114413,0.872923795046736,0.0,142.8870094732421,0.894973455755926,1.4055865716025768,0.03134499269087866,0.002986602388962986,0.010552014101597989,0.09227673809299898,0.428725547103319,28.3671676721678,42.0,3
102082,2.81870192439919,0.0,54.21323943485551,0.6763163713235399,0.12168795461954093,0.06737279893323408,0.3627897932232881,0.14621819141652825,0.09747580878089683,0.6519686275075127,26.706450083553516,16.0,1
13723,0.0,1.0,111.37531820857276,1.2862118976616896,0.8749185103672998,0.04379041442699696,0.079196038339907,0.04637627609682684,0.08190524688566762,0.2793444188864179,22.851355502864475,60.0,3
41426,5.270402895934253,0.0,100.13346880644902,1.2113149601562354,0.74981849672868,0.060112080397729396,0.1765793395003656,0.02603785273729381,0.09917475099732172,0.24833490189782328,24.1486320946784,70.0,4
82083,4.359420279727952,1.0,98.09488251709145,1.4794525303974508,1.0143294574313837,0.05025691368938432,0.06289465928270754,0.007779847334848154,0.08995736455673303,0.3054950288257411,31.589231066318114,1.0,1
25441,0.872923795046736,1.0,164.9630592284801,1.4112216109464688,1.2814265310363273,0.07727921957627658,0.19838414786356615,0.0,0.12107639339864908,0.5906201054722333,28.29993710902782,29.0,2
101111,0.0,1.0,79.33912557533223,0.24839849456539587,0.02443835467282168,0.038157654766122096,0.3744457480405054,0.14342976024920992,0.065765824499414,0.1385740475400913,19.786882961728494,61.0,4
8425,3.873488880460096,0.0,105.6277600447091,1.3888789288233903,1.2131933798627534,0.05969748831732865,0.2687902042323191,0.0,0.06601921626141559,0.2943053803806194,19.765820544323024,59.0,3
108290,4.824000686513771,1.0,126.61616211059871,1.0523187556135853,1.0272417610184217,0.080004802065222,0.32959850987983824,0.0,0.06956982969641935,0.8288657823573593,35.28276588235257,47.0,3
62938,0.0,1.0,88.9847315231507,1.0605346314265924,0.5748678265386208,0.036177528458350545,0.330000833431264,0.0,0.10557531116723944,0.721289365608233,22.063721134731477,5.0,1
149126,4.824000686513771,1.0,136.4102822062171,0.8043990271576443,1.0598329809424267,0.03134499269087866,0.1252878557882259,0.0,0.10829773278800112,0.44414439156625246,25.471397751737914,54.0,3
11627,0.872923795046736,0.0,120.64999382590157,1.2984243322312379,1.2155178905375075,0.037503497957860635,0.017527096931831115,0.0009961907158109078,0.12175920649046457,0.6823977251492471,25.022251863455303,65.0,4
149714,0.872923795046736,1.0,85.85287826861538,1.338555201025666,1.208550416448057,0.10723265730154023,0.3526053216051421,6.358455002835891e-05,0.10237756976806238,0.2943053803806194,30.041605456530732,14.0,1
133329,0.872923795046736,0.0,127.88537163368305,1.2290664655179893,1.2933635885898236,0.07790245322973517,0.16478578751621065,0.0,0.05396269146940636,0.5623496876972396,28.791876824931386,55.0,3
124953,0.872923795046736,1.0,106.79529574863221,1.6179475077937715,0.9445731428547706,0.1104113823661705,0.21593067514693054,0.0,0.1253411175128383,0.15689863189189093,22.426031775456103,10.0,1
109265,0.0,1.0,90.95603479705763,1.7418233789384563,0.8468851234775537,0.08253683745040954,0.15465320359065973,0.0,0.08111111514562246,0.1933173511187911,25.83392028425548,6.0,1
51349,4.359420279727952,0.0,87.79682858871979,1.5835165182702335,0.449793561881308,0.059836042144193566,0.241972737467687,0.0,0.05502269754756687,0.3398322134003418,24.89478796525522,19.0,1
66599,5.701060861471607,1.0,143.74206052292527,1.382531875836705,0.8409268716865445,0.05265890464584999,0.20847417397657522,0.0,0.06469164859324981,0.33798239709523725,27.28643698998728,4.0,1
38408,2.81870192439919,0.0,98.02665106559573,1.94730195698168,0.6112701122260614,0.10501676070355577,0.28669641558679226,0.00014192299975651447,0.08150955334797905,0.4495753109342876,30.63827281238995,41.0,3
43759,0.872923795046736,1.0,89.06987497151756,1.486045460471644,0.7067541031969141,0.08029540932132537,0.04727426418357692,0.1412524173700177,0.08111111514562246,0.15208393623644478,28.55742179324305,6.0,1
86347,0.0,1.0,56.950146181982895,1.2559580752183774,0.3378377290312707,0.029907481693841425,0.3154895427727972,0.0,0.09889625578485943,0.5071558543350404,25.350910963166736,12.0,1
36131,3.873488880460096,0.0,108.77852506073503,0.7574292631964193,0.8789540273492653,0.10390712915025974,0.09203541848258019,0.0,0.08571582562284803,0.6554543597330946,21.195533271550595,38.0,2
157362,3.873488880460096,1.0,117.42865165488676,0.8774664929240397,1.2790452321863144,0.10348094851633399,0.2312091724753965,0.0,0.13539598647876638,0.482042029581441,26.98596550195653,41.0,3
69840,3.3619271977508447,1.0,97.39124755332801,0.24839849456539587,0.3177246618719395,0.03134499269087866,0.36011768658612775,0.14751826706726512,0.07948948280021469,0.06741943508517165,25.009209472524347,11.0,1
17243,6.117892928831929,1.0,154.2524067866008,0.8774664929240397,1.1557353982549923,0.047871617065426426,0.06001745175361135,0.002965912600349943,0.08680895131871912,0.4990965284816648,30.24714043742015,70.0,4
29059,4.824000686513771,1.0,130.53933417166076,1.0826088263724851,0.4995592265814947,0.0652623721001154,0.053502750204212,0.07749888638937574,0.054140324200997486,0.08409898345945786,31.00099244074428,21.0,2
72300,3.873488880460096,0.0,113.00227331646813,1.4499888131526906,0.35534568477806994,0.05117544300866493,0.25034175762720245,0.001984806558653298,0.07434469244013149,0.6414987105437209,21.53784758836343,64.0,4
27927,4.824000686513771,1.0,131.53131475482635,1.2024918523025487,1.0554618093302919,0.04071676728200563,0.1765793395003656,0.025231074929758734,0.06776790858233991,0.19140808741899407,28.70982890930799,33.0,2
104962,4.359420279727952,1.0,70.93215823450188,1.4176418973042995,0.6042741472907891,0.03880600336970576,0.3018659450426701,0.14557210815302912,0.10807879371529658,0.5205610680472806,21.002445489068354,8.0,1
29771,4.359420279727952,1.0,68.67896743480398,2.283354178785016,0.8708906902532544,0.07727921957627658,0.018190065300522744,1.1699947704574796e-06,0.07160547706998972,0.15978487678331918,23.18885259671749,21.0,2
75952,3.3619271977508447,1.0,94.28969640512315,1.0090676336197404,0.4387923199218749,0.040085503505564654,0.31110683271702266,0.011468359494094787,0.1125876738958727,0.3203737089709441,23.273286811060995,58.0,3
10808,2.234779091684268,1.0,114.55402295096158,0.5789202739654,0.4592922305015822,0.02844379682282684,0.33316944739508353,0.12514178463726408,0.09570786137811908,0.3231583147981585,25.763469460280398,25.0,2
153472,0.0,1.0,105.31091093647807,1.1189948897666122,0.6484815224571175,0.03127373074081886,0.21245753954102564,0.0,0.11389577405950702,0.1703513804874109,29.15239247813878,53.0,3
118961,5.701060861471607,0.0,113.35193836248644,1.6668659552267933,0.9466557329092349,0.10682075272588769,0.07530484433310232,0.0,0.1135278727644392,0.5348231690526993,25.45213501957406,30.0,2
2806,1.5954046671017168,0.0,144.73042622879913,1.3762010353347607,1.0840160182295047,0.03414355059055638,0.21333172503136444,0.14043889999518097,0.1005400101632899,0.4595172001147029,24.747247724400122,22.0,2
83145,6.117892928831929,1.0,124.54916158375549,0.8235748656635028,1.2553441352295662,0.09677083598355257,0.2603309480928278,0.0,0.08571582562284803,0.4838398383414279,19.686743232965544,48.0,3
45763,0.872923795046736,1.0,85.17315962097291,0.536721986690365,1.802207267989014,0.08438210118699253,0.0,0.05857343993541009,0.14123516633138328,0.25587148181996267,26.434981357783677,37.0,2
133320,3.3619271977508447,1.0,73.90250608426636,1.6563128757565557,1.0036232661278224,0.09258961304742667,0.2280111046994741,0.0,0.07066635954166857,0.44595533372469104,29.38371058157359,3.0,1
125090,3.3619271977508447,1.0,74.91791426626659,1.3888789288233903,0.2979467232653671,0.09612667909729579,0.3362515133779401,0.14662127244897616,0.07907699494507488,0.5044707688151407,27.61497676367241,36.0,2
152133,3.873488880460096,0.0,140.24263255550693,0.5912348122088464,0.9675887642154379,0.0431865287142909,0.03325079712840182,0.10835511142078431,0.08229821707572699,0.2971052741693927,28.12814916982164,6.0,1
38908,3.873488880460096,0.0,151.661833309734,1.532661226759913,1.395655262877005,0.10928782236190884,0.20757782895809845,0.0,0.04633417393936506,0.8051225882576657,31.015696712101924,28.0,2
58149,0.872923795046736,1.0,91.23714955938019,1.4630425573980839,1.0229297889556126,0.09121551619797047,0.11601985112802114,0.0,0.11461791565793807,0.3986608665711685,20.558652691183195,75.0,4
53473,5.701060861471607,0.0,79.52842823144846,0.8650682795653099,0.9529151814138451,0.0462113194824791,0.04267053998102646,0.1488761368191702,0.06028440139859205,0.7727530213566,20.40992358933981,27.0,2
109724,3.873488880460096,1.0,192.27674271354726,1.433764130961678,1.236529463082332,0.036177528458350545,0.02129722678586382,0.0,0.104861145959801,0.7940679687734105,26.524405454917137,52.0,3
108585,5.270402895934253,1.0,135.3533182155087,1.2201731395132756,0.17992649786762693,0.029178943760520885,0.36175965267375565,0.022774425824096823,0.09479702346996888,0.5241301357294121,21.861669604201108,41.0,3
98932,0.872923795046736,1.0,98.74536586539254,1.0660306262012467,0.5459877684173237,0.0708133464056408,0.32694874517749745,0.059644186969307234,0.12633349872524277,0.2755967034714958,27.912720428530793,3.0,1
30196,0.872923795046736,1.0,120.86906373352005,2.021430197171811,0.4419266939684234,0.10941971488836727,0.027054514711093193,0.0,0.05467090247378054,0.2009461949148218,25.966133750042214,26.0,2
7777,5.270402895934253,1.0,128.65814823856053,1.2409790360109807,0.14309071116723684,0.037503497957860635,0.359057790365652,0.0,0.07907699494507488,0.3610547290259492,21.115608487508624,62.0,4
134500,4.824000686513771,1.0,113.63978200391985,1.1502855016786524,0.6956828410527327,0.022554466530768716,0.2016502871049115,1.4399207863556305e-05,0.08497450704940865,0.1971334117769646,22.466504741494408,31.0,2
86733,4.359420279727952,1.0,137.6510931756263,1.2529544013102096,1.366059372813981,0.11108650909359,0.07135967865258865,0.0,0.13025302191889332,0.6143620734538914,22.090159320582252,4.0,1
71812,0.872923795046736,1.0,111.46293038697823,0.8187599816799841,0.07486689302637596,0.04438898378389238,0.37483015478170034,0.14840837001970544,0.06971386977315287,0.7014435082779047,28.020258329238125,10.0,1
28968,2.81870192439919,0.0,93.76696332144812,1.2231336726202555,0.7861447309043834,0.06093171277971563,0.04476386769526602,0.04908482472721574,0.09917475099732172,0.475744849543228,29.551084264578307,10.0,1
134112,5.270402895934253,0.0,139.40450977789638,0.2134303620101483,0.01363844990149016,0.04090505509611655,0.3711737287444165,0.1489661535545154,0.05940416375632923,0.03365456137725995,19.62200347128689,47.0,3
155077,5.270402895934253,1.0,110.22513622587667,1.1303197887629002,1.1196203641016944,0.06450986144918483,0.07373331035081927,0.015947865155063325,0.10212019116983716,0.7143940027013405,30.33185590693676,29.0,2
95437,5.701060861471607,1.0,123.57983645486978,0.8235748656635028,1.1331035227505035,0.07790245322973517,0.20257379790106939,0.0,0.12622580018510962,0.3027000936330375,31.474699833761466,70.0,4
99152,4.824000686513771,0.0,115.82606115639541,1.8002204158456978,0.7403721686283902,0.09612667909729579,0.2172170175632873,0.0,0.07479010183432175,0.40779027040891674,27.193796109467886,67.0,4
76271,0.0,1.0,114.53348970011503,1.7635911034941345,0.7030562129490128,0.10894991098191154,0.293554609982518,0.05868683056797553,0.07207008747600625,0.4223630722672164,26.762223508347613,29.0,2
59348,6.117892928831929,0.0,76.74183284807815,1.9051305755612356,1.4055865716025768,0.05410661607557791,0.02139091534724476,0.0,0.128645412749902,0.4847385124396228,22.613655153158582,50.0,3
5368,5.701060861471607,1.0,173.12907579502868,0.44725961555888705,0.5093894862776464,0.03414355059055638,0.23357115209643636,0.0,0.1445469719104457,0.2009461949148218,27.581844678857433,32.0,2
61837,5.701060861471607,0.0,138.83537239430274,1.1646618235594426,1.6271696146393297,0.03226558454660768,0.011401949328277764,0.13696953927196803,0.14187725991115452,0.6728515002130602,26.239965913739155,9.0,1
42396,2.81870192439919,1.0,143.10084082282003,1.1966292274711101,0.5292440246282983,0.025435779189136993,0.28154710263093813,0.0,0.08422295110813957,0.2737217164713884,26.867517964247927,53.0,3
42139,0.0,1.0,155.85483867955594,0.5707745631218841,0.8192271637225136,0.05170941569813888,0.3534152681520182,0.0009961907158109078,0.07298954199416931,0.21521517345479477,22.583364651291244,36.0,2
129978,3.3619271977508447,0.0,119.40581731715945,0.8356733126244692,1.0489198800185926,0.06816008079340606,0.21934173687650124,0.0,0.10915962010817792,0.3656561673256651,24.573272486202086,19.0,1
40604,5.270402895934253,1.0,121.79566236208834,0.641655665212604,1.395655262877005,0.054817363853910714,0.03861793216455963,0.010552014101597989,0.1422982595179943,0.3277957400099712,30.04305966542016,40.0,2
102565,0.0,0.0,153.91293627080293,1.1878644052004304,1.5041555271287885,0.03134499269087866,0.16533566327191976,0.0,0.09917475099732172,0.7547906905198852,29.309824702830635,59.0,3
54223,0.0,1.0,110.07543519755164,1.440241690388494,0.6112701122260614,0.10270424619248793,0.16089867049836257,0.0,0.07389614600927014,0.5383828155329159,30.280660421716753,9.0,1
127079,3.3619271977508447,0.0,95.87122413204008,1.3076254137645986,0.7650306132434314,0.10831097267156785,0.03144101174407487,0.001984806558653298,0.08030591854684666,0.43961424622178924,22.786055727371643,25.0,2
102185,6.117892928831929,0.0,63.54905769652863,1.2054289960576283,0.41550924816995743,0.038157654766122096,0.32486877333512926,0.14730585745767594,0.07434469244013149,0.5773863402581226,20.08243354706661,4.0,1
112740,0.872923795046736,1.0,73.96261209287202,0.1651431423184584,0.35387720145515056,0.0853906261142464,0.3381352494969032,0.14901439311260747,0.07567160824092482,0.02591366550981827,27.208710888025056,16.0,1
29921,2.81870192439919,1.0,118.19555596714413,0.3593902352338047,0.2432677692739327,0.032054095044992494,0.35736816540440997,0.14682824890277488,0.09804963764136568,0.21616482417443889,22.661828420269508,44.0,3
104975,5.701060861471607,0.0,108.63371316019077,1.7202123044997546,1.2201729728079924,0.06043233200590555,0.011111986864713333,0.0,0.03451056196637505,0.7795818849243831,32.86681980050622,49.0,3
20287,6.117892928831929,0.0,79.18222606755803,0.4129996505815559,1.7938065534691567,0.08463728846781318,0.0,0.016823724306544618,0.1340154924426626,0.31386999284176065,30.93072532533352,41.0,3
27948,4.359420279727952,1.0,159.41990793521492,1.8522407310256643,0.6288885490015691,0.09529309823863626,0.2559278880813097,0.0004522170698345858,0.0875253578926078,0.7932167916851092,18.061979509468046,15.0,1
40984,0.872923795046736,0.0,128.79949937384384,0.7901631590571356,0.2951485489927977,0.029907481693841425,0.3692863258497086,0.14829804560960919,0.07207008747600625,0.03484412765743814,24.831786831392233,28.0,2
94529,5.270402895934253,0.0,125.76563373106613,1.2083700310814445,1.4887850777116909,0.03550559855419764,0.0978759997682047,0.1395921368371587,0.11617843095528736,0.7932167916851092,27.11432961403282,27.0,2
132931,0.872923795046736,1.0,133.87860533924922,0.11376230470665086,0.21693416964812412,0.03441791698119191,0.27530300231186905,0.14885862670896927,0.07113757653068406,0.03087751911614455,21.114992896529078,11.0,1
78116,4.359420279727952,1.0,110.13738397887458,1.0090676336197404,1.5559343178098457,0.04379041442699696,0.007905355412165744,0.07062026919522872,0.0807099107755365,0.38951482378095875,29.008156702374627,29.0,2
148572,2.81870192439919,0.0,114.55402295096158,0.8824506569237538,1.8388344473809015,0.059139684501357516,0.19791321344492074,0.0,0.1441973523769398,0.7607840476203711,34.65703225681962,8.0,1
19262,5.701060861471607,1.0,87.12996183618712,1.313779393613908,1.1017545099034765,0.0853906261142464,0.1614580741411667,0.018211499875137108,0.09479702346996888,0.3110799737441455,27.021026910263398,6.0,1
55227,5.701060861471607,0.0,128.7187300180104,1.2559580752183774,1.0036232661278224,0.06408679225719048,0.08757148586722448,0.0,0.10263327184459343,0.32223029241841084,22.061778508077825,64.0,4
73076,5.701060861471607,1.0,128.49657684921903,1.6075736872862627,1.5847705774637866,0.03448635494491179,0.21025463587619359,0.023022567592584284,0.06297072826400497,0.6823977251492471,24.042880449908306,47.0,3
98362,0.872923795046736,1.0,122.92454561473865,1.6144853188230401,0.5680252931599925,0.10011646490093588,0.09129645354967957,2.1799818447806324e-06,0.07610775407689287,0.3370572240184057,33.31927148535435,29.0,2
119756,2.81870192439919,1.0,139.37456348948862,1.0144220302914997,0.5595130343273138,0.04843439090520536,0.28125563818496374,0.06715721024796094,0.06474316603131854,0.3922603925171521,29.6199080761716,40.0,2
95701,6.117892928831929,1.0,60.65318445289339,1.6492989120715298,1.5196011969191976,0.0689341804959577,0.20025699425502924,0.0,0.06637245044186935,0.8786040856397384,25.95502185839185,24.0,2
34790,0.0,1.0,154.23764942812448,0.7118274915660402,0.7745995549638897,0.03120240458736984,0.17022461334284544,0.0,0.1125876738958727,0.16747215160921813,29.54728474111975,15.0,1
83408,0.872923795046736,1.0,102.38526291897439,1.1133552989984767,0.850866867530047,0.11052780242844104,0.2548947328680451,0.0,0.065765824499414,0.2690309433417808,29.282947926859457,3.0,1
5267,3.873488880460096,0.0,125.2488398173485,1.767234330366132,1.2648001779253042,0.0916158468366306,0.1781395052452503,0.0,0.1291997447414657,0.6737199866144137,22.85544168580523,63.0,4
102265,4.824000686513771,1.0,74.6287781168981,2.129607708071913,0.666487379299709,0.1036956043327662,0.18224553925865877,0.0,0.05131230081599078,0.5080505822351178,21.71247661597284,31.0,2
117823,0.872923795046736,1.0,81.89743825899924,0.23218090446103343,0.5093894862776464,0.05776762020712451,0.002986602388962986,0.14901439311260747,0.10107366171887236,0.14726385588242943,25.09725915113498,25.0,2
137658,4.359420279727952,1.0,122.61450536419962,1.2024918523025487,0.776519017031305,0.10064118982096132,0.0792733184834112,0.0,0.10581030322960991,0.2858957051591956,20.014402188783524,45.0,3
3355,2.81870192439919,1.0,111.90599424524336,2.113369398190098,1.1923635900503382,0.06442553556564624,0.10640559698907252,2.119982830319309e-06,0.05057456886355771,0.7906625533781805,26.3692020934658,37.0,2
10773,0.872923795046736,1.0,110.32836137755567,1.6739227970966106,1.1376138905461024,0.09998279941324975,0.24529654364002723,4.6899159702161525e-06,0.12464975206108977,0.8432373760179501,29.178980581907638,6.0,1
23102,4.824000686513771,0.0,110.67406512830232,1.3447892366328362,1.6512570269796654,0.06816008079340606,0.07373331035081927,0.0,0.1362602573110338,0.49640736697300886,27.153433420224992,76.0,4
102584,4.824000686513771,0.0,166.19500346460129,1.6214139493243716,0.8729036385143312,0.04071676728200563,0.06719837402725257,0.0,0.14423442863618927,0.742786092544838,27.933868505448032,28.0,2
136799,0.0,1.0,81.38022916024646,1.2083700310814445,0.9591921604105726,0.08933383591792979,0.09203541848258019,0.0,0.09889625578485943,0.6345081025096693,23.90426603170064,42.0,3
48028,2.81870192439919,1.0,103.74543668916901,0.9615409198141054,1.2933635885898236,0.03482762600454365,0.05836061652265536,0.0,0.0692325431781873,0.5570327996307758,26.32175064261618,48.0,3
17062,3.3619271977508447,1.0,98.72439210179144,0.7830919477975231,0.8789540273492653,0.07296675335244636,0.19838414786356615,0.004905852458809698,0.11220324037571663,0.5410510166898501,27.915906078913295,71.0,4
52465,4.359420279727952,1.0,100.45783476535107,0.9957462955575801,0.5225970518766018,0.03134499269087866,0.3416271961372566,0.0,0.11277808358501228,0.6406253525679155,24.52210000566372,41.0,3
146862,0.872923795046736,0.0,113.49587323412717,1.9319040049871248,1.1173801565958892,0.09579709610988524,0.0978759997682047,1.0299594720579542e-05,0.06055740107079281,0.7846985293539909,22.16815503002841,37.0,2
149764,4.359420279727952,0.0,93.03760993300443,1.0037280259604542,1.4130567522589161,0.07664561864626834,0.12069608348726522,6.278493622764528e-05,0.1375171518960045,0.25493008433871256,27.110560109292738,30.0,2
137630,2.81870192439919,0.0,90.51554911992963,1.338555201025666,0.817265915439901,0.05810195539356081,0.2445634442629467,0.010091238340664463,0.0678665245991464,0.5428290888758212,28.56381976274971,15.0,1
116543,5.701060861471607,1.0,125.90744550864459,1.5125831187873215,1.3489319860322233,0.03414355059055638,0.26133027192518365,0.06766234264150146,0.07113757653068406,0.8499891302300268,21.537695720276425,31.0,2
145186,4.359420279727952,1.0,90.30846836101381,1.4176418973042995,0.9487402689416761,0.09887638189285769,0.16752177592828701,0.0004462376591939855,0.12162428428057229,0.8237855713050897,33.981889758136965,40.0,2
36712,6.117892928831929,0.0,73.16427274914665,0.9719997127794917,0.37161319540870286,0.0431865287142909,0.36146323341331466,0.14814663838183756,0.11122066945651018,0.3398322134003418,19.773700602945013,19.0,1
27827,4.824000686513771,0.0,116.18474191367683,1.9822113074352263,1.32222071931342,0.09039569818937865,0.027973413346776416,0.0,0.12242178962049771,0.652840258681475,28.181482394572022,53.0,3
118773,4.824000686513771,1.0,117.78662922649936,1.2172165115891747,1.331905210558965,0.10731328807663247,0.03505015914588083,0.0,0.08030591854684666,0.39500445441039295,28.632003969003886,51.0,3
152825,0.0,1.0,111.35985621307235,1.2619772416422685,1.0402249611304715,0.032054095044992494,0.08303424155368089,0.007761030056575878,0.07113757653068406,0.6336336735553394,28.429507763249298,49.0,3
112955,4.359420279727952,1.0,138.56066906088955,1.6144853188230401,1.0995302396656046,0.07400365818851558,0.17076124987887595,0.0,0.08961697180144913,0.7410691930752554,24.89217081461239,12.0,1
48531,0.872923795046736,1.0,127.4810393316342,1.789185585833376,0.5921017208742838,0.08933383591792979,0.18973683608982944,0.0,0.12499849218571271,0.5348231690526993,27.32925139070932,10.0,1
39202,4.824000686513771,1.0,166.40912068321387,0.7528078866341287,1.0532791897548954,0.03345331143459896,0.30583674985983916,0.0,0.1125876738958727,0.7991725622072491,24.824611351962044,16.0,1
13373,5.701060861471607,0.0,92.82076095363563,1.5835165182702335,0.6773798878749421,0.05117544300866493,0.04302042519222398,0.14852705119053974,0.07113757653068406,0.23511597741337825,23.577556360054952,24.0,2
4371,0.872923795046736,1.0,90.91359162023411,1.4208581649724286,0.9383370423726153,0.09389050618719966,0.08606729572137231,0.0,0.10763668424531088,0.3564489745952911,28.893310235270413,76.0,4
27844,2.81870192439919,0.0,102.79723398637248,0.6697530468859387,0.19634489859941956,0.04468629102755029,0.3752128331966564,0.14884091051548612,0.06458850317541653,0.15593612213162947,31.9810743710558,15.0,1
12505,1.5954046671017168,0.0,142.0162914601714,0.6373823175983337,1.1017545099034765,0.037503497957860635,0.012751715278126845,0.11847535572365805,0.09861591438912895,0.38768360549391373,28.912597369079236,57.0,3
69540,6.117892928831929,1.0,73.37217847401213,2.081114692943841,0.7347269443802338,0.11446010645760211,0.007622059178592015,0.0,0.054317569644281284,0.6248819796008633,28.679316712497837,22.0,2
14305,0.872923795046736,1.0,183.13254736622994,0.5995087379969654,1.3029499461191854,0.11647690409210353,0.07373331035081927,0.11847535572365805,0.08571582562284803,0.05461820721445772,23.806159550350355,9.0,1
47384,3.873488880460096,0.0,116.33329180633774,1.6041242390834507,1.4431238001219762,0.05694720219850187,0.06362997102003837,4.799911982325331e-06,0.04838545773681562,0.5773863402581226,26.89510470265506,31.0,2
65203,2.81870192439919,1.0,115.75430594983773,1.2801294904916005,0.9466557329092349,0.04342872429828728,0.3341417403785182,0.000269721719423423,0.07160547706998972,0.5508232274881332,19.36291283473032,40.0,2
73141,5.701060861471607,0.0,82.01051564218875,1.433764130961678,0.8231553808396798,0.10176588683583664,0.18726924343725465,2.9496675700447685e-05,0.060992161803410216,0.8068215443635162,22.478902691369907,42.0,3
152716,2.234779091684268,1.0,118.12911916283512,0.5132321194330479,0.021335443815955965,0.041342447356368994,0.3753400103877654,0.14848343783585247,0.07434469244013149,0.3352063471934248,28.105832628046983,50.0,3
27408,4.824000686513771,0.0,95.3497346143566,1.6951965578252368,1.1716969445284566,0.05776762020712451,0.1304347681620652,0.0,0.06697391089549902,0.8237855713050897,23.915307217363928,38.0,2
147076,1.5954046671017168,1.0,106.29218299699579,1.1704392993079824,1.7687205075946664,0.11069945647795845,0.13857634901143603,0.0,0.08571582562284803,0.44052059468949495,27.300799787260342,44.0,3
126682,5.701060861471607,1.0,131.14371428707253,0.5268798488130423,1.3005502950795864,0.05328367386024081,0.003976213546291906,0.12527070615428185,0.1085152749541968,0.25493008433871256,26.771402133320095,44.0,3
92816,5.270402895934253,0.0,79.78253377883885,0.9957462955575801,0.8429110412156785,0.03338394614955701,0.2671982360325522,0.002623375680479487,0.07567160824092482,0.2521047362767937,30.047422002803984,15.0,1
108531,3.3619271977508447,1.0,155.1473087532023,1.1360051413715428,1.236529463082332,0.030629476337651843,0.22269219649736002,0.0,0.09355379050258464,0.6073378881905973,26.701065396996913,37.0,2
101277,6.117892928831929,0.0,125.85173646732139,1.0853850452792237,1.1106714973128837,0.029907481693841425,0.17289483365382932,0.0,0.07948948280021469,0.5976652639695638,25.321239167110168,21.0,2
34585,0.872923795046736,0.0,112.47233858195025,1.3667351240154904,0.48331867960419655,0.038157654766122096,0.12333016422336632,0.001984806558653298,0.07113757653068406,0.21236501541503539,28.015047017731685,25.0,2
725,0.872923795046736,1.0,124.25999995534865,0.6545544784683045,0.6520678855900447,0.04673112473458526,0.27530300231186905,0.10546764829004864,0.07824336696718033,0.14340389481984422,26.204463148859638,60.0,3
20524,5.270402895934253,1.0,105.49792030220189,0.6829095930719221,1.2225035455976938,0.08412484604572,0.1658841956233759,0.002965912600349943,0.10785844760529659,0.6345081025096693,25.065464766092553,26.0,2
57277,0.0,1.0,152.3568828341743,1.7745339005343035,1.1173801565958892,0.09018667070769226,0.11736465633327059,0.0009961907158109078,0.08384328428839721,0.45319275256535035,22.039654343023894,29.0,2
113939,0.872923795046736,1.0,127.57203008922747,1.1733338226503915,0.5973074966131857,0.03584231509880679,0.28669641558679226,0.0,0.07824336696718033,0.23038562363391338,25.965464450410757,49.0,3
6223,0.872923795046736,1.0,129.04681043881322,0.30695447535215065,0.7086058516452183,0.03756917664631072,0.35966488890428205,0.0010458008677358462,0.08150955334797905,0.10850576495669459,27.809115260305997,11.0,1
31410,4.824000686513771,0.0,109.07323562389682,1.486045460471644,0.5011931214681938,0.09858915255184081,0.0686456261630132,0.0,0.06391444984743964,0.4169031817689732,27.796337795083,27.0,2
51805,0.872923795046736,1.0,107.79015148854968,1.249954663221884,0.971798776571637,0.03345331143459896,0.0,0.0,0.07523239892816581,0.4694400923118106,27.286566407548573,27.0,2
109250,3.873488880460096,0.0,148.12525218719273,1.0495876169697003,1.0642120665634267,0.026198033914667747,0.1796884828622201,0.0,0.10080771222471868,0.490127341111776,26.461288346141185,34.0,2
64492,0.872923795046736,0.0,138.25090988771467,0.5974354268582583,1.6972246861723046,0.06335924864271619,0.01676774829883497,0.0,0.1231911327681001,0.6423719350959114,33.0660151152349,51.0,3
44742,3.3619271977508447,0.0,138.31087103028736,0.8899536272626166,1.6890680687112196,0.0708133464056408,0.0019940376062208094,0.10393911617342975,0.09972625759298626,0.3082883206301165,32.6394376222353,34.0,2
79884,4.824000686513771,1.0,85.77798637704427,1.310700409278527,0.7880755588262914,0.038157654766122096,0.228815907594239,0.0,0.07253143383276514,0.2980382035009999,24.573828312490406,25.0,2
103334,6.117892928831929,0.0,73.90250608426636,1.2862118976616896,0.4201341924731819,0.07468068007540363,0.35643393693268677,0.0,0.06801418606516205,0.3101496044938338,28.11559760262308,29.0,2
24669,3.3619271977508447,0.0,122.59417093837678,1.2710355796097998,1.6032536372686526,0.0431865287142909,0.023165805092240477,0.059138788265392456,0.1225519383900256,0.4694400923118106,24.88335377749358,26.0,2
125765,0.0,1.0,162.87596454626518,0.5347472887120701,0.1347054969338301,0.04954523409962817,0.3741885115496235,0.14872374146642076,0.07253143383276514,0.0850780231491007,23.53466074259363,26.0,2
47030,6.117892928831929,0.0,70.61326082122065,0.8405372437315713,1.0467431886384175,0.06366010318565381,0.007905355412165744,0.0009961907158109078,0.07113757653068406,0.6292595119241615,24.06120880554589,14.0,1
104434,3.873488880460096,0.0,145.39541389375964,0.915196032112578,0.9802422468499067,0.026953409443536608,0.1580808751609178,0.0009961907158109078,0.08150955334797905,0.3129401677457382,23.729839215505816,32.0,2
6147,6.117892928831929,0.0,95.3497346143566,1.3952422166886544,0.986595383828515,0.030557569463256933,0.04415479475309398,0.0,0.0550811810864441,0.6624195015311976,23.19506592668097,16.0,1
48345,0.872923795046736,0.0,98.72963560234221,1.1502855016786524,0.8911068094754843,0.10755176218457028,0.1847723004118197,0.0,0.08716837634649345,0.3803519932120896,28.25345530652712,46.0,3
82600,5.701060861471607,0.0,112.01414612429954,1.6774576631672329,1.7687205075946664,0.05090670273808929,0.12069608348726522,0.00010495789435948806,0.1427786318110103,0.5897388344096739,26.6320497096478,30.0,2
143375,4.359420279727952,0.0,107.70729712253076,0.9563334199741291,1.262433119818314,0.041342447356368994,0.1458565046907266,0.0,0.08229821707572699,0.3748461739260816,30.399583818914092,53.0,3
158860,4.359420279727952,1.0,98.52510958561261,0.7299054380798758,0.9529151814138451,0.07501499474701619,0.3106365471241815,0.015947865155063325,0.08608269509259017,0.5782695745186084,26.829832879191265,45.0,3
78083,0.872923795046736,1.0,55.6950155231415,1.249954663221884,0.971798776571637,0.03345331143459896,0.0,0.0,0.07523239892816581,0.4694400923118106,27.286566407548573,37.0,2
1370,5.701060861471607,1.0,98.71914856146935,0.544652211466266,0.4047791174136846,0.04165321059911105,0.0993166428042023,0.12011521841156712,0.07479010183432175,0.07959239547654254,25.66658782915924,1.0,1
152286,3.3619271977508447,0.0,125.8162834211078,0.9667630100669081,1.1218625664872488,0.10102452808143624,0.2985503789253701,0.0,0.08384328428839721,0.5543724183688273,26.05464580640504,9.0,1
106561,4.359420279727952,1.0,177.88548484773005,0.20492665776384308,0.023402517599283235,0.03550559855419764,0.37183808953849257,0.1274675438649686,0.06874779249788905,0.036825947133042346,24.541993542367813,22.0,2
156704,5.270402895934253,1.0,135.06257144339875,1.3888789288233903,1.1173801565958892,0.026122119145500968,0.1887532915200161,0.0,0.0577825961128191,0.5791526678427404,26.636786098108477,31.0,2
69528,3.3619271977508447,1.0,173.7095308464947,0.7528078866341287,0.6883393129818888,0.04438898378389238,0.2646170161701627,0.08370549985994641,0.1225519383900256,0.4856370331868439,27.99483103750127,18.0,1
133845,1.5954046671017168,1.0,92.75198887003863,0.5974354268582583,0.7086058516452183,0.039448600807730404,0.060842390389807495,0.14682824890277488,0.07434469244013149,0.0850780231491007,26.63468110731085,8.0,1
122713,2.81870192439919,1.0,129.79337952236042,1.433764130961678,1.3125689770901088,0.05234406254322457,0.10640559698907252,0.00032858688267815937,0.07298954199416931,0.6126068486236221,23.188419066693765,7.0,1
93294,0.872923795046736,1.0,96.77628574878875,1.8112948160060567,0.5292440246282983,0.09546239530113286,0.051639214901532914,0.0,0.09227673809299898,0.30176808255591336,27.447755069048917,4.0,1
93480,3.3619271977508447,1.0,116.92210228014949,0.5646987472473326,0.2499554292750488,0.03414355059055638,0.37077267711256123,0.12501210725730438,0.1046199903677044,0.20856198321458377,26.660459451820024,1.0,1
48691,2.81870192439919,0.0,131.13364455821662,1.7023222984191564,1.1831582989482943,0.03414355059055638,0.22060518339361856,0.0,0.06702380099356973,0.8051225882576657,23.695248678235433,54.0,3
43621,4.359420279727952,0.0,103.31837842185033,1.1675486338704655,1.54291101289386,0.09239789907154937,0.1071041786982304,0.002965912600349943,0.13322350077449127,0.4838398383414279,25.924748990739822,29.0,2
123072,3.3619271977508447,0.0,127.47598401694867,0.7459014238100226,0.14550100580073266,0.061916456303725574,0.3687395914417553,0.1433389297064042,0.0692325431781873,0.12114110433570777,29.65806909737087,36.0,2
139694,4.824000686513771,1.0,58.97510322778464,1.071541642188199,1.5221827970798172,0.11544896132527968,0.2668778892785336,0.0,0.12675805909983276,0.551710741535826,22.135368632335886,27.0,2
4487,1.5954046671017168,1.0,134.7516739874217,0.8454152376174606,0.8074882515588501,0.026198033914667747,0.18020234098276874,0.0,0.1028873097127769,0.45228862939516046,29.825238958447173,5.0,1
125506,4.359420279727952,1.0,121.89742475117636,1.8298402910541283,0.9823580025054448,0.04071676728200563,0.06493263849957365,0.09984993767610811,0.10718886451071041,0.7770219563481559,27.63024948664283,43.0,3
117737,3.3619271977508447,0.0,120.08422426435513,1.3762010353347607,1.378354930922237,0.03880600336970576,0.1955420346167789,0.0,0.11461791565793807,0.6292595119241615,25.60704231070102,49.0,3
62848,1.5954046671017168,1.0,116.87091823657018,0.755116866294833,0.8369642726908375,0.04239344321751032,0.21376733495324746,0.0,0.06328665532096683,0.22280677295746307,26.340313995204713,39.0,2
19732,3.3619271977508447,1.0,90.90298038436245,0.6057480280565445,0.811393604128813,0.04899224740895944,0.315716026570639,0.009628717289747853,0.12717284007352847,0.7821407418654969,26.25710724173582,52.0,3
62671,2.81870192439919,1.0,94.93330434859006,0.5406808071146674,0.5663192073340175,0.02740336134270613,0.35612052169949127,0.00010196026568090847,0.11443906789033216,0.1684321059565338,27.022329711111414,1.0,1
41588,0.872923795046736,1.0,107.37060746930544,0.1262355353348855,0.021335443815955965,0.040085503505564654,0.3722342889233416,0.14757443468811024,0.07567160824092482,0.09973583900653984,24.276215114932306,36.0,2
114261,3.3619271977508447,1.0,144.43749435465745,0.7299054380798758,1.353815249832546,0.041962598355487504,0.0,0.0,0.11220324037571663,0.4350801015157789,30.02512105089114,66.0,4
67174,1.5954046671017168,1.0,111.09179946647595,2.0650979323486176,1.353815249832546,0.04644285264163093,0.02769802404126529,0.005443768135575851,0.12633349872524277,0.22375482435312113,26.370394258854617,27.0,2
26945,0.0,1.0,168.42670005192178,1.6041242390834507,1.3029499461191854,0.044982288551343556,0.07135967865258865,0.14519741790306426,0.07948948280021469,0.8153093455915745,23.70478938979108,9.0,1
27049,5.701060861471607,0.0,89.8887892234524,1.4467356640090427,1.1923635900503382,0.039063729311291664,0.08832052273494422,0.13721883169387858,0.09510266620308695,0.5738519916568867,22.1635371016215,43.0,3
12204,0.0,1.0,69.58920200005535,1.6179475077937715,0.8548562783934225,0.07664561864626834,0.33258202144959215,0.0007339349590409118,0.11200919934125854,0.44323868162207153,25.96907852922066,24.0,2
108941,0.872923795046736,1.0,67.811271289679,1.6179475077937715,0.8809746737279629,0.05265890464584999,0.1696866721569423,0.09106104626622927,0.0571585712331885,0.7659164955773288,26.768124298841936,14.0,1
14601,0.872923795046736,1.0,129.51096642737554,1.3698863849283012,1.6032536372686526,0.06816008079340606,0.1252878557882259,0.0,0.12037265058829381,0.667637849918361,27.948130918387296,60.0,3
49804,1.5954046671017168,0.0,29.721700333521326,1.1907821343351075,0.5595130343273138,0.054817363853910714,0.29193879468905093,0.1485053757043052,0.07523239892816581,0.2858957051591956,25.070125996908953,9.0,1
58635,1.5954046671017168,1.0,124.41727523039182,0.6917471891808397,0.28125948326571976,0.03134499269087866,0.3244483425283577,0.14607939875372355,0.0878799146864748,0.3352063471934248,26.661642744074474,38.0,2
34723,6.117892928831929,1.0,85.9972863417235,1.0278728688856018,1.7327918798529205,0.04678862706739734,3.739790956878473e-05,5.248947199831102e-05,0.07066635954166857,0.5967851052426851,26.65072880488051,37.0,2
7414,2.81870192439919,1.0,111.46808373780588,0.8527586441232778,1.3464934343650294,0.032054095044992494,0.2514035351565574,0.0,0.10388706186522997,0.686731754906846,29.245563621650962,72.0,4
43638,0.872923795046736,0.0,99.57332242913265,1.0332792011007887,0.9529151814138451,0.11410059491550721,0.19362507690967473,0.0,0.11781335401820275,0.6502249683384824,20.497175422912715,30.0,2
2424,5.701060861471607,0.0,83.69329581611514,1.4695941574011762,0.9197336231387233,0.0856377240318309,0.2197638288032268,0.0,0.10413295990069908,0.4586141796681728,28.065987823766765,85.0,5
1264,6.117892928831929,0.0,124.6759565348199,0.8675408250285294,1.0598329809424267,0.029178943760520885,0.0,0.14756329632777992,0.09689431395432624,0.18376276966746116,28.140443463520672,66.0,4
35291,2.81870192439919,0.0,105.70046033686151,1.9013237270942018,1.160285808401269,0.07759212050764247,0.21420196030178915,0.0,0.0560111652642022,0.509839587862524,24.884731579038526,44.0,3
1893,0.872923795046736,1.0,111.1536669169728,0.9025300258404296,1.088438717875863,0.037503497957860635,0.20257379790106939,0.04304271098624339,0.10363955969640551,0.5169896259943355,23.941480884477187,56.0,3
14910,0.872923795046736,1.0,161.4645179053679,0.894973455755926,1.691784810850091,0.08707938669215522,0.003065879819353932,0.005998487423740978,0.062121579541474924,0.39134537056455715,32.73424561812197,46.0,3
42976,0.0,1.0,106.3596301982487,0.8163577776207587,0.524256092697968,0.02844379682282684,0.3150353369161678,0.004905852458809698,0.12429477370514681,0.15401045902161728,27.164988329618573,51.0,3
101242,6.117892928831929,0.0,100.43691244817654,0.5190624428324827,1.0143294574313837,0.0431865287142909,0.027789847142669463,0.1303644909196969,0.10807879371529658,0.11531412862393906,23.95038966698404,7.0,1
118366,5.270402895934253,1.0,150.61593330621875,0.9537351345706274,0.7919429048882065,0.037503497957860635,0.2894796749158462,0.014176275640349664,0.07654086052747315,0.5348231690526993,21.021591562704046,58.0,3
110539,5.701060861471607,0.0,156.88582873267373,0.36445598128801504,1.3270588689493945,0.03867679555860176,0.0018150613624256444,0.003619084405140705,0.0878799146864748,0.09641794380150821,24.408232341239177,2.0,1
84156,3.3619271977508447,0.0,113.5678308791157,1.6075736872862627,1.1489248154734721,0.10816339972175154,0.016577632105374596,0.0,0.10363955969640551,0.7281767403020308,28.56306711126734,16.0,1
124155,6.117892928831929,1.0,80.41999419562971,0.6984104567706283,0.5646149391973504,0.06383121538839248,0.35844681225356584,0.0,0.0834609979772711,0.5747357907610485,18.490468223195442,30.0,2
11516,4.824000686513771,1.0,68.95497613878385,1.3292342453589678,0.882997246197953,0.10235887299442069,0.10429869371523375,0.001984806558653298,0.11371239933650804,0.6257577563290178,28.856204417235634,38.0,2
1499,3.873488880460096,1.0,99.68852938946335,1.1849505506472449,0.9383370423726153,0.030629476337651843,0.16201610323787796,0.1189777447428575,0.11843967107822272,0.406878074585287,23.1443149534769,15.0,1
26125,4.359420279727952,1.0,121.47503122980957,1.0332792011007887,1.496460907685237,0.032756846992377936,0.04476386769526602,0.0,0.09630503739313614,0.7281767403020308,29.59138765690223,63.0,4
33428,1.5954046671017168,1.0,120.5786564592065,0.2974441174908126,0.3971672696281201,0.04730387785758131,0.37197035660800803,0.008698409363821236,0.09570786137811908,0.13373873230055272,20.97756902705894,53.0,3
81552,1.5954046671017168,1.0,126.24668808836499,1.2054289960576283,0.7669406212233013,0.05431056943270107,0.17395390653627266,0.032281348581267556,0.08534643612555834,0.5160963935823022,24.45482624123274,16.0,1
45493,6.117892928831929,0.0,101.41959122154339,1.4926549618789116,1.0337244907542096,0.03550559855419764,0.1220165471564242,0.005864813330088342,0.07389614600927014,0.3766821266125737,24.186715996195513,45.0,3
70466,1.5954046671017168,1.0,105.80949737928272,0.5974354268582583,0.9404137982053083,0.053335443953215246,0.013904227484345454,0.0,0.07567160824092482,0.13954045346855962,35.46255208795737,11.0,1
89722,0.0,1.0,101.41959122154339,1.310700409278527,0.015784939716470044,0.07971180677246352,0.3624966246510178,0.1387706483270397,0.07253143383276514,0.15786092743258234,26.197278839661088,26.0,2
111563,6.117892928831929,1.0,172.3789076162505,0.5646987472473326,1.730043125748694,0.037503497957860635,0.0,0.1482488086305023,0.14053604747606507,0.22470267675408148,28.561561767657114,32.0,2
21558,5.270402895934253,0.0,169.9072891965189,0.7118274915660402,1.2178444213202304,0.04673112473458526,0.17076124987887595,0.09780148013539323,0.12892496155362296,0.31201016143727445,24.140757295645287,28.0,2
47003,2.81870192439919,1.0,124.09762139015068,1.1133552989984767,1.5533254571377446,0.03105955941405482,0.10074959601613999,0.0011350514459103735,0.11812843327074328,0.3509163440956271,27.02532599077104,19.0,1
39490,5.270402895934253,1.0,109.42983829907324,1.274062926972884,1.5403126485640692,0.039063729311291664,0.01533914805932433,2.729971528264437e-06,0.100270542490563,0.686731754906846,27.543799221642477,33.0,2
78011,0.0,1.0,115.56976332962964,1.0387004217770066,0.811393604128813,0.10682075272588769,0.19362507690967473,0.0,0.09804963764136568,0.49551067655190706,27.16356037607364,18.0,1
19919,5.270402895934253,0.0,156.5226386657484,1.0605346314265924,0.5459877684173237,0.020632939235084836,0.3051012612299239,0.0003455431090492133,0.10186112363500793,0.2971052741693927,22.60939260823823,38.0,2
43832,2.234779091684268,1.0,109.30582145611007,0.7643869846402107,0.3597615049766524,0.03345331143459896,0.36805142684005404,0.14863161505772862,0.0571585712331885,0.6047015544677911,25.141205557050842,26.0,2
82265,0.872923795046736,0.0,117.80708038253321,1.0387004217770066,1.5221827970798172,0.05969748831732865,0.16643138894708484,0.0004960577103664929,0.08534643612555834,0.6936595288584673,32.841519982095534,18.0,1
113138,6.117892928831929,1.0,114.48215426912346,0.3279063019121422,1.4280529796370869,0.07941640169894552,0.21376733495324746,0.12590414877297143,0.11905083262975834,0.3250138217148678,29.682269243476895,64.0,4
49254,2.234779091684268,1.0,131.29978093145814,0.6141123480098922,0.8870481719091188,0.027627422474071267,0.2892037810752459,0.0,0.11081886050973534,0.1866313169426985,28.066876504364604,32.0,2
69128,5.270402895934253,0.0,141.96651307421402,0.49399933792676487,1.4709477900653012,0.04730387785758131,0.010821767172170031,0.14780794421992247,0.12037265058829381,0.3231583147981585,26.771402133320095,15.0,1
88000,1.5954046671017168,1.0,110.29223414585792,1.0010637611083457,0.6218191154126793,0.032054095044992494,0.2847155259014564,0.002965912600349943,0.10627575941954966,0.3426056156966485,23.419439354848883,48.0,3
99301,6.117892928831929,0.0,99.58903358973835,1.5562760176399235,1.044568472103753,0.08463728846781318,0.3011080329481629,0.0,0.07479010183432175,0.6292595119241615,28.55842546104993,33.0,2
93388,6.117892928831929,0.0,162.72464794808764,0.576879057113873,0.19253140681836964,0.030629476337651843,0.3649594956866977,0.0,0.12189331958493682,0.46853879156411365,23.125644025756625,37.0,2
53724,4.359420279727952,0.0,88.28718116902613,1.6774576631672329,1.1241067643567022,0.08171337117473375,0.32979984747365504,0.0,0.08571582562284803,0.853362300811493,29.050214042637013,50.0,3
8579,4.359420279727952,1.0,155.69273715977246,1.237995013338512,0.9279824033589994,0.09563039090246964,0.03505015914588083,0.12353430773619678,0.1409102980178622,0.6510968640924567,22.28725307315621,25.0,2
51196,5.270402895934253,1.0,86.7508575312686,1.7238032976844435,0.42787759020018756,0.11135185545816513,0.3351056793977236,2.2798014206050017e-05,0.0557796807581785,0.3157291000839103,23.372323652281697,10.0,1
77898,3.3619271977508447,0.0,115.71330011793822,0.9798822134503042,0.7938794242950211,0.058006636984868125,0.05686148504093403,0.14826535491985524,0.08995736455673303,0.1971334117769646,23.18928612127669,49.0,3
27739,5.270402895934253,0.0,103.54235499695103,1.586940561014816,1.3173907569336416,0.08845352666152759,0.1912034946595629,0.0,0.07654086052747315,0.6257577563290178,28.684945629618102,55.0,3
3529,4.359420279727952,1.0,109.69330741951943,1.1791344541649518,1.420545549682991,0.03414355059055638,0.21157937986456504,0.0,0.09630503739313614,0.7991725622072491,30.246657949730206,66.0,4
70464,0.872923795046736,1.0,113.46503224613588,1.0632807525460788,0.744145053523369,0.03516737135838585,0.12398442007630957,0.0,0.08268848505094586,0.5205610680472806,20.78670744033542,4.0,1
18238,5.270402895934253,1.0,43.7966032892765,0.925393585596664,0.1467085766595426,0.037503497957860635,0.35936182252310406,0.14457335027604312,0.0846000186739813,0.3684149667388865,24.429862735810353,58.0,3
100400,5.701060861471607,1.0,120.08422426435513,1.1303197887629002,0.6646784571795217,0.09334166241755217,0.3096907577362992,0.0,0.11122066945651018,0.42963382439383313,29.779422751447008,39.0,2
37247,2.234779091684268,1.0,125.98847054309378,1.4959659338530724,1.4658701681640962,0.10139935755464843,0.0014767327393715819,1.1699477062077024e-05,0.12065670517582489,0.44595533372469104,27.01881205065938,10.0,1
31084,6.117892928831929,1.0,122.2534974618002,1.1021217240069057,1.257705099064472,0.059651224241981105,0.06001745175361135,0.0,0.10627575941954966,0.6615493185898008,25.221980353860307,63.0,4
5045,1.5954046671017168,1.0,79.50138892691618,0.7436060858271775,0.189997298660205,0.029907481693841425,0.17022461334284544,0.14714191966744974,0.07298954199416931,0.0328613191217961,27.523090529405845,54.0,3
3613,5.701060861471607,0.0,149.14398860548593,0.9382217518481557,0.9383370423726153,0.1069043158630909,0.13296876435285718,0.002965912600349943,0.11781335401820275,0.3398322134003418,22.88898815919846,72.0,4
98087,2.81870192439919,0.0,159.31708939999535,1.0171047814103484,0.5714429205166435,0.03550559855419764,0.2080265135636827,0.0009961907158109078,0.07019179955184995,0.5339328914848354,23.435513001859466,19.0,1
773,3.873488880460096,1.0,138.46075759785603,1.274062926972884,1.2553441352295662,0.045628904302400124,0.0026693035755136086,0.0,0.017842382204784304,0.6266333978237972,27.287601732984488,24.0,2
97959,6.117892928831929,0.0,136.4703585707368,1.573269725078865,1.2295073977449773,0.03310586124704776,0.03035010374323756,0.1419172504478607,0.09540627374586548,0.8390138509758285,26.766944211562432,10.0,1
108783,0.0,1.0,88.76117464309065,2.1582034404125174,0.8429110412156785,0.030557569463256933,0.1014632060448643,0.0,0.054788337986521475,0.7915140840670115,27.927117595907553,49.0,3
101693,0.0,1.0,135.98964139647876,0.8308234223741906,1.126352958314032,0.026953409443536608,0.20349305848707883,0.0,0.11549563035956101,0.4159926286676566,27.277894506097603,23.0,2
2232,0.872923795046736,1.0,127.15238410890572,0.8749797475547563,0.7422576704438388,0.07331527306353508,0.28299581488152875,0.043719125023246166,0.07697095147323091,0.3739279421988962,26.846717108592845,46.0,3
99646,4.359420279727952,0.0,67.3020797396391,1.1937037408317457,0.4640655093621761,0.03880600336970576,0.12723040671399632,0.14789742489322466,0.07160547706998972,0.5844482742465293,27.284883946631414,23.0,2
148550,2.234779091684268,1.0,101.64416138649453,1.6528037535325126,1.0164765902676833,0.06816008079340606,0.2930180791304926,5.178975085275222e-05,0.0834609979772711,0.5579193060105864,22.621150041450218,44.0,3
80347,3.3619271977508447,0.0,116.38963121767644,1.5259518253987494,1.5926792334280553,0.08115311709967152,0.13359821373595446,0.001984806558653298,0.10413295990069908,0.8085200343541193,27.717924201527435,65.0,4
44379,4.824000686513771,1.0,63.526725317685724,0.39889551584562244,1.8416670275191742,0.07226092540897922,0.0009985074216367666,0.0009961907158109078,0.11081886050973534,0.4477656398183121,30.641859574083917,51.0,3
74593,4.824000686513771,1.0,86.78824449358581,1.1474217637968984,1.1534632002710248,0.06657208594270177,0.17605677935381134,0.0,0.0642263303982092,0.31944514756429193,25.599744564923682,27.0,2
19780,0.0,0.0,120.25756349530357,1.3292342453589678,0.8153065731672732,0.03503165581756767,0.08135189868334151,0.0,0.08823206529773955,0.31851640614259263,27.30015292514397,36.0,2
66,3.873488880460096,0.0,63.68860985312584,0.787802634069226,0.4294315494495209,0.10200572894442908,0.25454890318941586,0.0,0.13705399719199013,0.4423328122524797,19.736694408402062,15.0,1
134587,3.873488880460096,0.0,108.89228650705532,1.4761622725906902,1.6593243330522978,0.06931636345747896,0.07585283791037223,6.1198569170575296e-06,0.11949950664623125,0.4214534979133966,24.465420058124423,30.0,2
133487,4.359420279727952,1.0,107.98689414211134,0.6288748773919356,0.1724421479063641,0.04257727432062326,0.3122750050704796,0.0009961907158109078,0.07697095147323091,0.17226981097642582,25.930912670384124,28.0,2
11541,2.234779091684268,1.0,154.0949845203032,0.42909357585565344,1.420545549682991,0.06200506183954953,0.025948304091180735,0.14879263879272445,0.08268848505094586,0.04128143711406241,23.185095154943376,7.0,1
9895,0.0,1.0,65.27090556238936,0.7231008787618839,1.4406068112877073,0.11917316491401288,0.3629360322594781,0.10288698952167864,0.14488231274422267,0.25493008433871256,22.553046783499347,44.0,3
3450,4.359420279727952,0.0,136.37022919074906,0.8874490702428841,0.4124347299272793,0.036177528458350545,0.3381352494969032,0.02359941253875624,0.09227673809299898,0.11142498856964167,21.655178972253644,43.0,3
149953,0.0,1.0,82.36037647905675,1.0441365530273317,0.9654866865759476,0.11510712233699172,0.27530300231186905,0.0,0.0577825961128191,0.531261178626178,20.453816401173594,17.0,1
35102,0.872923795046736,0.0,114.83630181970052,1.5226033909488335,1.0751944363573847,0.03482762600454365,0.13795961794494901,0.0,0.06874779249788905,0.5268053829272235,24.978576052166485,13.0,1
38041,4.824000686513771,1.0,125.98340669703721,0.9877977162194078,1.3101611541437503,0.03482762600454365,0.012751715278126845,0.0009961907158109078,0.10212019116983716,0.5923822294541841,24.499689308488584,50.0,3
144332,3.873488880460096,1.0,40.376047105474115,0.6225285599873925,1.0995302396656046,0.07821024105866159,0.013424509655619364,1.439992078248363e-06,0.10741349334001439,0.43235768782226963,30.997790069732908,31.0,2
27103,3.873488880460096,0.0,104.25029135222204,1.532661226759913,0.8870481719091188,0.08889717616409516,0.17289483365382932,0.0,0.07113757653068406,0.8017232752027754,32.300975395087576,39.0,2
80141,1.5954046671017168,1.0,106.74862946361652,1.8597430050557224,1.3270588689493945,0.10348094851633399,0.23858402162324605,0.0,0.09355379050258464,0.5276968367130614,27.15797788519973,3.0,1
138064,4.359420279727952,0.0,85.00712680407483,0.7140754272172378,0.9844757146265559,0.08253683745040954,0.2370566471492302,0.0,0.11781335401820275,0.6806632116178793,25.76965930930024,32.0,2
65506,3.3619271977508447,1.0,93.56620791338668,1.0468602170294494,0.35094541577501637,0.10411557344988047,0.352279493375899,0.001984806558653298,0.11566792219410234,0.4775448150825342,27.817035278157643,5.0,1
102575,4.359420279727952,0.0,94.28969640512315,1.408017586653165,0.9424924981597133,0.03597658040809012,0.3304017537119128,0.14861803168969095,0.07389614600927014,0.8347874850681226,24.973490914756233,30.0,2
100991,1.5954046671017168,1.0,139.06506447626987,1.7346023120600809,1.0707955444139763,0.06616661355998277,0.2128951275573229,0.0,0.12675805909983276,0.7074906062297831,23.433217222034575,18.0,1
59501,0.0,1.0,110.44705323410112,1.408017586653165,0.7347269443802338,0.036177528458350545,0.25280882888740774,0.10288698952167864,0.0909648244230264,0.46402995003512487,26.152146715224433,30.0,2
30277,3.3619271977508447,0.0,111.88024159517653,1.5427567021324977,1.0995302396656046,0.10986713521603828,0.27408364899257415,0.0,0.08858182813778119,0.6815305328788934,31.70814921128283,48.0,3
34137,3.3619271977508447,0.0,94.17884826530327,1.698757269387999,0.6701107889329828,0.09929914618218678,0.17762069843415543,0.0,0.05828948169065652,0.2680922205501752,27.841424381677218,33.0,2
82895,0.872923795046736,1.0,121.2306595399302,1.7745339005343035,0.6993657939488159,0.04300431850321821,0.00010398383703949376,0.02017750715279237,0.05484699175740777,0.4477656398183121,26.77153324101841,47.0,3
108256,3.3619271977508447,1.0,150.45303459712127,0.8527586441232778,0.6865080892331454,0.11058541423287303,0.32402641652571607,3.7199471343105268e-06,0.0875253578926078,0.24173022192994606,20.40771942159844,11.0,1
22967,4.359420279727952,1.0,128.98625074348627,1.0387004217770066,1.126352958314032,0.11255177811980693,0.1832598522183656,0.0,0.13301719861630582,0.44414439156625246,28.08477298378386,46.0,3
86681,0.872923795046736,1.0,118.767713700107,1.8823565270014346,0.8789540273492653,0.080004802065222,8.958800283661751e-05,0.0,0.07523239892816581,0.21046390307817353,23.481110194299845,34.0,2
70850,6.117892928831929,1.0,137.5010805315261,0.5974354268582583,1.5979622149768788,0.04071676728200563,0.003976213546291906,0.0,0.13237734606099583,0.4004880737342039,25.294814148199773,58.0,3
22384,4.359420279727952,1.0,126.86913744285422,1.4630425573980839,1.234186749955301,0.04899224740895944,0.1488254969080726,0.0,0.09630503739313614,0.745360522114038,25.47777126816216,35.0,2
26166,6.117892928831929,1.0,115.29287031811262,0.633122062221687,1.8615556176242443,0.11473585419921435,0.2272027431707757,0.05702680264827607,0.09540627374586548,0.19236282222973636,35.522844979712396,24.0,2
21500,2.81870192439919,0.0,105.11346065962239,0.9641501397610845,1.4785798387800124,0.07534654601913696,0.008880373055813805,0.14339962963345917,0.13058845981202158,0.28870060070904596,27.004868624819316,30.0,2
94709,2.81870192439919,1.0,93.32310591878692,0.436323991484237,0.23001774014833493,0.03134499269087866,0.35690217537331775,0.14394803502789175,0.1046199903677044,0.11822862398498821,25.948460308849846,14.0,1
99328,2.81870192439919,0.0,160.92682453891973,0.38325336735090565,0.7745995549638897,0.04090505509611655,0.2579748766335213,0.13431433409863586,0.12845635323811264,0.22280677295746307,30.521665722745745,2.0,1
100228,5.270402895934253,1.0,144.15937853715428,1.8002204158456978,1.4230459552752195,0.05571858678347133,0.2370566471492302,3.269591541808694e-05,0.06249428190369805,0.7932167916851092,23.477957595871885,16.0,1
10599,6.117892928831929,0.0,128.3450772483247,1.978314396768651,0.5646149391973504,0.10954978063179283,0.04502452687954758,0.0,0.1228099104642298,0.5401617621376549,26.36628775712068,8.0,1
3308,0.872923795046736,1.0,109.25930995446681,1.962772026906056,0.9424924981597133,0.09800143618007766,0.02409600998560086,0.0,0.061046331132959944,0.4378010692265794,29.80111835056948,64.0,4
114353,0.0,0.0,72.48525719995584,1.4499888131526906,1.1062090211057984,0.027478115992428973,0.04319521786674583,2.0299842572767845e-06,0.09417957066797655,0.31944514756429193,22.169495597827883,24.0,2
146420,5.270402895934253,1.0,145.20687966767366,1.1966292274711101,1.5481140364786548,0.09984812356667594,0.016577632105374596,0.08409722913207923,0.1299098908721293,0.2662142053083389,25.659841351288254,60.0,3
7649,0.872923795046736,0.0,101.0643118946338,0.9459621033695175,0.7086058516452183,0.11326021166844137,0.22227665399240484,0.0,0.1176543571357466,0.39317524704291157,27.091447126456515,67.0,4
5149,4.359420279727952,0.0,129.93959457250548,1.3168623695632067,0.9197336231387233,0.026576577269376928,0.30161378407295175,9.506545898502829e-05,0.09227673809299898,0.5214535572646147,26.499461329935013,68.0,4
35270,2.234779091684268,1.0,126.04923442345665,0.2942962661319116,0.5527359021169996,0.026198033914667747,0.23551596238262423,0.1472313344147767,0.08307607176161669,0.22943896094336566,31.773266326918076,21.0,2
156292,0.872923795046736,1.0,148.19946585576457,1.2083700310814445,1.3636064357556406,0.047871617065426426,0.009852506517610308,0.13997812937397572,0.13671498695509582,0.29337171326094935,27.545470888968303,27.0,2
35033,5.270402895934253,1.0,153.9867433346742,0.43813908429016785,1.691784810850091,0.041962598355487504,0.0009985074216367666,0.14660599389100296,0.10999979085255757,0.3601339240615556,31.6990394999299,61.0,4
16148,0.872923795046736,0.0,138.40080576191627,1.8559896484373444,1.1992887046249214,0.07226092540897922,0.03603539429810422,6.969814412071138e-06,0.047429924857714,0.6632895533953425,24.74544983839433,45.0,3
76964,2.234779091684268,0.0,104.73919884484859,1.6774576631672329,0.8769353064372962,0.1116585814136889,0.3104007536577539,0.0,0.08858182813778119,0.5844482742465293,20.21613602577363,3.0,1
75560,4.359420279727952,1.0,158.3569896790203,0.7737119535467464,0.7574094640680615,0.030629476337651843,0.25763548768408095,0.11468976969721568,0.10133787158252591,0.3656561673256651,24.08389469718749,55.0,3
2789,4.359420279727952,1.0,106.15727023719835,1.5903688309600632,1.5221827970798172,0.07632487083264694,0.06248535294461734,0.0,0.10741349334001439,0.5454951065995263,25.25050342921149,38.0,2
100408,0.872923795046736,1.0,148.16978102779873,1.4112216109464688,1.4080745642651042,0.11140384870955194,0.08303424155368089,0.0,0.12215914027194473,0.6502249683384824,22.409621804030557,24.0,2
88501,0.872923795046736,1.0,111.42170235367117,1.635322297431103,0.6592628138396347,0.02717869094408675,0.011788166338059581,3.079637626931103e-05,0.09227673809299898,0.39591880754975406,25.969346225171506,43.0,3
121980,5.270402895934253,1.0,60.158336391294995,0.3560274796766916,0.032780357611208975,0.05009339799691467,0.375466997075387,0.13513977585281076,0.06318149722485808,0.07527710803127369,23.335361960663832,15.0,1
88269,0.0,1.0,163.5005424114824,0.915196032112578,0.6060203886768876,0.03482762600454365,0.3177359858549214,0.0,0.08892922146119757,0.28121715024146815,27.433057903153585,25.0,2
157531,3.873488880460096,0.0,97.28091071305471,1.237995013338512,0.5990464133621874,0.09628957850027947,0.2847155259014564,0.024418278472219074,0.12079744792434513,0.3619753613456227,26.85247441773605,4.0,1
111920,4.359420279727952,0.0,84.34789461434477,1.1531530780227583,1.0862263751542853,0.09785169032817521,0.26133027192518365,0.001984806558653298,0.13738074596517424,0.8575762360088297,29.302675647552096,66.0,4
43213,3.873488880460096,0.0,132.4267013611023,1.258965687733321,1.1580096007646004,0.10348094851633399,0.11736465633327059,0.0,0.09972625759298626,0.5623496876972396,21.345767522307206,47.0,3
55339,0.0,1.0,93.14336374474104,2.121479287664249,1.0818076464946016,0.04976507577742113,0.07973655467134984,0.0,0.1176543571357466,0.8752442881447556,23.62453807480887,67.0,4
100131,0.872923795046736,1.0,95.34446496957554,0.8115638316796402,0.45611891744501903,0.029907481693841425,0.2743894066920769,0.13770183498111538,0.09999929605428569,0.3435297312064924,25.07615730621653,8.0,1
46631,2.81870192439919,1.0,98.26805501269365,1.688088075804631,0.6466911138682083,0.09460267036318325,0.15000270958900153,0.004905852458809698,0.09600744425199255,0.2737217164713884,22.883739593699744,64.0,4
2550,0.872923795046736,1.0,112.46719183662195,0.7574292631964193,1.5663907762113518,0.10401173324475396,0.15000270958900153,0.0,0.07739805058592603,0.2596351508210209,28.56043272438139,46.0,3
63164,5.270402895934253,1.0,51.39910610461852,2.2202499098244823,0.6520678855900447,0.05250168937457113,0.12267420854969888,0.07299273513137654,0.07567160824092482,0.6693762543425813,27.037699532686823,11.0,1
119034,5.270402895934253,1.0,94.66960615791173,0.7006382405716461,1.1106714973128837,0.04730387785758131,0.2445634442629467,0.12435220556522028,0.0626534392312979,0.44414439156625246,25.714453259939813,53.0,3
111249,5.270402895934253,0.0,120.88434555915592,0.3695477264804424,1.716331415385084,0.08845352666152759,0.0,0.07062026919522872,0.06776790858233991,0.40961416743273077,30.726543079608316,25.0,2
6581,0.872923795046736,0.0,106.84714375834274,1.8112948160060567,1.4230459552752195,0.10567800055765059,0.0760092135931462,0.0,0.11600931508282333,0.6134845293745955,23.193187596444428,5.0,1
131235,4.359420279727952,0.0,155.44708266099087,0.7667130778006805,0.666487379299709,0.02770197444137078,0.17395390653627266,0.0,0.1028873097127769,0.20856198321458377,24.507346696301823,47.0,3
79775,4.359420279727952,0.0,118.78814060127999,0.38152997688973794,1.802207267989014,0.10621872520381574,0.005297682248137571,9.759636101329595e-06,0.07782218133052284,0.304563566592905,35.084594199206244,49.0,3
98312,3.3619271977508447,1.0,92.21743424675073,2.045180298001813,0.9135673883268748,0.1059512892555724,0.10217491408483344,0.0,0.07207008747600625,0.7264556430606567,21.7161015463613,26.0,2
84063,0.872923795046736,0.0,141.82214160541517,1.1588997572047788,1.1831582989482943,0.09998279941324975,0.10429869371523375,0.0,0.11949950664623125,0.3628958211781966,24.814949833804242,61.0,4
133158,3.3619271977508447,0.0,74.5305446961836,1.5835165182702335,0.8708906902532544,0.09929914618218678,0.10003407720918936,0.0,0.10363955969640551,0.4793441631124205,29.447396627956927,31.0,2
100267,4.824000686513771,0.0,117.14727401687345,1.3604447167824396,1.2909720999978591,0.08386550447689363,0.06719837402725257,0.0,0.12816865300364028,0.6414987105437209,31.924385998629063,11.0,1
72170,3.3619271977508447,1.0,100.58335560411255,1.6041242390834507,1.1196203641016944,0.08334048687121909,0.18677221769714705,0.0,0.07160547706998972,0.6301346135010327,26.417521671509668,11.0,1
57329,4.359420279727952,1.0,103.99530544734228,1.684540299697343,0.9176762744407007,0.07821024105866159,0.09350737751597628,0.0,0.07066635954166857,0.4550005252381872,24.232756001231003,41.0,3
13432,0.0,1.0,117.32122795278622,1.2559580752183774,0.027138714385330998,0.05250168937457113,0.3639533056653995,0.045256384375323255,0.06344411017050605,0.28870060070904596,25.92876889468339,32.0,2
41850,4.824000686513771,0.0,92.69379142314432,1.713043318578456,0.593835151024814,0.10326311031119288,0.21849470962927253,0.0,0.051251070043230505,0.47484463488452405,23.485265455881677,2.0,1
56435,4.824000686513771,1.0,106.99229906280443,0.8650682795653099,0.9675887642154379,0.10442257216654599,0.04363176286505587,2.379783619973889e-05,0.07654086052747315,0.13180306839931838,27.03835066492327,3.0,1
98999,1.5954046671017168,0.0,113.4547516503883,1.0090676336197404,1.5611583427172575,0.06056899457987591,0.006927442155667886,0.02603785273729381,0.1173334149753333,0.49461383429655437,25.409504807325835,33.0,2
12995,0.0,1.0,67.63422299260782,1.3323372212749316,0.7197556293230039,0.10281767652483301,0.15694397548208475,0.0,0.11479565148345594,0.3490707404716398,23.137658268425987,14.0,1
73227,6.117892928831929,0.0,155.22103134413166,1.5664596139965252,1.0164765902676833,0.10539871697488398,0.07436296423860875,0.0,0.09804963764136568,0.2999035103297946,28.569715064057565,18.0,1
24399,2.81870192439919,1.0,108.99569126143774,0.6352505547361027,0.5011931214681938,0.05009339799691467,0.304855180705445,0.0,0.07253143383276514,0.3831026140507271,24.22447877985473,14.0,1
142549,5.701060861471607,0.0,96.89196208612805,1.955027965828709,0.7977581590258924,0.11423429868061653,0.06256725998999131,0.0023290446010666844,0.06879642243195909,0.5401617621376549,31.99372688895463,10.0,1
119044,2.81870192439919,0.0,111.82873375170642,1.5393873568146128,1.0186256893922574,0.03577509228302261,0.26232341760931527,0.0,0.13178108471221095,0.6789281817495515,24.614519476614984,10.0,1
5362,0.872923795046736,1.0,124.15344245041078,0.4882897127387084,1.6059025151258526,0.06102200408319748,0.010821767172170031,0.13793579055402838,0.08150955334797905,0.23038562363391338,24.910762317939596,44.0,3
108716,2.234779091684268,0.0,145.90626486045892,1.1588997572047788,1.0751944363573847,0.04843439090520536,0.02502350614647099,0.0009961907158109078,0.1173334149753333,0.5711997449849593,24.609244694922673,20.0,1
15123,0.0,1.0,71.84374278788894,0.5748410348239007,1.4380918973981762,0.09200993864114734,0.2272027431707757,0.0,0.13315511246185902,0.47214306179705734,30.99553641330198,51.0,3
41118,0.0,1.0,114.10216961568915,1.0550536357269065,0.7861447309043834,0.05728648091811103,0.19791321344492074,0.0,0.11315533132292098,0.2690309433417808,29.96725534781868,64.0,4
7857,4.824000686513771,1.0,104.0889841086356,0.7854455645604872,0.5110341419887489,0.02770197444137078,0.3184020243569555,0.10445515233286916,0.08190524688566762,0.19236282222973636,25.73506394414886,45.0,3
68686,6.117892928831929,1.0,123.15319209872558,1.5125831187873215,1.5481140364786548,0.06776810307407538,0.05248771370758104,0.0,0.13829229377990773,0.8727232799003789,26.371321473268274,50.0,3
89672,0.0,1.0,116.55350551433429,0.9825170437964712,1.5403126485640692,0.02844379682282684,0.0009985074216367666,0.0,0.09972625759298626,0.6161167520118906,25.70111095716777,52.0,3
105761,6.117892928831929,1.0,131.64202768588322,1.713043318578456,1.1900592475800453,0.05223874875548161,0.24345789896605846,2.2199811724000793e-06,0.08384328428839721,0.602063981300623,23.187841018161357,14.0,1
79214,2.234779091684268,1.0,118.7626068962714,0.9407982425356697,0.1811796128063288,0.029178943760520885,0.3472617649024948,0.14817265375133779,0.07782218133052284,0.43961424622178924,20.03417424096007,15.0,1
142359,0.0,1.0,95.66583732739937,1.593801330922556,1.6755162905062593,0.02844379682282684,0.1146679813352171,0.14833020860305846,0.07782218133052284,0.8895112704954751,27.665265181492426,10.0,1
28896,3.3619271977508447,1.0,135.18289131582375,1.1995585970342593,0.7707663064582774,0.0614711458158501,0.3244483425283577,0.0,0.07344443758622808,0.6292595119241615,29.711218337212177,31.0,2
15080,4.824000686513771,1.0,100.58335560411255,1.4240785193695762,0.8153065731672732,0.05009339799691467,0.2678369711125156,0.0,0.050636294096179424,0.7393518023357826,27.101979905550525,44.0,3
105452,0.0,1.0,144.76517521609975,0.42909357585565344,1.1084392632811322,0.03482762600454365,0.10003407720918936,0.07879148666691815,0.0875253578926078,0.461322770147165,24.9831108532649,1.0,1
128496,4.359420279727952,0.0,162.91501071678354,0.9459621033695175,1.1017545099034765,0.037503497957860635,0.293554609982518,0.0,0.09540627374586548,0.4513843481564584,26.87144142483552,2.0,1
81954,0.0,0.0,115.64666120701051,1.1388535531640749,0.6975233845593646,0.030629476337651843,0.2892037810752459,0.00681651852218226,0.08422295110813957,0.45319275256535035,28.51059899509444,38.0,2
146145,4.359420279727952,1.0,73.08218157504926,1.104924423867234,0.4640655093621761,0.09754875144648864,0.3570577544941999,0.14876169108165535,0.08030591854684666,0.45409671780157784,20.160948310545706,38.0,2
3976,5.270402895934253,1.0,102.98488937196295,0.6984104567706283,0.5955704093858848,0.030629476337651843,0.23474058021231803,0.13188342597073086,0.09600744425199255,0.39500445441039295,23.32989345658677,27.0,2
121661,5.270402895934253,0.0,144.05506528436214,1.5461302380608775,1.1992887046249214,0.04843439090520536,0.20712811703028133,0.0,0.08858182813778119,0.5906201054722333,22.06611190210533,61.0,4
115793,0.0,0.0,66.6426381999809,1.8597430050557224,0.27850199182241897,0.05181565204652488,0.1941059981153935,0.001570506335697775,0.05566368631090581,0.39043018103571125,28.565325025073086,8.0,1
47376,5.270402895934253,0.0,144.81977835236495,0.6225285599873925,1.0036232661278224,0.029689610335349732,0.31110683271702266,1.4599918567751219e-06,0.08716837634649345,0.2755967034714958,20.740638864586632,24.0,2
111013,3.873488880460096,1.0,132.32111107864142,1.4208581649724286,0.9529151814138451,0.08386550447689363,0.027973413346776416,0.000672267910692074,0.08307607176161669,0.6222538369971233,32.635201727295495,42.0,3
4293,0.0,1.0,103.77667498270046,1.1762322066763853,0.986595383828515,0.048769691834977445,0.21025463587619359,0.0,0.06627170617944157,0.17131070112413319,24.241872761088707,56.0,3
58871,1.5954046671017168,1.0,91.43862748090265,1.0965276954317247,0.9529151814138451,0.1035886709897732,0.13296876435285718,0.0,0.12807164233603202,0.39774701348203345,25.759566645211454,18.0,1
46096,0.0,1.0,86.21116071857948,1.13316055416276,0.5342481847143612,0.06534527571603274,0.2404747550200633,0.14767258601261452,0.13131606348807848,0.3564489745952911,21.052139341587562,55.0,3
110415,5.701060861471607,1.0,124.19911155489196,0.870016916351664,0.8094399761009098,0.03550559855419764,0.20303395783663156,0.14651288878424606,0.10673525114395638,0.3536834419639886,26.213907148419057,21.0,2
67554,5.270402895934253,1.0,184.22635007014188,1.4240785193695762,1.2131933798627534,0.030629476337651843,0.08150525731732736,0.06025753825061772,0.1449290983846807,0.6919283533734552,26.304107210314605,27.0,2
5312,3.873488880460096,0.0,177.2587907175159,1.4048176378816764,1.126352958314032,0.07331527306353508,0.1360999778061121,0.0,0.06158588724043837,0.643245026323755,27.966206484745733,33.0,2
13853,5.701060861471607,1.0,138.70052777170815,0.8356733126244692,0.08267241937393645,0.029907481693841425,0.37341213421007735,0.14863161505772862,0.0692325431781873,0.15786092743258234,23.3927291622329,52.0,3
40774,0.872923795046736,0.0,59.23457325562039,0.29115951344580543,1.5795086777003646,0.045394496904964325,2.9498699407279055e-05,0.1487428283688967,0.12499849218571271,0.3342806431153462,32.99914057262928,6.0,1
30181,2.234779091684268,1.0,104.75479689856114,0.7925271422579314,1.4280529796370869,0.030629476337651843,0.29193879468905093,0.0,0.13025302191889332,0.7957699699053866,30.33462479674192,4.0,1
122517,2.81870192439919,1.0,74.92882195231194,0.6939649337958178,0.004012134957362634,0.04257727432062326,0.3755937936401596,0.14841601368529395,0.07344443758622808,0.27465930423277096,25.64310488847159,21.0,2
143021,0.0,1.0,91.49693821155748,1.1733338226503915,1.173985195547883,0.06235797169475681,0.012751715278126845,0.14836185351286132,0.11041192561352685,0.7642061619901985,30.175916414618484,26.0,2
14762,3.3619271977508447,1.0,103.09954361190219,0.7574292631964193,0.6574613049083465,0.03219515144426198,0.3323855330835508,0.0,0.06845528709351664,0.25398849438243537,26.05838501497174,59.0,3
73914,2.81870192439919,0.0,156.8711071578157,1.2439669833584739,1.0489198800185926,0.11218955999206842,0.11936872550991845,0.0,0.12973537823509393,0.4504799087144882,30.284155645993412,38.0,2
64750,0.0,0.0,183.9961534718269,0.4620093486710911,1.1992887046249214,0.028665038788637076,0.0015464166981630295,0.0020537276739067568,0.07523239892816581,0.08938303640272958,21.722293196615137,29.0,2
7640,3.873488880460096,1.0,110.84943781322283,0.8774664929240397,1.4305595995732223,0.038157654766122096,0.17129658598427597,0.0,0.13615621999528407,0.490127341111776,29.631286515132533,68.0,4
51449,4.359420279727952,1.0,143.65758219053836,1.3292342453589678,1.5041555271287885,0.03482762600454365,0.0019940376062208094,0.005864813330088342,0.06627170617944157,0.7855508879034244,28.106466787597128,43.0,3
134335,1.5954046671017168,1.0,105.42000549525865,1.4499888131526906,1.6112066071270141,0.07007114572550133,0.18776509519169676,0.0,0.1282651059706081,0.7436443582672503,22.61424304795165,38.0,2
37488,3.3619271977508447,0.0,112.43116367611167,1.7965377462689096,0.903329043187519,0.06178326327999835,0.19791321344492074,0.0,0.06328665532096683,0.7161185947953245,33.30459674078913,57.0,3
83232,4.824000686513771,1.0,113.24911173573558,0.5035770433788322,0.6042741472907891,0.11005232819260728,0.13170501708479113,0.0,0.09386772939038489,0.4232724839940975,19.211198437282725,3.0,1
139424,0.0,1.0,116.21035590167986,1.2083700310814445,1.1648442414606313,0.0685487630522728,0.23041492083456172,0.01941222798933369,0.12816865300364028,0.5853303840742065,29.31426144754481,40.0,2
121863,5.701060861471607,0.0,115.81581080200797,1.0632807525460788,1.088438717875863,0.11429986153250965,0.1458565046907266,0.0,0.1274776608148665,0.3674955385332786,22.422336540775863,23.0,2
124459,0.872923795046736,1.0,162.7392923717607,0.9305140056689871,0.6235837141668364,0.09708557810085501,0.008071312381842157,0.11208939365179978,0.08150955334797905,0.0946603369219568,28.31432579098856,1.0,1
1885,5.701060861471607,1.0,168.36355157325804,1.104924423867234,1.2131933798627534,0.06492934472932263,0.17183062586123532,0.04895769756178725,0.0834609979772711,0.490127341111776,25.94323704550391,34.0,2
147829,0.0,1.0,101.02250260726456,1.4112216109464688,0.736606806235421,0.1146152668702922,0.04993499265901868,0.0,0.08150955334797905,0.3757642353460366,31.0017040479212,48.0,3
5797,0.0,1.0,134.94725048937894,0.894973455755926,1.6059025151258526,0.08334048687121909,0.22310681446648367,0.0,0.06318149722485808,0.6789281817495515,31.98293183681075,15.0,1
6035,1.5954046671017168,1.0,128.33497636476545,0.9228387905195625,1.2529852016303604,0.032054095044992494,0.07764597405794815,0.0,0.08608269509259017,0.38126903601002826,23.418865158375397,52.0,3
114598,6.117892928831929,0.0,178.3625239958586,1.13316055416276,1.6782223903772442,0.05531977924046881,0.0009985074216367666,0.14685679130306498,0.07298954199416931,0.384019149597404,27.5471424871412,22.0,2
128590,0.0,1.0,97.17581139323524,1.0171047814103484,0.9591921604105726,0.032756846992377936,0.006927442155667886,0.14153303278698842,0.09479702346996888,0.7522202886606224,25.91040788421432,8.0,1
21326,0.0,1.0,94.95439568393542,1.310700409278527,1.0840160182295047,0.0711798012622476,0.26232341760931527,0.0,0.06874779249788905,0.4928196937814543,25.35852927399081,29.0,2
131306,1.5954046671017168,1.0,125.95808702963646,0.7972654942346424,1.4785798387800124,0.04557037994341877,0.045631865334373974,0.0,0.12079744792434513,0.5720839688793614,28.67531346768889,47.0,3
12890,4.824000686513771,1.0,115.7799335395561,1.8597430050557224,0.48009200488394477,0.03651124605851635,0.1636819881963965,0.14048369761128915,0.05490560291793002,0.23700674147691309,23.187118443833125,32.0,2
52499,3.3619271977508447,1.0,126.80842995460596,1.3199493399191744,1.460800869304105,0.07468068007540363,0.20349305848707883,0.0,0.10915962010817792,0.5976652639695638,23.188419066693765,29.0,2
45949,5.701060861471607,0.0,98.43069251686585,1.237995013338512,1.2459205763017733,0.10586085027058409,0.02502350614647099,0.0,0.06840641496750414,0.6161167520118906,31.354703960985226,25.0,2
43207,3.873488880460096,0.0,90.16506507627967,1.3416702104497014,0.18746975949303926,0.0756753591574628,0.35798601276689124,0.14849077983319456,0.06612032024679311,0.25022020596358363,29.554393254543914,35.0,2
138763,0.872923795046736,0.0,132.86904394369523,1.2260981136938247,0.8133491362738893,0.023890353676344383,0.15694397548208475,0.0,0.06971386977315287,0.4847385124396228,25.093560346549225,42.0,3
32182,1.5954046671017168,1.0,131.1185397572905,1.7309982986371468,1.2671692686441056,0.08334048687121909,0.11936872550991845,0.0,0.0912961293942096,0.723011956415217,22.482739219829554,51.0,3
118459,6.117892928831929,0.0,103.19854852371643,1.5360221992945484,1.3611555555156263,0.048769691834977445,0.01695775279068509,0.1447665332466122,0.053725243727408965,0.599425165844399,30.40379084229522,41.0,3
28954,1.5954046671017168,1.0,121.87707324633038,1.8559896484373444,0.5714429205166435,0.08412484604572,0.13547693088861773,0.0,0.07824336696718033,0.41872379767106116,23.19304310525502,7.0,1
113609,5.270402895934253,1.0,121.49030212320349,0.7574292631964193,0.9053728438287705,0.03482762600454365,0.2438272032254007,0.0,0.08571582562284803,0.3175874845356611,25.111092145351876,32.0,2
124601,5.270402895934253,0.0,103.29233013392755,0.8478595149544487,1.2695403925683402,0.029178943760520885,0.20211257541611768,0.002965912600349943,0.08995736455673303,0.708353971685764,30.897571578400026,18.0,1
90386,0.0,1.0,96.2081331471785,1.8075989478811065,1.2435697576993787,0.04480484684514999,0.21891869809742429,0.0,0.12727503714890795,0.5152030121689768,24.187839628019763,2.0,1
76485,5.701060861471607,0.0,170.3050329771697,0.2134303620101483,0.03173222303508664,0.03880600336970576,0.3744457480405054,0.12488166899894099,0.0560111652642022,0.03087751911614455,22.640393961909822,11.0,1
66810,4.824000686513771,1.0,150.11728473935548,0.7208394540873487,0.9508267515704789,0.0614711458158501,0.36552954711300517,0.008698409363821236,0.11532226495594795,0.7143940027013405,24.42093304726823,6.0,1
2820,0.872923795046736,1.0,67.34637893728164,1.6423020601527738,1.1062090211057984,0.11011320908121598,0.11125707260979383,0.09373936698118619,0.08716837634649345,0.6240060675375,21.887219853245966,14.0,1
18392,5.270402895934253,0.0,100.97023752190992,1.2923101708008011,0.12994936679057356,0.06218181865209327,0.36805142684005404,0.1482817668352984,0.06652329787396519,0.33335476170646205,21.724407147413718,19.0,1
17056,2.81870192439919,0.0,161.6306620461437,0.8824506569237538,1.1625640217662516,0.04843439090520536,0.24345789896605846,0.06715721024796094,0.1368618113699408,0.2952388627866774,28.226780494085048,10.0,1
117279,6.117892928831929,1.0,143.46375204370017,0.8824506569237538,1.0906530470009785,0.06534527571603274,0.22227665399240484,0.0,0.10696278729458521,0.5008885459395205,27.890158924939044,35.0,2
48388,4.359420279727952,1.0,124.15851691408815,2.0174878286975386,1.1580096007646004,0.09121551619797047,0.006564878059349115,0.0,0.1293803312247751,0.5490477660515011,22.902106027610476,10.0,1
10830,0.872923795046736,0.0,155.81063157303794,0.6785107863592905,1.0143294574313837,0.04515926105747893,0.2780110728216572,8.099749358606466e-06,0.14319106079789568,0.39317524704291157,26.104560905846387,74.0,4
18841,5.701060861471607,1.0,58.85659575484613,1.1246497122921346,0.9550055590897916,0.03671076172813789,0.13919151447689318,0.0,0.09999929605428569,0.5080505822351178,29.170202157404375,29.0,2
41906,4.359420279727952,0.0,82.9842184109334,1.3762010353347607,0.7784403718217229,0.060341027895466415,0.34071913509562407,0.07749888638937574,0.12767794942651947,0.3628958211781966,24.60035912168929,7.0,1
12902,3.873488880460096,0.0,119.32927069256073,1.1617788655968144,1.2981526855390904,0.0461533086282955,0.13672143769829853,0.0,0.10785844760529659,0.41417103144871215,25.754452003931302,22.0,2
145355,2.234779091684268,1.0,127.92074199472549,1.0010637611083457,1.3587067315067167,0.05824462509301763,0.17342500988932696,0.0,0.08995736455673303,0.5125219727084062,29.781617180249818,10.0,1
137361,6.117892928831929,0.0,138.02602239913614,1.9127577036644625,1.257705099064472,0.07881827414418355,0.08832052273494422,0.0,0.08927426336727629,0.654583124696766,22.712863832380396,34.0,2
114525,4.824000686513771,1.0,92.06916268108641,0.5347472887120701,0.35534568477806994,0.062093515860077095,0.354058506913551,0.0,0.06990544778366203,0.3240861578407269,18.89856008020261,26.0,2
79757,0.872923795046736,0.0,99.88224368809327,1.2260981136938247,1.03805616547117,0.11333843021810176,0.2838582084562178,0.0005568124174426961,0.08716837634649345,0.6780604729547725,24.450225327422853,44.0,3
39588,5.701060861471607,1.0,94.35830736095718,1.437000860302872,0.5342481847143612,0.032756846992377936,0.20257379790106939,0.11507162165218544,0.09386772939038489,0.648480779421834,25.436120433474102,41.0,3
87958,5.701060861471607,0.0,131.52124928124886,1.232038730877049,1.4330682921235658,0.10786191730577435,0.002986602388962986,0.0,0.11549563035956101,0.5508232274881332,21.35768233484334,50.0,3
52905,0.0,0.0,102.6303881043175,1.7273986281211327,1.0818076464946016,0.10888089716477334,0.12915797286804528,0.0,0.08680895131871912,0.5330424673029763,32.40497824318915,43.0,3
19551,0.0,1.0,73.63467653938909,0.8259875510638431,0.17992649786762693,0.032054095044992494,0.36322782224080397,0.13259342188141535,0.07298954199416931,0.5071558543350404,22.86769728350366,29.0,2
53805,0.872923795046736,1.0,136.67559091085394,1.8039074821054202,0.6920073491138415,0.10778520225113049,0.02446733290778721,0.00019185924775007616,0.08680895131871912,0.30735740567019904,25.307075504343416,7.0,1
37336,0.0,1.0,136.13989162566105,0.9330796361672831,0.6592628138396347,0.029178943760520885,0.11936872550991845,0.0,0.11296729991626979,0.5543724183688273,23.741077366480155,27.0,2
43197,6.117892928831929,0.0,115.42107333872639,1.2559580752183774,1.3808202212133387,0.04046493489461378,0.1523395503043589,3.739946564215264e-06,0.10999979085255757,0.5035754392914052,21.104218108150167,14.0,1
71946,3.3619271977508447,0.0,109.89472276506876,1.3635879022326585,0.8789540273492653,0.10874140811719965,0.13547693088861773,0.0,0.1282651059706081,0.29617216065705904,29.550348899035995,64.0,4
2700,4.359420279727952,1.0,126.65664302312665,0.8899536272626166,1.1877569186390118,0.038157654766122096,0.21593067514693054,0.07062026919522872,0.07948948280021469,0.7014435082779047,32.895977736320994,74.0,4
9283,2.81870192439919,1.0,76.13818013033728,1.3730416877687452,1.0358893422160114,0.0769637268850384,0.1410276701496655,0.0,0.07434469244013149,0.20665925415005007,30.206230868383205,50.0,3
45402,4.359420279727952,1.0,103.71940375121103,0.19512468434154356,0.27850199182241897,0.039448600807730404,0.36805142684005404,0.139493130543902,0.07479010183432175,0.03385284717249847,22.49763848073789,39.0,2
87019,6.117892928831929,0.0,100.79250730802913,0.35435041645980364,0.9654866865759476,0.03503165581756767,0.21113880216734304,0.0,0.1414917322353681,0.25022020596358363,19.963796569958166,2.0,1
81676,1.5954046671017168,1.0,134.86200418898582,1.7599522449896807,1.1831582989482943,0.08845352666152759,0.014000086236480662,1.3499303784661139e-05,0.06932908154789773,0.4387077377800461,30.282227280582305,27.0,2
35820,6.117892928831929,1.0,136.40026911031893,0.9693795334875999,1.4431238001219762,0.06737279893323408,0.2894796749158462,0.0,0.051556776987537155,0.7846985293539909,31.697637846245005,8.0,1
47734,6.117892928831929,0.0,130.6350543476342,1.580096699910016,1.224836140286072,0.06400174512640375,0.030076783832280712,0.0017876862474606491,0.09999929605428569,0.5623496876972396,23.49557982317784,34.0,2
108310,3.873488880460096,0.0,61.063249265377046,2.291848522967095,0.5159788866289045,0.11516156137698857,0.002718901467656564,1.259993934867961e-06,0.1254539880533494,0.6858652061907988,27.285660475837332,25.0,2
71785,5.701060861471607,0.0,108.34918081138656,1.7635911034941345,0.6182954332776928,0.050636785623080244,0.08455490089482158,0.0,0.05828948169065652,0.6090947568251034,26.317108413743295,48.0,3
77012,2.81870192439919,1.0,111.54537991320248,1.3952422166886544,0.5493582130984525,0.032054095044992494,0.3122750050704796,0.0,0.0912961293942096,0.47664490956611383,24.273973351971307,57.0,3
158497,5.270402895934253,0.0,89.66023883073237,0.5386998252594657,0.04387893492039127,0.04021220559895827,0.37508546512046803,0.14872374146642076,0.06801418606516205,0.39957455327271907,18.84913548954584,38.0,2
103618,2.81870192439919,0.0,94.62740472374088,1.6318388174675127,0.8310347149247238,0.06093171277971563,0.07904141445840644,2.4799765040630674e-06,0.06971386977315287,0.4378010692265794,25.288818240327647,27.0,2
20188,3.3619271977508447,1.0,168.3246892818075,0.5809646880805877,0.7309728561567572,0.02581777077266814,0.27067931385650346,0.0005936498466000897,0.07739805058592603,0.30176808255591336,26.70868254182677,50.0,3
38718,6.117892928831929,0.0,130.02529588893225,1.867263047261125,0.5126805935065077,0.11023371510657519,0.03861793216455963,0.06816395946697361,0.06677399494927812,0.6563254629183313,27.78764683004071,50.0,3
81737,0.0,0.0,174.94207548379052,1.310700409278527,0.5731544633651487,0.09101297716999975,0.006133201903027694,1.1799946806210339e-06,0.12675805909983276,0.14050664092053686,19.860724591611792,37.0,2
65865,6.117892928831929,1.0,136.40527567143073,0.6288748773919356,0.9908405959351675,0.07600145917456508,0.09859728595086668,0.0,0.10133787158252591,0.2821532349715344,29.80148391405493,1.0,1
59275,0.872923795046736,0.0,91.37500972321295,1.1878644052004304,0.4849346932821102,0.03550559855419764,0.3087379533602607,0.0,0.0807099107755365,0.5463834888224122,24.845857732783664,54.0,3
59889,5.270402895934253,0.0,184.89752122132091,0.9877977162194078,1.1376138905461024,0.04071676728200563,0.3416271961372566,0.0,0.12973537823509393,0.7316174461161188,26.28048159953934,51.0,3
106913,2.81870192439919,0.0,162.93453329860088,1.1021217240069057,0.7104594698327914,0.024201689325126154,0.10359265120566807,0.0,0.0652563208801996,0.4023146165258838,27.92214923436217,18.0,1
113365,4.824000686513771,0.0,115.40569005216399,1.9822113074352263,1.042395729804522,0.10462353021933235,0.23972090973170235,0.0,0.11443906789033216,0.5250220325545847,25.96452741123922,21.0,2
59007,4.824000686513771,0.0,104.33873502015317,1.0278728688856018,1.4431238001219762,0.05186870073877971,0.014191719016064072,3.0396469776920196e-05,0.104861145959801,0.5525981112890355,30.77794390246036,61.0,4
50311,5.701060861471607,1.0,77.93084967593596,1.818699770638293,0.9570978852161511,0.046558313762281686,0.03207562732122864,0.0,0.07610775407689287,0.1942716743024051,27.28682524141659,35.0,2
42630,5.270402895934253,1.0,148.8523168090157,0.6939649337958178,0.4640655093621761,0.030701318429724542,0.36651864368255516,1.5799046353405376e-05,0.06990544778366203,0.5152030121689768,29.077609550473547,30.0,2
24033,5.270402895934253,1.0,130.3982545340849,0.7390256179332092,1.7245520312708758,0.06563433162362835,0.08981251686689971,0.020092730298876604,0.1151478184282261,0.31665838257302165,29.171067716157037,26.0,2
7550,6.117892928831929,0.0,95.42877429892953,0.9877977162194078,1.6085535048877457,0.040085503505564654,0.0,0.1391384425981652,0.1283610048523297,0.5879758736035932,21.46014915814877,25.0,2
10213,4.824000686513771,1.0,68.88874838972026,0.8527586441232778,0.021232251055582182,0.04527698273982225,0.3755937936401596,0.14866510521289292,0.07434469244013149,0.6449908092028069,24.653501377524293,47.0,3
112079,1.5954046671017168,1.0,170.4893080572761,0.6225285599873925,0.8074882515588501,0.0461533086282955,0.31273927947477687,0.0009961907158109078,0.1432248914557322,0.24739195922341117,23.060723269059174,53.0,3
77467,0.0,1.0,96.56591452959172,0.9126556457501946,0.5869123931257155,0.032054095044992494,0.36749706392501474,0.024418278472219074,0.07479010183432175,0.6615493185898008,30.665405493821833,24.0,2
554,6.117892928831929,0.0,108.94916085829053,1.258965687733321,0.6395479508797876,0.036177528458350545,0.2382034174387412,0.0,0.08268848505094586,0.19522579199641732,26.50672184914633,78.0,4
54612,3.3619271977508447,1.0,125.3451284507016,0.6610483277676394,1.4055865716025768,0.037503497957860635,0.0799678872523985,0.07963860969314841,0.09195206939260495,0.58621235383743,22.26097240767291,13.0,1
33204,4.359420279727952,1.0,161.62577580354844,0.6373823175983337,0.9259172992484815,0.029907481693841425,0.09642761173667264,0.002965912600349943,0.0875253578926078,0.40961416743273077,28.175531746578873,36.0,2
99583,1.5954046671017168,0.0,156.0856688142382,1.4467356640090427,0.8608547809331345,0.02680288136667475,0.13980511964077502,0.12488166899894099,0.13457628781891856,0.7829934564155167,26.369996874463233,2.0,1
150870,1.5954046671017168,1.0,117.62300167896443,1.0881650388686348,0.7688525187496839,0.029907481693841425,0.2838582084562178,0.001984806558653298,0.09889625578485943,0.7307574555284216,23.229435713511094,33.0,2
124466,0.872923795046736,0.0,116.09764831057511,1.2619772416422685,1.7272965097434245,0.042024311441885176,0.2847155259014564,0.0,0.12189331958493682,0.8229384674438694,32.74635460878712,20.0,1
68449,0.872923795046736,1.0,113.00741656954368,0.8774664929240397,1.6085535048877457,0.041342447356368994,0.0019940376062208094,0.001984806558653298,0.12633349872524277,0.551710741535826,31.354939324672337,34.0,2
1738,5.270402895934253,0.0,141.0102816646337,1.4176418973042995,1.3562599631415344,0.051602993765987544,0.11870244613380132,0.0,0.1225519383900256,0.7795818849243831,25.095889266593208,38.0,2
59634,3.3619271977508447,0.0,99.57332242913265,0.8675408250285294,1.7272965097434245,0.1181300509082888,0.006672708991355362,0.1433389297064042,0.14346895214072206,0.3426056156966485,20.165075013657994,33.0,2
156265,6.117892928831929,0.0,138.02102430338726,0.8043990271576443,0.4995592265814947,0.03134499269087866,0.325496631491568,0.0,0.09600744425199255,0.2896351940766277,27.807326656253636,57.0,3
68510,3.3619271977508447,0.0,152.26325022417024,1.814995089313839,0.8290620173475927,0.06776810307407538,0.08606729572137231,0.0,0.07160547706998972,0.6754565700006173,28.186166343953197,54.0,3
97178,1.5954046671017168,1.0,129.16287181622607,0.870016916351664,0.9550055590897916,0.025435779189136993,0.24927322505169477,0.0,0.07523239892816581,0.3674955385332786,27.917817350104734,20.0,1
119031,0.872923795046736,1.0,105.8354562125101,0.9279519897293446,0.7938794242950211,0.1047229147856999,0.17183062586123532,0.0,0.050882744032923,0.3110799737441455,19.575095439348075,20.0,1
81779,0.0,1.0,109.64165394477233,1.4176418973042995,1.5847705774637866,0.08438210118699253,0.04302042519222398,0.1341588606671828,0.08268848505094586,0.6832647885223685,24.211568108546015,6.0,1
104448,3.3619271977508447,1.0,99.98169774347096,1.249954663221884,1.3005502950795864,0.05276348676969412,0.04126698976593212,0.0,0.07019179955184995,0.3739279421988962,25.704885014514733,43.0,3
17037,5.270402895934253,0.0,161.2152556959132,0.7737119535467464,0.9404137982053083,0.026198033914667747,0.17762069843415543,0.0,0.08268848505094586,0.43054194018397496,31.192839384605524,35.0,2
11495,3.873488880460096,1.0,121.6226383636812,0.6099237123615296,1.7135954813782412,0.06969534196105091,0.0,0.13104584606500833,0.13369182205421112,0.37851739929939954,31.394580800344045,25.0,2
126801,5.270402895934253,1.0,150.4480978779708,1.1937037408317457,1.1218625664872488,0.05117544300866493,0.002986602388962986,0.12297274213462288,0.12892496155362296,0.42509082013318533,23.543101047169507,56.0,3
19678,5.701060861471607,0.0,109.75528699941434,1.1218203956730715,1.550718696885937,0.0708133464056408,0.042232620438445376,0.012014854669023495,0.12675805909983276,0.3352063471934248,26.76445279991837,33.0,2
27164,4.359420279727952,1.0,77.63248246260696,0.2756414895134587,0.16625007804218347,0.032756846992377936,0.3753400103877654,0.11914319391400896,0.090631273449164,0.16459101751161073,23.302970053435384,19.0,1
96695,3.3619271977508447,0.0,121.2663014656865,1.4112216109464688,0.41550924816995743,0.10038079826288383,0.2821283049873707,0.1458052673668145,0.07434469244013149,0.3324287028011156,28.50570028084426,39.0,2
147740,4.824000686513771,1.0,71.34971565908428,1.7490618513824774,0.9487402689416761,0.046327188014090345,0.031259456818844386,0.00013293244928548527,0.1348168549680558,0.5596918883888553,23.190442160054218,9.0,1
130789,3.873488880460096,0.0,117.4593415584673,1.2680121847925503,0.9570978852161511,0.02844379682282684,0.0421449613639152,0.12239772377456234,0.07160547706998972,0.51341580185349,23.33636922239842,41.0,3
31327,0.0,1.0,114.51808941644505,0.5830123021618808,0.11118138596953937,0.03880600336970576,0.3645296181750358,0.134919532167359,0.07434469244013149,0.2709078202006909,20.686857558591708,24.0,2
140023,0.872923795046736,1.0,133.20066247903281,1.258965687733321,0.9197336231387233,0.11214289994463984,0.07686774310307744,0.012377812595437692,0.1236889362795961,0.5879758736035932,21.501834741802632,44.0,3
83046,0.0,1.0,100.10207059407931,1.3354442055656686,1.2648001779253042,0.11223590741304879,0.051639214901532914,0.0,0.1125876738958727,0.470341237512751,24.973765804984914,10.0,1
123028,0.0,0.0,117.72015946008607,0.9075856561859189,0.8448971249366763,0.06459404389736675,0.16860685887279303,8.50723404131689e-05,0.0692325431781873,0.7264556430606567,26.838603109971913,4.0,1
11701,0.872923795046736,0.0,101.54494145805626,1.6423020601527738,1.2318460617081535,0.08226457702046334,0.18020234098276874,0.0038037066143697226,0.06349651996342705,0.7290371027083983,33.31419226988834,65.0,4
90304,4.824000686513771,1.0,154.13926186265226,1.7855160893099271,1.2178444213202304,0.10639383282620979,0.11262682189264288,0.0,0.11371239933650804,0.5773863402581226,23.32413620231653,40.0,2
58345,0.0,1.0,72.80844948378751,0.4788351013562413,0.007178685537182706,0.04987470818470548,0.3755937936401596,0.14886448617601628,0.06966589041842604,0.4032276391499472,18.772007379515376,37.0,2
118638,6.117892928831929,0.0,107.88335177013695,1.2892590495900826,1.3709714197337277,0.039895027311060795,0.001635988970882703,0.02335256155340108,0.14212563451798674,0.3110799737441455,26.50130959044663,40.0,2
87543,2.81870192439919,0.0,87.04455044318176,2.105278016812088,0.7272262776524988,0.10482157753073958,0.20757782895809845,0.0,0.08384328428839721,0.425999744827912,26.76091210133225,25.0,2
81177,0.872923795046736,1.0,117.26495277872073,1.3984299557000819,1.2600680937293525,0.0973955388973874,0.08906753062547003,0.0009961907158109078,0.10557531116723944,0.32223029241841084,30.926329994457983,66.0,4
1835,6.117892928831929,0.0,65.43772962307224,1.3014873780326923,1.4280529796370869,0.11364120324581317,0.21201895798104362,0.013280431973232367,0.13896106019968543,0.5303703138952661,23.444551160317165,54.0,3
22729,2.81870192439919,0.0,87.8128244965487,2.053133596177965,1.1466586274561965,0.03379920531112484,0.20757782895809845,0.11081655243372752,0.045290275866793434,0.6554543597330946,27.92788190570036,38.0,2
11785,2.234779091684268,0.0,113.61922520470769,1.1531530780227583,0.8074882515588501,0.04954523409962817,0.03234721238490471,0.14826535491985524,0.08111111514562246,0.38126903601002826,21.698275059801805,31.0,2
127907,3.3619271977508447,1.0,71.84374278788894,1.3762010353347607,0.5834619703150993,0.039448600807730404,0.26429137748300496,0.14744927028821977,0.1231911327681001,0.5773863402581226,21.66455915644388,19.0,1
52164,0.872923795046736,0.0,97.5173249490284,0.9228387905195625,0.2040163401875707,0.0916158468366306,0.3638086632494495,0.0,0.08030591854684666,0.4622253199987333,24.517785980197818,62.0,4
148389,4.359420279727952,1.0,96.22392162071635,0.8749797475547563,0.6288885490015691,0.04954523409962817,0.15349925612982013,0.0,0.11020651288205074,0.39043018103571125,21.668340717935166,58.0,3
1138,0.0,0.0,114.89274567778745,0.8774664929240397,0.8648633807671563,0.03338394614955701,0.32612116500044036,6.319847412398967e-06,0.10413295990069908,0.2999035103297946,30.513393472327657,49.0,3
15826,5.270402895934253,1.0,96.57643464352599,1.4630425573980839,0.9570978852161511,0.09998279941324975,0.012751715278126845,0.0,0.11812843327074328,0.4387077377800461,28.76367138836698,7.0,1
7514,1.5954046671017168,1.0,99.09134124583909,1.2984243322312379,1.0078998505255499,0.09844389461644934,0.24566192079379473,0.001984806558653298,0.12093734207546923,0.46402995003512487,26.616125979971194,38.0,2
86442,5.701060861471607,0.0,133.34131339573491,0.8284037357211327,1.2435697576993787,0.11399801210474977,0.2048640371828363,0.0,0.1005400101632899,0.33890739350112375,30.51207456566948,18.0,1
141,5.701060861471607,0.0,104.73399941984697,1.456507450130662,1.03805616547117,0.0431865287142909,0.19169008643354407,0.13577944080235285,0.10673525114395638,0.4504799087144882,29.590285632416133,33.0,2
38791,2.81870192439919,0.0,113.38792452975602,0.5288420113742089,0.8251223509347365,0.032756846992377936,0.22227665399240484,0.14756329632777992,0.07389614600927014,0.329649459445562,25.818604307885813,12.0,1
34356,6.117892928831929,0.0,133.00472038377103,0.9459621033695175,1.420545549682991,0.04071676728200563,0.0019940376062208094,0.003939573289650818,0.07697095147323091,0.33335476170646205,27.589295340411134,61.0,4
73136,0.0,1.0,124.64552743068393,0.3230290224513678,0.0,0.06408679225719048,0.372759757602228,0.1480023296960682,0.07160547706998972,0.3110799737441455,27.81882345642849,35.0,2
85811,4.359420279727952,0.0,170.60082908879468,1.499281057085816,1.1421322571741443,0.05009339799691467,0.10429869371523375,0.0,0.045552405348049455,0.5588056688922406,26.936383454113777,24.0,2
119711,6.117892928831929,0.0,130.26723243895137,0.8824506569237538,1.0598329809424267,0.11272574519214026,0.1297971916212612,0.0,0.12929029597956693,0.5765029649516105,25.63756942691306,48.0,3
33183,5.270402895934253,0.0,119.09448386997732,1.955027965828709,0.8729036385143312,0.08954958276534362,0.0341517760422906,0.0,0.0878799146864748,0.6117290310971855,28.644776159233217,32.0,2
92318,3.873488880460096,0.0,100.6879392132212,1.5026003343861656,1.236529463082332,0.03684347528477961,0.003976213546291906,0.0,0.11634650289624089,0.48743361513789707,25.123140445905538,50.0,3
72759,0.0,0.0,120.21168306271956,1.1733338226503915,1.2600680937293525,0.038157654766122096,0.10570515998144205,0.0,0.11828452903796835,0.7419277041759904,29.807454349739018,41.0,3
104632,5.270402895934253,0.0,127.60741287418655,1.258965687733321,0.7328489612337938,0.03455473157697528,0.17605677935381134,0.0005597996237712619,0.07697095147323091,0.39134537056455715,27.285919315560147,13.0,1
54801,6.117892928831929,0.0,83.3872087449028,1.50925136242719,0.8992472401295339,0.05640988448350998,0.006005553210517977,0.03986706793188464,0.09718602680360759,0.45409671780157784,28.554536114065122,16.0,1
64654,0.0,0.0,187.4017453454784,0.536721986690365,0.5443052610488156,0.026198033914667747,0.2797896221963635,0.001984806558653298,0.08229821707572699,0.21331526928243794,23.882881630921272,29.0,2
32625,3.3619271977508447,1.0,66.53171691007984,1.8447562024754598,1.1331035227505035,0.09829752883170788,0.06816401280319169,0.06352047346558064,0.09227673809299898,0.5463834888224122,26.136158054197626,39.0,2
121298,2.81870192439919,0.0,97.55409313770166,0.925393585596664,1.1173801565958892,0.02932517795428082,0.02502350614647099,0.14868488297490098,0.06617081820143467,0.3684149667388865,27.293683729535307,3.0,1
23308,5.701060861471607,0.0,119.15063456559938,0.8020177118754851,1.6890680687112196,0.038157654766122096,0.0009985074216367666,0.14856962913636654,0.059955501299521215,0.5259137815807644,26.544586638288806,37.0,2
111839,0.0,1.0,132.76350410407545,1.0909488099104507,1.1831582989482943,0.03414355059055638,0.16257276229220186,0.036000550337622,0.05658694707312501,0.7795818849243831,28.342835973643222,65.0,4
6563,4.824000686513771,0.0,122.23824024979454,1.7818509781400034,0.9487402689416761,0.0897636276352218,0.24159944956993276,0.0,0.08892922146119757,0.41872379767106116,27.672059597723617,12.0,1
148513,0.0,1.0,96.54487381081127,1.3447892366328362,0.6484815224571175,0.030629476337651843,0.1488254969080726,0.047028634608823235,0.07066635954166857,0.659808559089989,25.388443337519945,3.0,1
135993,5.701060861471607,0.0,65.66006784238043,1.4144297135629609,0.8648633807671563,0.053799353682425805,0.05919019669413417,0.14819835099909728,0.08995736455673303,0.2737217164713884,27.533381889924545,25.0,2
150118,0.872923795046736,0.0,126.04923442345665,0.23364184572607855,1.7245520312708758,0.09495055493920068,0.0,0.12421788637162054,0.11141967447734964,0.41872379767106116,30.450762206536538,19.0,1
130859,5.270402895934253,0.0,111.45262358311096,1.0117429819484791,0.5783000164936618,0.08360405773041377,0.22961717273145504,0.0011053080646422546,0.07389614600927014,0.22565033036371449,32.854741379658776,18.0,1
19246,4.824000686513771,0.0,132.68811114711642,1.756317752022725,1.4887850777116909,0.05857608960232434,0.2404747550200633,0.001303468708439864,0.08268848505094586,0.5339328914848354,22.90123166052875,2.0,1
74206,0.0,1.0,159.65978087854086,0.9126556457501946,0.8389446157210648,0.030629476337651843,0.29274903786299833,0.0,0.10785844760529659,0.4667357229045698,26.544454769013427,65.0,4
82981,6.117892928831929,0.0,100.03403630739902,1.274062926972884,1.288582650538607,0.04379041442699696,0.009852506517610308,0.0,0.12331669781090818,0.36381610868103414,27.289413488103268,38.0,2
8454,5.701060861471607,0.0,82.40880204313561,1.7855160893099271,0.8931390217637617,0.05359361985096533,0.04380620638882941,0.0,0.0692325431781873,0.23700674147691309,28.573728410762993,35.0,2
112633,5.270402895934253,0.0,128.2137568796023,1.532661226759913,0.7574094640680615,0.09060308225465417,0.2722361158306361,1.5099128980164388e-05,0.06012012907356574,0.30735740567019904,22.59542530941347,14.0,1
3169,2.234779091684268,0.0,102.28092890568327,1.7490618513824774,0.8153065731672732,0.038157654766122096,0.09642761173667264,2.3199794378550587e-06,0.07523239892816581,0.7023077593058966,25.30040037683055,37.0,2
130150,6.117892928831929,0.0,135.74919154233794,1.0577922600757719,1.2062319625131506,0.03414355059055638,0.2048640371828363,0.003939573289650818,0.09600744425199255,0.3027000936330375,29.17527160884411,26.0,2
37306,4.824000686513771,1.0,92.8895257666934,1.4273029632982537,1.6138618224161947,0.025359172694512967,0.008441972716082397,2.5497516057898295e-05,0.08892922146119757,0.7693357188635067,26.75592835577883,54.0,3
122753,6.117892928831929,0.0,99.94505842033061,0.7118274915660402,1.3734305307687875,0.04888106720670597,0.05518685242325488,2.4299774420089592e-06,0.06976181515991639,0.5826836339638324,31.00893808477891,16.0,1
152115,5.270402895934253,0.0,75.40308819088719,1.486045460471644,0.8074882515588501,0.11306008200418462,0.33394795317970766,0.0,0.13714858293754445,0.654583124696766,20.95344627653463,6.0,1
23914,2.81870192439919,1.0,114.37947352698208,1.0441365530273317,1.0402249611304715,0.026953409443536608,0.19169008643354407,0.0,0.10388706186522997,0.5879758736035932,26.38271115628512,51.0,3
44242,0.872923795046736,1.0,94.31608607731623,0.8429744814568473,1.5455114753399843,0.09460267036318325,0.1146679813352171,0.12758300963765337,0.11667954399222695,0.4604200635633939,30.567075777023906,64.0,4
52283,5.270402895934253,0.0,147.62540786127437,0.3279063019121422,1.5144442747914244,0.05824462509301763,0.002986602388962986,0.01941222798933369,0.13123702703825046,0.34168132433451065,27.750305709596603,50.0,3
144571,2.234779091684268,0.0,148.79298370869418,0.23657173826506164,1.314978844489941,0.05117544300866493,0.02129722678586382,0.12923779968771665,0.10080771222471868,0.12211148451059364,25.835532133620447,7.0,1
152540,1.5954046671017168,1.0,118.35396063990521,1.792859470542298,1.0100410881731547,0.08115311709967152,0.22434514853910228,2.6299735758420988e-06,0.06821057908675011,0.24361824637685142,31.005261915697304,13.0,1
98572,6.117892928831929,0.0,112.47748529359838,1.351039350458107,0.9591921604105726,0.09724115111165019,0.0949714230421777,0.0,0.07989911657905567,0.351838884233596,28.223998243371717,40.0,2
105451,5.270402895934253,1.0,92.06386663814777,0.8259875510638431,0.7803636199698412,0.0856377240318309,0.1696866721569423,0.10926992527158438,0.12242178962049771,0.14147261013649215,25.004815208286054,20.0,1
75423,2.81870192439919,0.0,106.2039735795098,1.2619772416422685,0.7422576704438388,0.07007114572550133,0.25831355985763427,0.0,0.1386927357923526,0.6780604729547725,24.29246371145826,36.0,2
8838,0.872923795046736,1.0,152.25339367977176,0.6895327855205698,1.4280529796370869,0.11946889236766847,0.3370088762442755,0.0,0.1457914451508909,0.21046390307817353,25.982327229718617,28.0,2
24220,0.0,0.0,80.45238816919439,0.9356488839762348,1.4532125165491048,0.07434357648268704,0.07764597405794815,0.0,0.13099723383694759,0.39683299385755855,28.215523871692,4.0,1
10973,0.0,1.0,94.51661317287396,1.4630425573980839,0.9259172992484815,0.06776810307407538,0.18776509519169676,0.11410810041590093,0.06050287974072933,0.7048997520634385,24.32228037263473,56.0,3
41331,5.701060861471607,0.0,130.16139312284488,1.789185585833376,0.8729036385143312,0.054513815382196025,0.05711186757339611,0.0,0.07434469244013149,0.3407568569568942,25.970952361516957,27.0,2
137309,0.872923795046736,0.0,123.19891410158675,0.49782115714739317,1.640530318907042,0.0685487630522728,0.0,0.047028634608823235,0.12488293093845737,0.21236501541503539,24.289102536051356,15.0,1
81618,1.5954046671017168,1.0,95.24433381593262,1.232038730877049,0.6449025530655125,0.11175808059298264,0.09642761173667264,0.0,0.06776790858233991,0.3157291000839103,26.891967845599357,8.0,1
92535,6.117892928831929,0.0,143.77187470590627,0.8874490702428841,0.5225970518766018,0.041342447356368994,0.29274903786299833,0.0,0.07253143383276514,0.28121715024146815,23.331908269194674,34.0,2
105766,6.117892928831929,0.0,110.74112407868711,1.6739227970966106,1.319804715011444,0.039448600807730404,0.131070708116066,0.14112910056352176,0.08858182813778119,0.5383828155329159,26.502893743970112,44.0,3
39091,0.0,0.0,103.24023074201102,1.2680121847925503,1.4633344786443667,0.05009339799691467,0.07764597405794815,0.0,0.11081886050973534,0.7744609539463155,25.74502849071563,18.0,1
2121,4.359420279727952,0.0,94.57464915284841,2.2244238449503455,1.4380918973981762,0.09121551619797047,0.1832598522183656,2.369978542153204e-06,0.11296729991626979,0.7547906905198852,24.870399915905345,75.0,4
48702,5.270402895934253,1.0,139.29470221227572,1.2083700310814445,1.0862263751542853,0.10838398143894828,0.026870414285047127,0.0009961907158109078,0.10627575941954966,0.5374931232470989,30.82154667432174,69.0,4
68000,0.0,0.0,78.86287990465217,0.7208394540873487,1.1286011489630472,0.10348094851633399,0.2292169810837569,0.0,0.090631273449164,0.5454951065995263,24.257295844354005,18.0,1
45286,6.117892928831929,1.0,172.8726192572822,0.2603977600807016,0.6883393129818888,0.05170941569813888,0.2201849767037353,0.1317009255800632,0.1299964056903021,0.1703513804874109,26.799580244691608,25.0,2
157543,4.359420279727952,1.0,117.24448812117859,1.2083700310814445,0.9570978852161511,0.0492140238184839,0.027238508126925073,0.0,0.12293774418845033,0.4793441631124205,19.524545161614203,22.0,2
14100,3.3619271977508447,1.0,173.69985887891252,0.8308234223741906,0.2620988207726837,0.03684347528477961,0.34980154919725676,0.14785807081408228,0.10186112363500793,0.16459101751161073,22.65492977633376,14.0,1
152868,4.359420279727952,0.0,72.20572239535707,1.071541642188199,0.5646149391973504,0.04379041442699696,0.08150525731732736,0.10741691635258989,0.11964725123583841,0.5844482742465293,21.42389640409244,22.0,2
78834,6.117892928831929,0.0,131.23937119008238,1.4112216109464688,1.5403126485640692,0.037503497957860635,0.002302049287464384,0.0024861049217741915,0.038053544031178284,0.20665925415005007,27.02884307394994,12.0,1
9679,6.117892928831929,0.0,43.301898080171384,0.5347472887120701,0.021335443815955965,0.036177528458350545,0.375466997075387,0.14855554980531355,0.07066635954166857,0.17897769686555445,22.214745048783307,25.0,2
87983,3.3619271977508447,1.0,129.05690332568292,1.2801294904916005,1.6351796831827423,0.06816008079340606,0.17289483365382932,0.001984806558653298,0.11717145598614156,0.8356329859662347,26.95792012726816,36.0,2
94881,5.701060861471607,0.0,84.10116400183043,1.563060875323366,0.9445731428547706,0.09984812356667594,0.02409600998560086,0.008698409363821236,0.08927426336727629,0.5835660242459407,24.718747732927874,37.0,2
119065,5.701060861471607,1.0,111.29285068441888,1.2984243322312379,1.1625640217662516,0.040085503505564654,0.25420234783544504,0.0,0.10915962010817792,0.8000229170012528,28.70007742068214,31.0,2
50853,2.81870192439919,1.0,98.50412913180628,0.9984031852273931,0.33638992661846345,0.03345331143459896,0.028706613028225754,0.1415723233322975,0.06776790858233991,0.30921905351352663,28.317101979504173,39.0,2
80465,0.872923795046736,1.0,100.76636673767028,1.347912282370425,0.5921017208742838,0.09800143618007766,0.3321887035460598,0.0,0.07948948280021469,0.29617216065705904,23.600126886689957,16.0,1
40786,5.701060861471607,0.0,78.91701931463271,1.9319040049871248,0.7384885474384946,0.1038017549402223,0.29646898691495843,0.14865846021898388,0.08534643612555834,0.6537117577120378,21.418104341674372,11.0,1
36197,0.0,1.0,142.40945290184177,0.9719997127794917,1.319804715011444,0.04557037994341877,0.03683917775901111,0.0,0.10080771222471868,0.6327591102779849,31.70534641469491,51.0,3
55627,4.824000686513771,1.0,133.45180992339925,0.8874490702428841,1.4734897236080668,0.06534527571603274,0.050788310921096536,0.0,0.12022932698877,0.4032276391499472,25.113830739495715,43.0,3
11057,5.270402895934253,1.0,147.51649872163406,0.7299054380798758,0.5392685908845773,0.027028571290768577,0.3349135553065067,0.0003654887921313736,0.08190524688566762,0.21141456008304993,26.483087193617006,20.0,1
777,0.872923795046736,0.0,126.4592810654001,0.9382217518481557,1.2039155262962848,0.0431865287142909,0.03234721238490471,0.0,0.11461791565793807,0.47484463488452405,28.302588030963104,51.0,3
26658,4.359420279727952,1.0,128.75406750388686,1.0937363611747035,1.2459205763017733,0.032756846992377936,0.14704857682625724,0.10994108762794899,0.09804963764136568,0.425999744827912,26.415934038231036,58.0,3
10147,3.873488880460096,1.0,118.42037937705535,1.1733338226503915,1.2909720999978591,0.02770197444137078,0.012751715278126845,0.0,0.11812843327074328,0.6257577563290178,25.018408269212216,60.0,3
10221,5.270402895934253,1.0,141.2942595791053,1.0251752790418884,0.9908405959351675,0.024666575841302687,0.18426934876289744,0.1430264445711718,0.0875253578926078,0.35921294629456185,25.160766169960702,15.0,1
89848,4.359420279727952,1.0,80.64131601963525,1.7346023120600809,0.3263033999796817,0.054817363853910714,0.02139091534724476,0.1452620444003605,0.07948948280021469,0.529479302078413,24.471551902026736,7.0,1
123082,3.873488880460096,0.0,138.14097144690197,1.6041242390834507,1.7054004852858022,0.03802728989697946,0.0001729552795049636,0.14730585745767594,0.07739805058592603,0.4041404961216831,29.8008746398733,22.0,2
150940,4.824000686513771,0.0,166.30206701806577,1.249954663221884,1.2742887424067721,0.0814343853848159,0.008880373055813805,0.06866208836877775,0.07389614600927014,0.16555160761465107,26.4982731161659,8.0,1
99511,2.234779091684268,0.0,128.03189687290995,0.9563334199741291,1.3416224885557462,0.03134499269087866,0.06896625627207055,0.0,0.13888537433227763,0.7031718835524514,26.4545480495847,28.0,2
154965,5.270402895934253,0.0,87.8394834196247,0.4094558895082161,0.1100219716449971,0.03345331143459896,0.37483015478170034,0.14869142354534587,0.07782218133052284,0.14243836135642088,23.022989500841316,47.0,3
122130,4.824000686513771,0.0,122.4060546007093,1.0224814030232345,0.38057483496004635,0.045687377085124485,0.2916676693694916,2.8799683135305477e-06,0.07434469244013149,0.11531412862393906,23.631957984193605,40.0,2
92774,0.872923795046736,0.0,101.13224671804835,1.4144297135629609,1.378354930922237,0.09692880978339921,0.16201610323787796,0.0,0.09972625759298626,0.43144989461358074,28.349393067797767,49.0,3
69757,6.117892928831929,0.0,115.68767041742429,0.9228387905195625,0.643115839399645,0.0964512307573751,0.2946215020022468,0.00926673447943014,0.08571582562284803,0.2699694764964411,22.023649872804842,27.0,2
119429,5.270402895934253,0.0,149.73696736448215,0.9407982425356697,0.6810255875210611,0.04306510901434748,0.1781395052452503,0.0,0.06174699920559377,0.6789281817495515,22.31603395821696,54.0,3
105887,4.359420279727952,1.0,151.67169535718557,1.8899300099487994,0.7745995549638897,0.06322975991368103,0.06411915306100532,0.07662227615159621,0.05940416375632923,0.7496487913794742,27.776013372498774,65.0,4
44898,0.872923795046736,1.0,84.88926901893326,1.8559896484373444,0.48170445036181103,0.0769637268850384,0.0004666742544889265,1.1999449901366853e-05,0.08111111514562246,0.22185852236336234,27.28578989590784,37.0,2
86557,3.3619271977508447,1.0,108.66474660372208,1.8559896484373444,1.01218429027079,0.0685487630522728,0.21934173687650124,0.09208208189304465,0.11061603839739241,0.7539340114733682,24.234439269915473,20.0,1
35209,2.81870192439919,0.0,154.04086529081476,0.7783950615769446,1.1489248154734721,0.05680116751690537,0.2800839896815336,0.0,0.1274776608148665,0.6693762543425813,23.378360336076792,16.0,1
79751,0.872923795046736,1.0,86.00798186019748,0.9075856561859189,0.653863841431761,0.04257727432062326,0.30945321700189027,0.03152094615885867,0.1274776608148665,0.5782695745186084,25.58108835252815,12.0,1
106982,6.117892928831929,0.0,169.86847777592982,1.5972380637191486,1.738295804622485,0.05354207446940765,0.0012775554687158546,0.14843120878913402,0.052285935053547644,0.40870230130966556,25.971487725305707,6.0,1
14080,4.824000686513771,1.0,73.90250608426636,1.3762010353347607,0.20916362909390335,0.10639383282620979,0.2665568873392643,0.0004233140466536829,0.12665284588910405,0.23700674147691309,29.054429885726044,56.0,3
3562,3.3619271977508447,1.0,81.38022916024646,0.6480902820411296,1.6593243330522978,0.06322975991368103,0.19932274257607036,0.11995564177216478,0.13487618621494196,0.23795182913777405,28.77802607306225,29.0,2
159714,3.873488880460096,1.0,148.54078016867635,0.8824506569237538,0.5077466257061825,0.03414355059055638,0.3227515960828559,0.0,0.07019179955184995,0.3426056156966485,24.117966841598744,51.0,3
159348,3.3619271977508447,0.0,87.77016781872378,1.3292342453589678,0.46247264093949164,0.11611811209378554,0.21764387222561646,0.0,0.1085152749541968,0.3757642353460366,22.327746860320396,16.0,1
130455,4.359420279727952,1.0,137.005872238354,1.3323372212749316,1.2719135502914645,0.03345331143459896,0.15000270958900153,0.0009961907158109078,0.08680895131871912,0.48114289466383386,27.886971268422542,47.0,3
33816,4.824000686513771,1.0,103.32879747428181,1.1937037408317457,0.7803636199698412,0.08997598537939895,0.12915797286804528,0.0,0.10581030322960991,0.43235768782226963,22.54892379105576,5.0,1
91399,5.701060861471607,0.0,103.21417963741345,1.5562760176399235,0.9802422468499067,0.10954978063179283,0.2319999480755242,0.0,0.10718886451071041,0.762495346225589,29.20666406276654,4.0,1
38442,5.701060861471607,0.0,114.5745556753886,1.0937363611747035,0.8870481719091188,0.07366089915094279,0.28669641558679226,0.0,0.0878799146864748,0.351838884233596,24.40153126621787,8.0,1
131099,6.117892928831929,0.0,129.73791247188802,1.573269725078865,1.178567726183657,0.10816339972175154,0.21025463587619359,0.0,0.1236889362795961,0.7152563614657733,22.12612293387326,7.0,1
144096,0.0,0.0,78.57585255581294,0.9459621033695175,0.9176762744407007,0.02770197444137078,0.0850851760984166,0.008707747345505066,0.07989911657905567,0.3129401677457382,24.749598672650265,38.0,2
147876,0.872923795046736,0.0,86.20581478175384,2.0571171201967116,0.49629680953734306,0.11799736439471806,0.2589888169513536,0.0,0.06158588724043837,0.5694308716311162,27.618185796685204,12.0,1
55505,5.270402895934253,1.0,147.719456486221,0.6851139901853912,1.8303496651633075,0.09460267036318325,0.012462949201906487,0.0035607271570630315,0.07567160824092482,0.4775448150825342,34.19232723704748,20.0,1
54766,5.270402895934253,0.0,95.45511878349988,0.38152997688973794,0.2826407660286513,0.02844379682282684,0.3575229982578859,0.0,0.10107366171887236,0.3157291000839103,28.925036014977383,35.0,2
38866,4.824000686513771,1.0,120.8130280068473,1.0853850452792237,1.4080745642651042,0.1110323446790209,0.04736046046136347,0.0,0.07298954199416931,0.7505060789938793,33.310918715082224,39.0,2
12553,5.270402895934253,1.0,118.88516152026381,0.22347116122020988,0.1824343649085685,0.041342447356368994,0.286415091197947,0.14775675667561491,0.0652563208801996,0.05067119003167404,20.288141069066974,50.0,3
106270,4.359420279727952,1.0,57.88468227077852,0.9407982425356697,0.8290620173475927,0.07331527306353508,0.2382034174387412,0.0,0.13829229377990773,0.5410510166898501,25.817663652166235,40.0,2
74336,3.873488880460096,1.0,87.33810212741446,1.4208581649724286,0.8628581206184712,0.05170941569813888,0.11398938173084487,0.0,0.07344443758622808,0.4793441631124205,30.198865528777638,77.0,4
53797,4.359420279727952,1.0,118.53276817735657,0.9693795334875999,1.3053516392490825,0.03310586124704776,0.015720724575124998,0.04578510811706187,0.10160035464617702,0.6196244736187164,23.473228162545954,16.0,1
35957,5.701060861471607,0.0,136.66558060196687,0.9101188546911463,1.0186256893922574,0.059651224241981105,0.17917339349527653,0.0,0.12696665599738943,0.28870060070904596,26.33288972175635,42.0,3
41964,1.5954046671017168,1.0,100.07067097499993,0.7051038664063272,0.5044662873129322,0.03550559855419764,0.21506826913802218,0.14276527041772133,0.07298954199416931,0.51341580185349,28.9754994068451,12.0,1
29404,5.701060861471607,1.0,29.012249128675474,1.3168623695632067,0.3277391846994211,0.041342447356368994,0.3360613599683937,0.14394803502789175,0.07253143383276514,0.5525981112890355,25.071908077003272,9.0,1
26794,6.117892928831929,1.0,116.1181417636807,0.9485494790226465,1.3808202212133387,0.047871617065426426,0.08981251686689971,0.0,0.07610775407689287,0.22659778538501857,26.696336770262526,13.0,1
157987,4.824000686513771,1.0,116.85044372124968,1.789185585833376,0.903329043187519,0.10739334615536911,0.008880373055813805,0.0,0.11874712021012017,0.47394426546045465,27.422611918242705,19.0,1
102573,5.270402895934253,0.0,120.84868753587632,1.2984243322312379,1.1489248154734721,0.041900830519227446,0.09424038591331747,3.3899560976577067e-06,0.06717325841193995,0.6554543597330946,23.20228931820424,50.0,3
74575,4.359420279727952,1.0,135.533736728328,1.9861127510729824,0.448216650415155,0.07600145917456508,0.045631865334373974,0.043719125023246166,0.04620435854448919,0.8347874850681226,25.54780870528798,58.0,3
159647,5.701060861471607,1.0,135.60389019046065,0.4527680845221138,0.5093894862776464,0.026198033914667747,0.3199421708962153,0.13934269201166463,0.07654086052747315,0.114342181214064,17.66307748299288,26.0,2
9438,5.270402895934253,1.0,172.33049359898848,0.8824506569237538,0.7253558029455678,0.023107041720981665,0.15864721974158413,0.1205882402115548,0.05658694707312501,0.23038562363391338,20.558339343548734,42.0,3
64404,4.824000686513771,1.0,107.24625315680872,1.9165779889820305,1.3882284599771346,0.04373026595070187,0.2351286933140305,1.0599570768579249e-05,0.12429477370514681,0.6884644671359176,23.911344111140785,43.0,3
94195,2.81870192439919,0.0,114.83630181970052,1.354170443691811,0.9675887642154379,0.02349958838895857,0.01913480414395804,0.008633023688910677,0.06469164859324981,0.7727530213566,23.19217614537299,35.0,2
15537,1.5954046671017168,1.0,85.90101813784945,1.2680121847925503,0.9844757146265559,0.0461533086282955,0.21463560404457743,0.14816401752722969,0.07697095147323091,0.5152030121689768,26.450979184458763,29.0,2
43210,6.117892928831929,1.0,141.1697179412204,1.2260981136938247,0.9135673883268748,0.08800276332840526,0.16312805578940295,0.1438366992484712,0.12356559458620506,0.2009461949148218,25.788088317630233,6.0,1
39247,4.359420279727952,1.0,156.4097306551433,1.7346023120600809,1.01218429027079,0.03867679555860176,0.2892037810752459,0.0,0.12589889796513168,0.4865354007105218,27.280871639180347,12.0,1
56063,4.824000686513771,0.0,94.3424746956515,0.5074297705021785,1.8558623489315549,0.07941640169894552,0.0009985074216367666,0.0009961907158109078,0.07866163055322024,0.29617216065705904,26.341639608618134,49.0,3
2101,3.873488880460096,0.0,105.43558911484303,1.8447562024754598,0.7479254660277699,0.03848255151408425,0.040915096803283965,0.0,0.06889357886322464,0.4241817332356303,25.83821839749726,6.0,1
118374,0.0,0.0,138.80041447990953,1.4499888131526906,0.5714429205166435,0.03550559855419764,0.21678920175813712,0.11270820117152178,0.08030591854684666,0.5196684304319891,28.379139182427412,53.0,3
21753,3.3619271977508447,1.0,128.31477425612877,1.0993228154521477,0.8528606142967284,0.054817363853910714,0.28037777348200726,0.0,0.13223076354193294,0.6650292642763783,24.274253579998526,45.0,3
62624,6.117892928831929,1.0,104.6040018007847,0.7140754272172378,1.0664045786492466,0.029544034728669014,0.009152860660408171,0.0,0.09972625759298626,0.4023146165258838,20.706354328664794,21.0,2
63659,0.872923795046736,1.0,86.86301153073802,0.8576718908979484,1.6539440066230873,0.0814343853848159,0.00982338436978539,0.0,0.05732925280795218,0.3407568569568942,21.724860118910833,26.0,2
151204,3.3619271977508447,0.0,137.0659111272811,1.1474217637968984,1.0973079588623809,0.10337243046019386,0.018473777957743368,0.0,0.0846000186739813,0.567661430117058,24.156786306713304,16.0,1
115543,0.872923795046736,1.0,82.92508973704953,1.5835165182702335,0.3436461415696114,0.1134918076281394,0.006927442155667886,0.0,0.12417503957929378,0.1942716743024051,29.59102031852814,18.0,1
21857,6.117892928831929,0.0,133.95892149060805,0.6588804120467933,0.666487379299709,0.044982288551343556,0.3150353369161678,0.005864813330088342,0.06971386977315287,0.3463010242500451,27.506104047372755,61.0,4
14349,2.81870192439919,1.0,153.80959785365468,1.0332792011007887,1.3587067315067167,0.02770197444137078,0.02129722678586382,0.02110588240330083,0.05186136939192016,0.8525191769204221,27.72291749881121,68.0,4
111092,5.270402895934253,0.0,99.55237366422129,0.7854455645604872,0.13113598796462372,0.028665038788637076,0.3752128331966564,0.1485905385235853,0.07160547706998972,0.4793441631124205,24.533508823490198,35.0,2
138279,0.0,1.0,155.58465603344052,1.3199493399191744,0.630660508976416,0.11499614630561956,0.1857746293957585,0.0,0.1176543571357466,0.5125219727084062,28.612587793097077,6.0,1
144757,3.873488880460096,1.0,91.52344133627133,1.4048176378816764,0.7086058516452183,0.03976776049636358,0.3043616362999674,0.14780794421992247,0.05721550628430818,0.5711997449849593,21.410786551062802,38.0,2
135624,5.701060861471607,1.0,110.05994722343992,1.1502855016786524,0.5510461517347672,0.10212431892508796,0.2044080949271225,0.001984806558653298,0.07782218133052284,0.41963386075746517,22.84595514902746,38.0,2
60932,2.81870192439919,0.0,119.04853957406546,1.2559580752183774,0.653863841431761,0.08029540932132537,0.2438272032254007,0.0,0.051251070043230505,0.21711427425888152,28.0545602192172,29.0,2
12366,2.81870192439919,0.0,169.6986628440458,0.8625992772181287,1.288582650538607,0.036177528458350545,0.007905355412165744,0.1317009255800632,0.10763668424531088,0.4387077377800461,26.20898591610531,43.0,3
142045,3.873488880460096,0.0,140.23764585646617,0.6373823175983337,0.895173163886735,0.03134499269087866,0.1964938211855431,0.12723460622343344,0.07389614600927014,0.33798239709523725,23.488417392379667,28.0,2
130125,2.81870192439919,1.0,123.61030297715726,0.9746235506992239,0.9760166024735442,0.024666575841302687,0.25932539471476873,0.04959150707695649,0.05658694707312501,0.44867055468068734,23.471651541877797,58.0,3
85573,4.359420279727952,0.0,98.67195490841205,0.7760517866541442,0.448216650415155,0.09389050618719966,0.2646170161701627,0.0,0.07739805058592603,0.35460545987661984,20.47880245732328,7.0,1
36346,0.0,1.0,98.2837958049959,1.2439669833584739,0.9197336231387233,0.09512248854355311,0.15465320359065973,0.0,0.07907699494507488,0.5178827095260955,21.44751105665618,11.0,1
116615,5.270402895934253,1.0,98.57231327431442,1.8484962499838813,0.6042741472907891,0.1110323446790209,0.008880373055813805,0.0,0.09600744425199255,0.49820029281298683,28.521901526720654,6.0,1
66688,3.3619271977508447,1.0,112.06564177025919,0.22347116122020988,1.757626974603384,0.06253352324993962,8.059902908920735e-06,0.13132974407872078,0.12973537823509393,0.2407859170145463,35.46806566796742,21.0,2
105325,0.0,1.0,140.91062087388988,1.4176418973042995,0.9074185780413175,0.03105955941405482,0.0260406358871179,0.1354989830225169,0.12622580018510962,0.3342806431153462,25.973762937785587,27.0,2
16520,4.824000686513771,1.0,104.8015890686117,1.6283596013417518,0.6466911138682083,0.10673658905851677,0.17289483365382932,1.6699893457907386e-06,0.09259922813974525,0.553485336862008,30.399102990830563,41.0,3
91785,2.234779091684268,0.0,141.583135633408,1.354170443691811,0.7707663064582774,0.04718972990883316,0.2596612745405304,0.0,0.07567160824092482,0.3324287028011156,22.025893960913503,22.0,2
28830,3.3619271977508447,0.0,80.56575245318389,0.2849192194347007,0.2951485489927977,0.029178943760520885,0.3529300906205135,0.14822373451728077,0.07907699494507488,0.07036783745392333,21.240785580528897,23.0,2
3261,1.5954046671017168,1.0,108.93365009261917,1.347912282370425,0.5476720855465492,0.047871617065426426,0.3055920446641296,0.014176275640349664,0.1046199903677044,0.23889672081580507,26.32015908399291,53.0,3
38542,0.872923795046736,1.0,96.67636756920686,1.258965687733321,1.5690101476162517,0.05699579632959222,0.004824925768231355,0.0003545190434817963,0.09540627374586548,0.15593612213162947,26.766288592219578,6.0,1
40355,1.5954046671017168,1.0,95.52887782000025,2.053133596177965,1.0036232661278224,0.09101297716999975,0.3145794733439592,0.13740235858540698,0.0994514137349725,0.5588056688922406,23.18639585432308,34.0,2
155971,0.872923795046736,1.0,107.53638120607293,1.8785764755549763,0.7803636199698412,0.10739334615536911,0.286415091197947,0.0,0.11200919934125854,0.6380044771041449,27.599184617083946,25.0,2
138325,0.0,1.0,120.75189388084765,0.7208394540873487,1.1694107022410731,0.059651224241981105,0.10918885741547443,0.0,0.07389614600927014,0.1866313169426985,25.182093270257177,43.0,3
105709,4.824000686513771,1.0,100.2067258345981,1.752687621763492,1.4431238001219762,0.09389050618719966,0.1796884828622201,0.0,0.10413295990069908,0.5285881430572061,28.313442419303374,22.0,2
72756,6.117892928831929,1.0,126.69712208339695,1.3984299557000819,1.5900409064989947,0.04650060861552689,0.00840297549701449,0.0,0.07824336696718033,0.7710446098806706,19.52973381274001,65.0,4
56612,5.701060861471607,0.0,152.3765939111196,2.081114692943841,1.4633344786443667,0.09915929004532116,0.03683917775901111,0.0,0.10160035464617702,0.6353823972414456,22.627908703483673,63.0,4
33435,4.824000686513771,1.0,126.06442473825106,1.0171047814103484,0.8789540273492653,0.10127534682474977,0.12069608348726522,9.479656680908222e-06,0.0807099107755365,0.18089235141197046,28.55240309271859,27.0,2
43542,4.824000686513771,0.0,56.20663311352586,1.2409790360109807,0.5731544633651487,0.06534527571603274,0.3026195839231112,0.1452406017501765,0.11964725123583841,0.5782695745186084,21.57184796336378,28.0,2
103533,4.359420279727952,1.0,129.36972681530952,0.9719997127794917,0.5765830106954144,0.11849940384658289,0.27347028496277787,0.0,0.1261174700059207,0.5658914195524049,18.65073761313614,52.0,3
35547,2.81870192439919,0.0,115.46722143896287,1.4467356640090427,1.4734897236080668,0.11297815609525026,0.08906753062547003,0.0,0.12065670517582489,0.6090947568251034,22.255921755930743,20.0,1
113706,1.5954046671017168,1.0,112.72448788322914,0.9641501397610845,1.6539440066230873,0.0851415328131488,0.08906753062547003,0.0,0.12929029597956693,0.475744849543228,28.443222637602574,25.0,2
103406,1.5954046671017168,0.0,58.144837598201384,0.7118274915660402,0.7403721686283902,0.029178943760520885,0.12915797286804528,0.1480116311050532,0.11443906789033216,0.10168630609411251,25.189062935940548,2.0,1
3950,2.81870192439919,1.0,112.61128798111976,0.9050560474853104,0.5544274649064301,0.036177528458350545,0.27560631382197387,0.14424348147653712,0.09718602680360759,0.41963386075746517,24.32605818379101,36.0,2
77670,1.5954046671017168,1.0,73.90250608426636,1.5562760176399235,0.8628581206184712,0.11337715424276261,0.07663385629102275,0.001530979906874167,0.07160547706998972,0.1933173511187911,29.64437413838905,16.0,1
9032,0.0,1.0,135.9946501204729,1.2649927397327414,0.5011931214681938,0.02844379682282684,0.33336457894002675,0.0,0.09917475099732172,0.3739279421988962,25.783112021744444,23.0,2
13861,5.701060861471607,0.0,100.21719049979525,1.4532460742582065,1.3101611541437503,0.06408679225719048,0.17236337369497504,0.0,0.09804963764136568,0.5711997449849593,23.693397194922696,34.0,2
156914,1.5954046671017168,1.0,131.0077636002473,1.1445618616011808,1.234186749955301,0.11615996684317785,0.06330339403872892,0.051465821131267325,0.1252275809854624,0.5481598184332552,26.851296854675645,29.0,2
1925,5.701060861471607,1.0,29.018482796633823,1.0305741753174436,0.6095183704904821,0.03880600336970576,0.31728994901761837,0.14874914070204115,0.09600744425199255,0.5738519916568867,25.98032014585794,10.0,1
152976,4.824000686513771,1.0,136.43531448531456,0.8139590618663869,0.9823580025054448,0.06737279893323408,0.14764237027396704,0.0,0.065765824499414,0.5419401255638323,27.860312727965578,39.0,2
158520,0.872923795046736,0.0,100.4473736845722,2.0017639122572035,1.2016011071995636,0.04937984661545867,0.1558014307814477,0.0019257020298265582,0.047237551264674243,0.7667714817611202,23.918279255864082,21.0,2
58106,5.270402895934253,0.0,135.23803279671392,1.0993228154521477,1.5118689516687127,0.032054095044992494,0.009852506517610308,0.12699896453563442,0.0807099107755365,0.30921905351352663,26.98374868331707,12.0,1
69329,5.270402895934253,1.0,150.71464750262294,1.5495079674127066,0.6466911138682083,0.07044380416764916,0.07585283791037223,0.0,0.12441380069370117,0.039103819918679915,26.396877375359114,31.0,2
195,5.701060861471607,0.0,112.03989437035679,1.0993228154521477,1.2155178905375075,0.11289513551182562,0.32124695739334475,0.0,0.09804963764136568,0.8102180588519682,27.208192206610263,34.0,2
19150,1.5954046671017168,1.0,104.29711580555824,1.0117429819484791,1.3270588689493945,0.029178943760520885,0.14941484002339908,0.0,0.08307607176161669,0.6571964343496536,25.881038703953752,61.0,4
20305,5.701060861471607,0.0,149.75178751527784,1.698757269387999,1.4456428644832313,0.039448600807730404,0.016577632105374596,0.03075491501815847,0.051251070043230505,0.4568076672489063,26.63191813512168,48.0,3
23096,4.824000686513771,0.0,90.44122022110388,2.0972051206970237,1.1900592475800453,0.10673658905851677,0.04623799356833079,0.0,0.018787061884760075,0.8203964651635863,20.86700844994127,20.0,1
117402,3.873488880460096,0.0,93.43938335145342,0.9851555438001129,0.3291766841448014,0.036177528458350545,0.34090136157244855,0.0,0.07207008747600625,0.5641208390442669,25.204091099176168,48.0,3
111626,0.0,1.0,53.115323281893296,0.6851139901853912,0.013536404056131351,0.03543807420676252,0.37508546512046803,0.14853421865942973,0.07389614600927014,0.4838398383414279,23.83454204619778,7.0,1
92793,0.872923795046736,0.0,97.14427843301519,1.5528898930012174,0.8708906902532544,0.0973955388973874,0.22144278435145062,0.0,0.05772607159203345,0.531261178626178,25.647964625148038,6.0,1
107459,4.824000686513771,1.0,122.69583824201469,1.2892590495900826,0.8074882515588501,0.09815004583580092,0.22144278435145062,0.0,0.07253143383276514,0.2511625677425661,27.543027659550276,30.0,2
90574,0.0,1.0,109.15077210573742,0.7996398684795895,0.593835151024814,0.037503497957860635,0.20303395783663156,0.0,0.1220266290353647,0.6231300200369565,27.794804230051792,47.0,3
80361,0.0,1.0,152.78551634872326,0.8211656767816108,1.079601259342487,0.03134499269087866,0.2916676693694916,0.0,0.11874712021012017,0.6345081025096693,27.524119783487766,9.0,1
62893,0.872923795046736,1.0,97.42802253311241,1.4112216109464688,1.486230640455675,0.04644285264163093,0.03737387823890016,0.0,0.05772607159203345,0.7178426855050967,22.013624403292468,60.0,3
69435,0.872923795046736,1.0,74.5087125460873,1.7094653201885666,0.8729036385143312,0.10786191730577435,0.10849580240222706,0.0,0.0692325431781873,0.3342806431153462,26.00319466251586,18.0,1
122155,0.0,1.0,124.33103102527014,1.4048176378816764,0.8290620173475927,0.03684347528477961,0.2559278880813097,0.06715721024796094,0.11181393054084698,0.24927765074655053,24.750013530173103,18.0,1
88425,3.3619271977508447,0.0,120.21168306271956,1.3447892366328362,0.9993545321705947,0.10139935755464843,0.054177532011139076,0.0,0.10263327184459343,0.3922603925171521,29.218893455147686,38.0,2
149100,4.359420279727952,1.0,110.6224773668484,1.6916401609057337,0.9760166024735442,0.06737279893323408,0.2312091724753965,0.10153321312855063,0.09162520541474937,0.4269085074607398,25.60947457898702,35.0,2
35488,2.81870192439919,0.0,100.34275431445708,1.1617788655968144,0.9675887642154379,0.1157639318817569,0.30534688216789435,0.0,0.11315533132292098,0.5844482742465293,24.56020811772864,16.0,1
132905,4.359420279727952,1.0,128.01674020339547,1.5393873568146128,1.1946699466487898,0.10682075272588769,0.0341517760422906,0.0,0.10979175009966557,0.2858957051591956,27.28423682745805,2.0,1
63206,5.270402895934253,0.0,86.3661723428558,1.7094653201885666,0.5783000164936618,0.03247650422115219,0.28414454297905156,0.0,0.1231911327681001,0.3536834419639886,25.29317899618841,17.0,1
1076,2.81870192439919,0.0,148.77320525488048,0.7367404825678648,1.1762754558995927,0.040085503505564654,0.17183062586123532,0.0009961907158109078,0.10741349334001439,0.31479963689727203,26.153478803801875,68.0,4
22266,0.872923795046736,1.0,108.95433104335973,0.7854455645604872,0.817265915439901,0.09529309823863626,0.1857746293957585,0.14845377296858217,0.07567160824092482,0.2521047362767937,21.44355110621745,27.0,2
2396,3.3619271977508447,0.0,90.58456101569689,0.7253656825023128,0.48655249206632356,0.06657208594270177,0.34234814963523724,0.0,0.11549563035956101,0.5658914195524049,28.559052741193504,23.0,2
8785,5.270402895934253,1.0,83.02184262302272,1.7346023120600809,0.7958178421299469,0.11064263125178254,0.055018869509493924,0.0,0.0652563208801996,0.6318844125769992,27.37240756271646,5.0,1
12926,0.872923795046736,1.0,149.48005131394646,1.573269725078865,1.4330682921235658,0.10739334615536911,0.2280111046994741,0.0,0.07610775407689287,0.7419277041759904,20.45428802490218,39.0,2
6289,1.5954046671017168,1.0,110.53477027637429,0.13002540510590682,0.1613257379612461,0.032756846992377936,0.3199421708962153,0.14876792934782157,0.07523239892816581,0.03385284717249847,25.220068935722757,28.0,2
84152,2.234779091684268,0.0,81.7143134036257,1.6774576631672329,1.0229297889556126,0.03861210524436159,0.3210304668545022,0.0008581749689154938,0.05038912197314285,0.6849985289500192,22.319592745296443,35.0,2
1922,2.81870192439919,0.0,95.7764380355292,0.6610483277676394,1.4557398888377278,0.0814343853848159,0.21463560404457743,0.14689913906523044,0.11684452751132064,0.30176808255591336,22.635400414771976,7.0,1
30475,1.5954046671017168,1.0,94.49550791915155,0.8043990271576443,1.6059025151258526,0.1116585814136889,0.20395110310415332,0.0,0.11935085950785726,0.4622253199987333,20.926982659139956,6.0,1
37559,3.873488880460096,1.0,98.25756095112891,1.3635879022326585,1.01218429027079,0.10491952425389725,0.22434514853910228,0.0,0.06147828612666972,0.7650613890145672,24.885558235161323,33.0,2
13731,5.270402895934253,1.0,108.98018144264249,2.3734956592342127,0.3835759578380506,0.10452341798063405,0.1458565046907266,3.819944253939231e-06,0.059071447418294995,0.36381610868103414,25.96827543012165,37.0,2
41294,5.270402895934253,0.0,93.75111644209284,1.2260981136938247,1.1534632002710248,0.10224203121314437,0.2824180459292544,0.0,0.09162520541474937,0.5348231690526993,22.00314675503309,19.0,1
137993,4.824000686513771,1.0,91.57644430119306,0.9433783587917097,1.0164765902676833,0.02844379682282684,0.1153448023958126,0.08448632097646082,0.1031396955853106,0.3693342235535494,24.265845787205425,12.0,1
41352,0.0,0.0,191.0036216657092,0.3460081396049776,0.195072089767301,0.03345331143459896,0.3753400103877654,0.14860433983858176,0.07019179955184995,0.15015655190271257,28.165147710498392,26.0,2
81771,3.873488880460096,1.0,143.98551710136962,0.9126556457501946,1.7938065534691567,0.093155845558655,0.009852506517610308,0.0,0.12344151675057939,0.5223458982041329,29.996137101316823,60.0,3
119948,1.5954046671017168,1.0,120.91490838108602,0.9050560474853104,0.5044662873129322,0.04071676728200563,0.36651864368255516,0.14846123398764682,0.07567160824092482,0.4667357229045698,24.78291057027006,30.0,2
66634,0.0,1.0,124.17881447193948,1.104924423867234,0.9696927940084842,0.030629476337651843,0.16533566327191976,0.08966760967333837,0.11979409945598393,0.3213020905324471,25.79696333518343,5.0,1
18564,4.824000686513771,1.0,134.59117058821042,0.7643869846402107,1.6972246861723046,0.061916456303725574,0.2048640371828363,0.14832221679716667,0.09972625759298626,0.1999933056484613,27.853039196701275,17.0,1
152546,2.81870192439919,0.0,119.85984973606229,1.246958858166756,0.8211903186456566,0.03964026701337921,0.16033788778722907,0.0,0.11200919934125854,0.4658339547302879,28.43995160990379,53.0,3
155124,0.0,1.0,107.73836857708272,0.49782115714739317,0.14912856914224387,0.029907481693841425,0.36467313436362186,0.14836968489759983,0.07253143383276514,0.08703540456465482,23.093199024256243,32.0,2
118959,5.701060861471607,0.0,111.69994929527022,1.2409790360109807,1.0100410881731547,0.038157654766122096,0.25315830735000466,0.12225182458931208,0.10363955969640551,0.3656561673256651,22.60924561428416,47.0,3
61138,4.824000686513771,0.0,124.02149596945513,1.5835165182702335,0.7178926528129836,0.05170941569813888,0.04038650080234692,0.0,0.07697095147323091,0.4278171081723786,27.705118071304845,6.0,1
110327,0.872923795046736,1.0,117.3468063006594,1.4597729435754092,1.6218401523063755,0.05369657621946309,0.00881221583326947,0.006541267337896017,0.0607750943259681,0.6893306308342276,33.54459102379481,1.0,1
77084,4.359420279727952,1.0,114.66181388413396,1.1849505506472449,1.0642120665634267,0.044982288551343556,0.2201849767037353,0.0,0.11497228316209064,0.4004880737342039,29.278137916728422,50.0,3
66863,0.872923795046736,1.0,81.57962547153673,0.7505023214854164,1.7272965097434245,0.05138959171370151,0.02241968379043488,0.12210505599154542,0.13939932768540814,0.09212025469029334,22.19436070195084,19.0,1
1952,6.117892928831929,0.0,159.7234119605248,1.0826088263724851,0.7197556293230039,0.03414355059055638,0.24271691165998005,0.14846866504801617,0.07523239892816581,0.1491925360676931,26.591108689497123,10.0,1
40212,4.824000686513771,0.0,110.57088616534821,0.8235748656635028,1.2039155262962848,0.029762299662850177,0.005051539127022021,0.001955257674501468,0.06391444984743964,0.06928700449495791,29.810134687168194,29.0,2
75374,5.701060861471607,0.0,101.492714880672,1.2201731395132756,1.1286011489630472,0.09370898039945591,0.05686148504093403,0.000317614033510514,0.06712347472330239,0.7126689085118315,30.650347096644612,1.0,1
103376,2.81870192439919,1.0,99.98169774347096,0.6162115293567928,0.3334994777967263,0.037503497957860635,0.3229650133077943,0.001984806558653298,0.09029545927515505,0.38951482378095875,27.139667022097534,24.0,2
100038,1.5954046671017168,0.0,114.24596884668345,1.4728761491942823,1.1286011489630472,0.04379041442699696,0.1252878557882259,0.0,0.11651353817190897,0.4667357229045698,25.788895223095707,51.0,3
79224,3.873488880460096,0.0,90.27660377338344,1.2113149601562354,0.3177246618719395,0.03219515144426198,0.34126489173914065,0.14856260352903555,0.1192013035939258,0.24927765074655053,19.689645931407032,8.0,1
91065,4.359420279727952,1.0,113.22854480836402,1.1274828423974343,1.481128021569572,0.06931636345747896,0.20622559862988302,0.14348958676172113,0.12393343090235127,0.646736059972371,31.393404990297277,14.0,1
127157,6.117892928831929,0.0,130.96244221545172,1.688088075804631,1.3489319860322233,0.0708133464056408,0.033341012116425914,0.0,0.13853502772633525,0.3101496044938338,25.968543131695775,20.0,1
72324,4.824000686513771,0.0,95.61316390843858,0.21915210979586114,0.0293273561157993,0.03191278463166446,0.375466997075387,0.148710890826415,0.06869912804803781,0.10947906558311733,24.22012896482623,41.0,3
133204,2.81870192439919,0.0,43.372618766941294,0.7390256179332092,1.2838098666500841,0.05234406254322457,0.016292248182897914,0.09438710991476489,0.08927426336727629,0.03335711411170069,25.294132843572942,13.0,1
22097,0.0,1.0,169.16965424530312,1.2559580752183774,0.9383370423726153,0.040085503505564654,0.0045488392862849895,0.14893304993367745,0.06510275914425293,0.11725734975686705,27.02884307394994,29.0,2
691,3.3619271977508447,0.0,121.66844226023628,1.7166256457400175,1.1218625664872488,0.10954978063179283,0.1220165471564242,0.0,0.1176543571357466,0.417813571389132,28.722577442103212,54.0,3
24581,0.0,1.0,75.01607531059759,0.7276338680333096,0.5527359021169996,0.04257727432062326,0.22060518339361856,0.0,0.10413295990069908,0.41417103144871215,24.48395177271275,55.0,3
143500,6.117892928831929,0.0,177.93367895031304,1.3667351240154904,0.9972231075729378,0.11214289994463984,0.1523395503043589,0.0,0.1085152749541968,0.5570327996307758,27.9422737426879,11.0,1
83961,4.359420279727952,1.0,108.17841013481419,1.3920585419964056,1.378354930922237,0.05223874875548161,0.03594595641034841,0.1472438889403441,0.09600744425199255,0.7316174461161188,28.564948714572154,23.0,2
17765,0.872923795046736,1.0,111.00414547673434,1.9357467418808714,0.5126805935065077,0.11759095646116653,0.08757148586722448,0.0,0.05318845094455567,0.2915038241674874,27.27944782054053,26.0,2
25236,3.873488880460096,1.0,76.63855298316011,1.4532460742582065,1.5533254571377446,0.0711798012622476,0.006113566851364622,0.0023781465284536812,0.08858182813778119,0.146299191059229,29.808063531828044,26.0,2
59927,0.0,0.0,30.180960157837138,1.3793644304245756,0.6342099553792683,0.04730387785758131,0.3000907802279664,0.14833020860305846,0.07948948280021469,0.6345081025096693,28.569840486971604,9.0,1
147733,3.3619271977508447,0.0,114.04053344004527,1.3045544042799484,0.7574094640680615,0.08386550447689363,0.2668778892785336,0.0,0.09355379050258464,0.40779027040891674,27.103800103341687,56.0,3
34368,3.3619271977508447,0.0,103.30274956171056,0.6741252782109894,0.8850217453836101,0.04843439090520536,0.22434514853910228,0.1340804835734847,0.12901708090428082,0.4883316765960209,26.461949096684478,32.0,2
101526,3.3619271977508447,1.0,101.61805222095943,1.6739227970966106,0.7977581590258924,0.10928782236190884,0.28809482449267676,0.0,0.10604378231919075,0.5446065792778642,26.6670328456119,3.0,1
1919,5.270402895934253,0.0,110.72049117406219,1.1704392993079824,1.0229297889556126,0.10682075272588769,0.2652662918471982,0.0,0.11964725123583841,0.48294101076463797,32.17397114482989,47.0,3
111522,4.359420279727952,1.0,116.63543030085773,1.4208581649724286,1.353815249832546,0.024356933190339956,0.005327207128669895,9.806324568574275e-05,0.12344151675057939,0.2971052741693927,25.97309377169773,40.0,2
4156,6.117892928831929,1.0,22.068510377005218,0.28336604953808886,1.79660463980821,0.08754475966298475,0.10570515998144205,0.14836968489759983,0.13681312816016183,0.010984450378034466,25.359481453699104,81.0,5
32479,1.5954046671017168,0.0,148.99074752811515,0.7367404825678648,1.057646406189738,0.03134499269087866,0.20395110310415332,0.10949505284570608,0.1046199903677044,0.8203964651635863,25.564858050818504,7.0,1
145061,5.701060861471607,0.0,87.06590441133139,1.4630425573980839,1.03805616547117,0.05250168937457113,0.3138925520714904,3.13996233411041e-06,0.07298954199416931,0.3407568569568942,22.614830932458734,29.0,2
72958,2.81870192439919,0.0,124.43756674069893,1.8710297385230998,0.9591921604105726,0.0711798012622476,0.1458565046907266,0.0,0.12777722757972032,0.6292595119241615,29.053065982265505,53.0,3
57081,3.873488880460096,0.0,86.39289447438092,1.0010637611083457,0.0702205300949883,0.045394496904964325,0.3721024229341608,0.1482817668352984,0.06932908154789773,0.18376276966746116,30.3778211260673,39.0,2
95093,0.0,0.0,114.31272397447682,0.4601550350785543,0.03068562834647795,0.03414355059055638,0.3752128331966564,0.14865846021898388,0.06971386977315287,0.079200284378457,18.548411845511,29.0,2
56224,0.0,1.0,116.69174881631972,1.440241690388494,0.48170445036181103,0.03880600336970576,0.17710064452048874,0.14259676968086224,0.07207008747600625,0.6797957612726563,26.931291254766062,56.0,3
60580,6.117892928831929,1.0,117.11145538520361,1.440241690388494,1.0100410881731547,0.029178943760520885,0.21463560404457743,0.11830585579778928,0.08534643612555834,0.5160963935823022,26.18956086766655,12.0,1
30974,5.701060861471607,0.0,170.62507140683857,0.11747857221381706,0.03910154581459426,0.03345331143459896,0.36467313436362186,0.14832221679716667,0.10212019116983716,0.08018049185016339,20.600455989096936,20.0,1
36246,2.81870192439919,0.0,68.80043064649425,1.3045544042799484,1.0598329809424267,0.0332450285748339,0.35195260131748,0.022939915308411038,0.11781335401820275,0.7547906905198852,23.189575134613754,22.0,2
15779,1.5954046671017168,1.0,135.11771995674337,0.7901631590571356,1.178567726183657,0.04379041442699696,0.2267972213526766,0.00681651852218226,0.08716837634649345,0.5250220325545847,28.014284331295965,60.0,3
294,4.359420279727952,1.0,116.70710773653283,0.641655665212604,0.5409456729449718,0.026953409443536608,0.3150353369161678,0.0,0.0909648244230264,0.3628958211781966,25.948862068758352,36.0,2
14810,0.872923795046736,1.0,88.4523211145581,1.437000860302872,0.41550924816995743,0.04557037994341877,0.23278726790755302,0.0,0.07434469244013149,0.2971052741693927,29.228402784848413,48.0,3
89952,1.5954046671017168,1.0,87.35410998762077,0.7344587426213406,1.5900409064989947,0.04438898378389238,0.0,0.0,0.10937167434329613,0.5694308716311162,25.634328780314103,16.0,1
5274,0.872923795046736,0.0,75.52295026741712,0.4254963039363433,0.21823505648836694,0.02844379682282684,0.36832732859560113,0.1485484678378855,0.09259922813974525,0.16363021503347241,22.035467011736692,50.0,3
45197,0.0,1.0,153.82436109407345,1.3045544042799484,1.6809306175645167,0.09018667070769226,0.002986602388962986,0.10207996056964548,0.09162520541474937,0.5116279940761842,27.50378715491211,55.0,3
127462,1.5954046671017168,1.0,87.49282726493236,1.3447892366328362,1.1308513369073827,0.037503497957860635,0.05248771370758104,0.0,0.0692325431781873,0.6134845293745955,26.59189895398567,12.0,1
92082,1.5954046671017168,1.0,102.89628042208636,0.9825170437964712,0.8668705620052803,0.037503497957860635,0.3046086394461067,0.0,0.11200919934125854,0.6371305844385486,26.955049247738785,1.0,1
63550,0.872923795046736,1.0,103.08391001593934,1.2619772416422685,1.5690101476162517,0.04515926105747893,0.02129722678586382,0.0,0.08422295110813957,0.42509082013318533,26.112162592620415,30.0,2
80076,4.824000686513771,1.0,109.23863726737885,1.2409790360109807,1.3416224885557462,0.06575768768239226,0.09277239074984024,0.0,0.06776790858233991,0.44142678332063784,26.67583946534144,56.0,3
50672,4.359420279727952,1.0,89.79312706489138,1.237995013338512,0.858853361084863,0.040022067903532466,0.029803226206433615,0.0,0.11497228316209064,0.5809184321198676,32.165299214463126,5.0,1
58388,2.234779091684268,0.0,90.31377896967352,1.7238032976844435,1.0532791897548954,0.03590947778731781,0.07663385629102275,0.021692707298844507,0.06535851276133421,0.4586141796681728,26.4982731161659,35.0,2
3571,1.5954046671017168,1.0,101.58149777911812,0.8650682795653099,1.4280529796370869,0.03345331143459896,0.13422605430153228,0.0,0.10557531116723944,0.6178708851250911,24.425816744357956,65.0,4
71522,6.117892928831929,1.0,96.7026632558763,1.408017586653165,0.9696927940084842,0.09915929004532116,0.043893390801080984,0.0,0.12162428428057229,0.6658989234852036,24.48952336432931,50.0,3
81300,0.0,1.0,107.65032946094712,1.8039074821054202,0.8153065731672732,0.048769691834977445,0.04675657125578322,0.0,0.12567774876200102,0.6780604729547725,25.976974772015513,14.0,1
32125,4.359420279727952,1.0,91.39621634439655,0.9000075885026969,1.0685990710633249,0.1038017549402223,0.24419571757330444,0.002965912600349943,0.07523239892816581,0.2009461949148218,24.73244710635268,6.0,1
137037,0.872923795046736,1.0,123.89460540107325,0.6162115293567928,0.8389446157210648,0.11446010645760211,0.23743973259256684,3.9893918805535865e-05,0.08858182813778119,0.5508232274881332,34.20684928178644,24.0,2
34892,3.3619271977508447,1.0,153.09087409539896,1.1560244956058299,0.6610661750968433,0.03134499269087866,0.22060518339361856,0.03378545374854456,0.09689431395432624,0.5756194484892455,21.05876953328086,5.0,1
104628,2.81870192439919,0.0,135.6339543682905,1.3888789288233903,0.6810255875210611,0.08171337117473375,0.28096359619784445,9.759636101329595e-06,0.07113757653068406,0.4387077377800461,21.69767059991539,5.0,1
16412,6.117892928831929,1.0,106.10018438598419,1.382531875836705,0.9972231075729378,0.029762299662850177,0.04073899908770187,3.129625766619569e-05,0.07739805058592603,0.5241301357294121,24.187699175971847,44.0,3
104791,5.270402895934253,0.0,126.4592810654001,1.6774576631672329,0.7536102102164997,0.05223874875548161,0.28528427046142996,0.0,0.12051510801643173,0.5481598184332552,21.56547563198255,69.0,4
86521,5.270402895934253,1.0,103.5631865060193,1.1966292274711101,1.5847705774637866,0.03331451855029561,0.00015996174731997041,0.0829140479175491,0.10388706186522997,0.8735637266114633,26.894974005250056,34.0,2
45203,0.872923795046736,0.0,51.77862461851847,1.1531530780227583,1.395655262877005,0.11097780873747112,0.1200332692849557,0.0,0.13091639863629476,0.25022020596358363,21.496208832698652,38.0,2
77857,5.270402895934253,1.0,129.32432368001182,1.7166256457400175,1.03805616547117,0.09334166241755217,0.0021431110795505086,0.0,0.10581030322960991,0.3250138217148678,27.2806127668297,53.0,3
123697,4.359420279727952,1.0,109.61066018996927,1.874800880341669,0.8448971249366763,0.06226997050178794,0.13170501708479113,0.001174698695964034,0.07207008747600625,0.1999933056484613,23.193187596444428,6.0,1
59381,0.872923795046736,1.0,89.5539080136858,1.499281057085816,0.9823580025054448,0.06697413709052649,0.07000584991476445,0.001698883967040156,0.08190524688566762,0.39500445441039295,25.9630548747021,12.0,1
122145,4.824000686513771,0.0,106.84714375834274,1.532661226759913,0.9197336231387233,0.05338716901728622,0.16860685887279303,0.017259194502844154,0.04659323202963071,0.4892295852117562,25.975770365791586,42.0,3
5933,0.0,0.0,129.85892711528962,1.258965687733321,1.2600680937293525,0.026198033914667747,0.1523395503043589,0.0,0.11979409945598393,0.5959048078477117,26.637443884524625,72.0,4
78297,0.872923795046736,1.0,131.31488274480063,1.713043318578456,1.2909720999978591,0.037503497957860635,0.06166502125087374,0.0,0.0878799146864748,0.6537117577120378,25.38789965886588,18.0,1
87643,5.270402895934253,1.0,119.45684449931176,0.9667630100669081,0.2937520101620978,0.025435779189136993,0.3398033608963911,0.001984806558653298,0.07948948280021469,0.24456196630091115,25.688842671784005,45.0,3
74870,2.81870192439919,0.0,114.28191460853417,0.9305140056689871,1.3611555555156263,0.10656644096509568,0.24747716982900486,0.0,0.08716837634649345,0.43961424622178924,26.059987421341972,43.0,3
153917,0.0,0.0,82.84445004322559,0.7413141514439969,1.5067245784156227,0.037503497957860635,0.027789847142669463,0.1188112932445284,0.0875253578926078,0.3361318741060772,26.861501233794044,34.0,2
103506,4.359420279727952,0.0,104.08378005470145,0.465727085769001,1.0337244907542096,0.05223874875548161,0.26363808924697757,0.14235380608008283,0.12737664277608474,0.22185852236336234,25.382734317723617,56.0,3
115269,0.872923795046736,0.0,145.65831102907563,0.9382217518481557,1.7108616820708253,0.039448600807730404,0.043893390801080984,0.0,0.09510266620308695,0.45319275256535035,28.767416560632206,44.0,3
80802,6.117892928831929,0.0,151.45964106250628,1.2649927397327414,1.7245520312708758,0.05009339799691467,0.0019940376062208094,0.1374628889344402,0.139073149602395,0.1703513804874109,27.287601732984488,26.0,2
76806,0.872923795046736,0.0,85.91171536420555,1.433764130961678,0.6466911138682083,0.040590962981325904,0.06944653455833565,0.0,0.060611883162498235,0.20665925415005007,21.851443889541663,12.0,1
124633,3.873488880460096,0.0,166.4285839242232,0.5789202739654,0.47848134249935176,0.025435779189136993,0.31273927947477687,0.11830585579778928,0.07697095147323091,0.18854264528804643,22.593954729425654,29.0,2
143650,0.872923795046736,1.0,66.38193148838143,2.2369738869011435,0.7977581590258924,0.09512248854355311,0.002361631565354244,0.00011395036818832258,0.0878799146864748,0.07301957678396924,24.400553922090275,3.0,1
30084,4.359420279727952,1.0,85.52649535362028,1.5125831187873215,1.460800869304105,0.053799353682425805,0.014670307255570792,0.1312356419071509,0.09570786137811908,0.4847385124396228,31.046749694449037,32.0,2
92164,3.873488880460096,0.0,95.72377330686304,2.2579849171200572,0.9279824033589994,0.10152244608703388,0.2247560956944594,0.00814621474340215,0.12644056977927082,0.3175874845356611,26.505665857689223,46.0,3
66986,3.873488880460096,1.0,106.19359531270783,1.586940561014816,0.8429110412156785,0.08086954562732294,0.20667737463872096,0.0,0.09195206939260495,0.5729680510664715,25.300127897278834,29.0,2
66006,3.3619271977508447,1.0,130.83653769095088,1.310700409278527,0.3986861421068424,0.024666575841302687,0.3421683664621432,0.0,0.07824336696718033,0.5490477660515011,23.904549182063963,42.0,3
72674,4.359420279727952,1.0,89.43160530578928,0.6437972553886573,1.2482734227611447,0.030269292847822718,0.00748520823898298,0.0,0.07782218133052284,0.1065584841555173,32.62088847291275,29.0,2
149117,6.117892928831929,1.0,113.1822672680697,1.237995013338512,1.2766659695073987,0.037503497957860635,0.1071041786982304,0.013280431973232367,0.0846000186739813,0.7505060789938793,26.846062815744336,45.0,3
16415,0.872923795046736,1.0,99.66234765987731,1.3730416877687452,0.6147791006233524,0.11185624232246855,0.20936643468293328,0.0,0.09999929605428569,0.5623496876972396,24.36786744819875,64.0,4
46003,1.5954046671017168,1.0,118.12911916283512,0.9025300258404296,1.329481015462743,0.026198033914667747,0.07056408099918726,0.03672814674600689,0.11566792219410234,0.5401617621376549,27.109260197306725,41.0,3
118368,4.824000686513771,1.0,101.27332129981704,1.1733338226503915,1.1466586274561965,0.07941640169894552,0.2280111046994741,0.12501210725730438,0.06677399494927812,0.5196684304319891,24.976652028618783,57.0,3
92756,1.5954046671017168,1.0,95.7343065834347,0.9563334199741291,0.9279824033589994,0.03233595433488032,0.057195281465609184,5.039029733484922e-05,0.07344443758622808,0.3054950288257411,26.767993179781456,4.0,1
7007,2.81870192439919,0.0,88.54818864533442,1.7745339005343035,1.01218429027079,0.10715144929109219,0.17076124987887595,0.0,0.07989911657905567,0.4694400923118106,26.918884435551767,55.0,3
84639,3.3619271977508447,0.0,118.32841355182642,1.5159190404539722,0.9654866865759476,0.08660651291880815,0.07135967865258865,0.0,0.06722300668770007,0.1356735164838955,28.295139771655908,5.0,1
15279,5.270402895934253,1.0,82.20431093589016,0.463866698007316,1.020776755417497,0.06275212031393411,0.2089208133144031,7.367925393178255e-05,0.06961787706857614,0.13954045346855962,34.97479490415459,53.0,3
88906,3.3619271977508447,1.0,103.66733507399937,0.7118274915660402,1.486230640455675,0.08731300249953422,0.20072249983297194,0.0,0.11041192561352685,0.11919967432341062,24.989431160731854,17.0,1
134503,0.0,1.0,125.52754104467913,1.4794525303974508,1.1534632002710248,0.025128935598260807,0.10918885741547443,0.009906439773153536,0.057612899810003226,0.5703153792725135,23.190731163677697,20.0,1
34212,1.5954046671017168,1.0,91.12047543562257,1.5026003343861656,1.1241067643567022,0.10235887299442069,0.04675657125578322,1.9198591777062718e-05,0.052043591762904316,0.3766821266125737,33.08722746326068,20.0,1
157454,5.270402895934253,1.0,142.10588625490598,1.5125831187873215,1.1353577070957022,0.05824462509301763,0.03325079712840182,0.015947865155063325,0.09195206939260495,0.461322770147165,28.39438211455408,35.0,2
9462,0.0,0.0,108.29226153052892,1.0937363611747035,1.448164004953569,0.04843439090520536,0.20349305848707883,0.14588019917183806,0.07697095147323091,0.30921905351352663,27.71651572471808,11.0,1
74809,0.0,0.0,106.15208079568879,1.5562760176399235,0.9675887642154379,0.1036956043327662,0.2267972213526766,0.0,0.08030591854684666,0.30363192158696917,24.51486328396126,11.0,1
105552,3.873488880460096,0.0,107.31879567562046,1.9013237270942018,0.5903701182783821,0.10894991098191154,0.033791696533971134,0.0,0.07253143383276514,0.6222538369971233,30.167458462832993,4.0,1
72712,5.270402895934253,0.0,109.26447803886143,1.6388100440527043,1.331905210558965,0.07911856488323085,0.13296876435285718,0.012558881304517515,0.08384328428839721,0.5446065792778642,25.573920831115505,46.0,3
83275,6.117892928831929,1.0,78.50000910013316,1.6492989120715298,1.1511930062111049,0.09815004583580092,0.03737387823890016,0.0044139684657868265,0.09195206939260495,0.2952388627866774,28.835520583820713,50.0,3
38275,5.701060861471607,0.0,138.6605702027576,1.4048176378816764,1.2981526855390904,0.05170941569813888,0.17605677935381134,0.01949751367390266,0.05968032943034548,0.6458635010518889,30.98652066295406,30.0,2
139754,6.117892928831929,0.0,97.57510264280161,1.4728761491942823,0.6792018079786396,0.06816008079340606,0.2128951275573229,0.0,0.12727503714890795,0.5959048078477117,26.007607469521524,1.0,1
158611,5.701060861471607,1.0,121.31212459607511,0.5486362213143707,0.5578160303508729,0.029178943760520885,0.25763548768408095,0.14057261223976814,0.10718886451071041,0.3674955385332786,25.619066997761156,18.0,1
75590,1.5954046671017168,1.0,110.52961072593898,1.670392228724202,0.9466557329092349,0.08845352666152759,0.1304347681620652,0.13770183498111538,0.08030591854684666,0.3259413065890475,26.373043384091048,28.0,2
36399,6.117892928831929,0.0,91.0992596692267,1.443486624022477,0.9550055590897916,0.058717534870942424,0.21891869809742429,0.0009961907158109078,0.09386772939038489,0.6624195015311976,26.285260977371983,45.0,3
51913,5.270402895934253,0.0,106.59824047845825,0.755116866294833,1.4887850777116909,0.06421409154981621,0.06622950722037532,0.0,0.12556619701215935,0.43689424042349,29.794659555946396,40.0,2
12915,4.824000686513771,1.0,103.06827608121301,0.8020177118754851,0.9341893605956845,0.08463728846781318,0.27651261005460964,0.0,0.09889625578485943,0.4568076672489063,23.035039806773383,4.0,1
113640,3.873488880460096,0.0,132.4267013611023,0.8356733126244692,1.7218096897646715,0.053799353682425805,0.0009985074216367666,0.07879148666691815,0.11425910032408468,0.4123487785843696,25.287182825413115,55.0,3
70526,5.270402895934253,1.0,159.16039523106386,1.249954663221884,1.1084392632811322,0.08754475966298475,0.1988539897807107,0.0,0.08680895131871912,0.7264556430606567,28.572850524076873,28.0,2
94315,1.5954046671017168,0.0,115.5851434904941,1.2113149601562354,0.4466415085671937,0.030916456657733713,0.15637341109399755,3.359568749585533e-05,0.08111111514562246,0.23889672081580507,22.45735092070453,53.0,3
43169,2.81870192439919,1.0,120.57356070193694,0.7854455645604872,1.5847705774637866,0.04379041442699696,0.0019940376062208094,0.0,0.10186112363500793,0.5667764960218026,28.691324156775753,29.0,2
14722,4.359420279727952,0.0,83.65034586334043,1.6563128757565557,1.6593243330522978,0.07400365818851558,0.1373413159554467,0.00010795545433572989,0.09833371298734968,0.684131723091564,25.965598311274512,12.0,1
85696,0.0,1.0,136.87077095242876,0.8576718908979484,1.366059372813981,0.032756846992377936,0.0,0.03672814674600689,0.0944893301378407,0.5116279940761842,29.71500349942295,59.0,3
133385,5.270402895934253,1.0,89.44755918522645,1.0632807525460788,0.09965886989306001,0.05223874875548161,0.32402641652571607,0.14851985496221193,0.0682595902191365,0.2009461949148218,19.090798463953355,51.0,3
85593,2.234779091684268,0.0,111.14335601722651,1.1820405678953774,1.0642120665634267,0.0311310141664868,0.1220165471564242,4.629181163715315e-05,0.1420368241144519,0.44142678332063784,27.022069154363273,52.0,3
12621,3.3619271977508447,0.0,97.87441799345777,1.4728761491942823,0.6755598265644066,0.0814343853848159,0.23551596238262423,0.0,0.08030591854684666,0.643245026323755,29.800387214386806,54.0,3
110978,6.117892928831929,0.0,118.79324724803953,1.8899300099487994,1.6112066071270141,0.04781506738317545,0.06018262451738944,0.0,0.07610775407689287,0.7736070474713581,26.514904813052596,16.0,1
47407,6.117892928831929,1.0,123.39193579691229,1.3793644304245756,0.666487379299709,0.07851550707857491,0.29906579540725825,0.0,0.07739805058592603,0.44595533372469104,26.408259562536642,8.0,1
75532,6.117892928831929,0.0,120.76717782750974,1.2260981136938247,1.6245038255176485,0.029105727562491277,0.0019940376062208094,0.12913183983277274,0.12717284007352847,0.31665838257302165,27.543542035915433,31.0,2
83450,3.873488880460096,0.0,95.3497346143566,2.053133596177965,0.9696927940084842,0.08731300249953422,0.2847155259014564,3.509952934465802e-06,0.07389614600927014,0.5178827095260955,25.293451526501592,16.0,1
105974,4.359420279727952,1.0,121.61754888946292,0.5566421438042738,1.5092957197361627,0.040085503505564654,0.0009985074216367666,0.001984806558653298,0.1031396955853106,0.5614638976786368,25.57581427113153,53.0,3
37801,3.873488880460096,1.0,70.8057233525196,1.0441365530273317,0.35534568477806994,0.034280856815077226,0.3728906279665226,0.14856962913636654,0.07389614600927014,0.39317524704291157,32.14378588763828,48.0,3
22195,0.0,1.0,122.63992271776384,1.347912282370425,0.9115158496685433,0.10928782236190884,0.17917339349527653,0.00020783481920480965,0.08111111514562246,0.49461383429655437,27.226860496479095,3.0,1
27209,1.5954046671017168,1.0,113.55755161486384,1.867263047261125,0.8972092364676427,0.059651224241981105,0.012751715278126845,0.0,0.12093734207546923,0.39134537056455715,26.897718559971423,8.0,1
19867,5.701060861471607,1.0,82.03743555373741,1.313779393613908,1.1489248154734721,0.02932517795428082,0.15058911051770973,0.0,0.07113757653068406,0.58621235383743,24.60521868867588,60.0,3
140261,0.872923795046736,1.0,62.033494880615365,0.562679835601423,1.0906530470009785,0.0977007986551314,0.00010098475600778133,0.0,0.13131606348807848,0.20570758564253153,33.504692991134384,24.0,2
63425,5.701060861471607,0.0,94.23163541486741,1.0468602170294494,0.6810255875210611,0.11947486470479048,0.32486877333512926,0.0,0.13873165934106496,0.4269085074607398,22.9241035336629,26.0,2
42209,0.0,1.0,99.67282046957857,1.688088075804631,1.1286011489630472,0.09998279941324975,0.17236337369497504,0.0,0.0807099107755365,0.5694308716311162,29.0627363525105,3.0,1
157792,0.0,1.0,99.29046092506978,1.6318388174675127,0.8310347149247238,0.08115311709967152,0.3214630605513888,0.0,0.05795192459464657,0.51341580185349,24.20019724962291,13.0,1
57767,2.81870192439919,0.0,93.6401775775204,1.6248846462339144,0.9053728438287705,0.03983142220934665,0.13233770064580988,0.14769389526576468,0.06913586784584445,0.12308164179780615,27.287084073611886,2.0,1
81471,5.270402895934253,1.0,170.36322819740823,1.4240785193695762,1.2459205763017733,0.041962598355487504,0.006927442155667886,0.14231840799077333,0.09162520541474937,0.6624195015311976,28.72745085937607,25.0,2
26082,5.270402895934253,1.0,117.60254594642251,1.563060875323366,0.9341893605956845,0.09018667070769226,0.021015996623741328,0.0,0.049705655325816965,0.6893306308342276,34.856333263611106,60.0,3
51241,5.270402895934253,0.0,118.22110716139389,1.6668659552267933,1.33675974885698,0.05328367386024081,0.21463560404457743,0.0,0.0875253578926078,0.708353971685764,23.371892420335257,70.0,4
51729,2.234779091684268,1.0,118.9362206111241,0.9126556457501946,1.0057605767148683,0.11209592493449108,0.13547693088861773,0.0,0.1220266290353647,0.4504799087144882,26.36297574540555,37.0,2
54543,4.824000686513771,0.0,102.5052282602497,1.9319040049871248,0.8270912295607865,0.11011320908121598,0.08981251686689971,0.0,0.07160547706998972,0.5196684304319891,26.504213822714764,27.0,2
103252,0.872923795046736,1.0,102.08265236880443,1.0909488099104507,0.9424924981597133,0.036177528458350545,0.27499908171005494,0.0,0.13896106019968543,0.6702452610397654,24.035969618797214,35.0,2
58683,3.873488880460096,1.0,164.31490728149566,1.2710355796097998,0.7574094640680615,0.029616855379157963,0.05686148504093403,0.14767258601261452,0.09479702346996888,0.25587148181996267,26.371056557126145,47.0,3
95103,0.872923795046736,1.0,147.11046301254706,0.5486362213143707,1.2742887424067721,0.041962598355487504,0.004962882796202298,0.0,0.1110204011529758,0.5897388344096739,31.814529688256656,47.0,3
52845,1.5954046671017168,1.0,107.28252529263638,0.7737119535467464,0.6042741472907891,0.026953409443536608,0.24566192079379473,0.0,0.08823206529773955,0.29897094882889713,24.223215984744044,68.0,4
106679,5.701060861471607,0.0,133.9037048777524,1.357305564867754,1.234186749955301,0.11596747678849868,0.1523395503043589,1.0299594720579542e-05,0.0846000186739813,0.5782695745186084,29.150908002327444,14.0,1
89016,6.117892928831929,0.0,135.87944278008658,1.1617788655968144,0.5325783271168508,0.02302831783104488,0.2280111046994741,0.008903681720256074,0.09999929605428569,0.44414439156625246,27.924697187411418,19.0,1
121066,4.359420279727952,1.0,139.12996760142167,1.0332792011007887,1.4080745642651042,0.039448600807730404,0.07135967865258865,0.001984806558653298,0.10186112363500793,0.5720839688793614,29.549981211568127,46.0,3
1816,1.5954046671017168,0.0,130.8516471497339,1.3292342453589678,0.9341893605956845,0.03880600336970576,0.1416366259819575,0.0,0.09386772939038489,0.482042029581441,23.068990111526162,81.0,5
54206,4.824000686513771,0.0,81.22928838585699,1.1360051413715428,0.8231553808396798,0.11594541912829057,0.2646170161701627,0.0,0.09323773806836998,0.6406253525679155,27.86694710049711,50.0,3
99570,3.3619271977508447,0.0,100.6983967205068,2.1582034404125174,0.524256092697968,0.05694720219850187,0.11936872550991845,0.006208259801750575,0.06947363277632812,0.6388782359477272,27.283330843047796,17.0,1
74786,5.270402895934253,1.0,102.28092890568327,0.6763163713235399,1.079601259342487,0.07727921957627658,0.3092152367522777,0.0,0.09889625578485943,0.475744849543228,27.120568010183014,65.0,4
107174,0.872923795046736,1.0,70.00238494254118,2.33460570267036,0.41550924816995743,0.07261531317345733,0.32402641652571607,0.0,0.0626534392312979,0.8567336732943355,25.522220200816513,50.0,3
16971,2.81870192439919,1.0,72.89058445648158,1.9978443082733723,0.524256092697968,0.0711798012622476,0.16533566327191976,0.0,0.11781335401820275,0.31944514756429193,27.289931117371204,55.0,3
136922,5.701060861471607,1.0,74.26303805881915,0.9930930893391963,0.34802053343545675,0.03482762600454365,0.359057790365652,0.12711712559518024,0.08534643612555834,0.35552730403390576,24.044572693690714,48.0,3
79327,0.0,1.0,131.92881283493145,1.7273986281211327,0.8192271637225136,0.09060308225465417,0.2589888169513536,0.0,0.05658694707312501,0.490127341111776,23.341261219467757,56.0,3
58222,4.359420279727952,1.0,120.66527961907133,1.4761622725906902,1.0315616104748004,0.039895027311060795,0.33757350581436935,0.14459789690953062,0.07434469244013149,0.3064263084600735,25.974432092163386,41.0,3
158005,3.873488880460096,1.0,80.58734307330629,1.1588997572047788,1.2178444213202304,0.04468629102755029,0.06703712078328004,0.05432237154297633,0.060174925966771875,0.4332653199494439,24.7596922026266,14.0,1
538,0.872923795046736,0.0,120.71623026192255,1.1303197887629002,1.257705099064472,0.038157654766122096,0.07842206986670712,0.0,0.06318149722485808,0.51341580185349,21.889323098829244,52.0,3
145635,3.3619271977508447,1.0,124.02657120554832,0.5728062043937142,0.556120840764112,0.032054095044992494,0.15694397548208475,0.0,0.0875253578926078,0.5035754392914052,25.828143929835115,58.0,3
139402,4.359420279727952,0.0,40.23315550579156,0.8503073162091651,0.24193525533195437,0.02349958838895857,0.34144619681419286,0.14867831647365504,0.13877038382498053,0.10363586022119907,18.539853827232935,26.0,2
11173,5.270402895934253,1.0,189.8391037978337,0.5229649023558965,0.8789540273492653,0.07434357648268704,0.13485229153255027,0.13179243059906834,0.12306481658547469,0.2426743316518963,23.428768716717773,57.0,3
9719,1.5954046671017168,0.0,70.02991812848703,1.3447892366328362,0.3731024592325629,0.04667357177237511,0.1955420346167789,0.13684289020449014,0.035463209009118625,0.43689424042349,20.957622697716175,9.0,1
131699,1.5954046671017168,0.0,117.31611218747676,0.9025300258404296,0.729098628509576,0.037503497957860635,0.29594365698262864,0.14283152377451044,0.07948948280021469,0.3398322134003418,25.1703375378233,18.0,1
72269,3.3619271977508447,1.0,76.13818013033728,0.313350595599195,0.4545349207481146,0.021518860597070293,0.2438272032254007,0.13521239742614494,0.11717145598614156,0.26339575548611793,22.040850625230558,15.0,1
13032,6.117892928831929,1.0,114.50782239609615,0.1571809461143201,0.17742517657038626,0.03550559855419764,0.35612052169949127,0.14847606628565815,0.07207008747600625,0.035835160877532524,19.46318460855862,36.0,2
30537,5.270402895934253,0.0,167.64925111361947,0.9746235506992239,0.3941347654998352,0.027103665101560117,0.34198828027640027,0.0,0.07948948280021469,0.26433542927204406,28.549517067039538,3.0,1
132058,3.3619271977508447,0.0,146.4961523435088,0.9667630100669081,0.37758067059571104,0.04071676728200563,0.3252877160088613,0.0,0.07207008747600625,0.42509082013318533,26.060254482562172,53.0,3
7685,2.234779091684268,1.0,131.25447399870035,1.3045544042799484,1.450687222114931,0.06102200408319748,0.06001745175361135,0.0,0.1046199903677044,0.5508232274881332,26.90137766975907,65.0,4
133763,3.3619271977508447,0.0,102.28614596734958,2.203601153977151,1.2506282976724197,0.06616661355998277,0.1642345639618373,3.769457089115688e-05,0.05336777299748834,0.6502249683384824,24.18334488893188,42.0,3
34471,4.824000686513771,0.0,110.53992979237428,1.408017586653165,0.817265915439901,0.08612600426799331,0.21333172503136444,0.0476762989730525,0.07739805058592603,0.4059657136933484,26.9787929932362,64.0,4
60663,0.872923795046736,1.0,87.05522752061547,1.7708819284359916,0.5275795784089966,0.10281767652483301,0.32189410842035704,0.0,0.06976181515991639,0.35737047171995895,20.16555113544644,26.0,2
128323,4.824000686513771,0.0,99.90841717866837,1.635322297431103,1.1489248154734721,0.10164462000814617,0.1955420346167789,0.0,0.09718602680360759,0.35460545987661984,27.63897417317848,34.0,2
155773,5.270402895934253,1.0,131.98917727398714,0.6523964551813372,0.8290620173475927,0.044982288551343556,0.10429869371523375,0.0,0.08571582562284803,0.34999362956189706,30.95317046902572,54.0,3
48104,4.824000686513771,0.0,98.49888391864951,1.4112216109464688,0.6324343108852805,0.10586085027058409,0.2892037810752459,0.0,0.0878799146864748,0.6222538369971233,22.200462445974406,15.0,1
30342,2.81870192439919,1.0,87.45014836824508,0.9746235506992239,0.744145053523369,0.0964512307573751,0.34324254404550597,0.07062026919522872,0.07298954199416931,0.5437179067418695,25.58920088337526,2.0,1
151516,4.824000686513771,1.0,105.5654398166107,0.8478595149544487,1.7054004852858022,0.08463728846781318,0.023538212772659724,0.0,0.14144141141182232,0.6143620734538914,30.419173130923816,9.0,1
16968,4.824000686513771,1.0,92.89481506674777,1.0853850452792237,0.5044662873129322,0.05531977924046881,0.24009823882222112,0.0,0.08571582562284803,0.47394426546045465,21.960603009134566,43.0,3
153478,2.81870192439919,1.0,105.90294492113729,0.37980950185913204,0.014148908096184002,0.038157654766122096,0.3542186659772389,0.14863161505772862,0.06370578415960063,0.22375482435312113,25.506235479066802,12.0,1
97188,0.0,0.0,137.0609080304637,0.925393585596664,0.2117471892219363,0.03414355059055638,0.370638584893952,0.0,0.08111111514562246,0.5481598184332552,21.976638309022622,32.0,2
76814,2.81870192439919,1.0,104.70280209514937,2.0135500188167925,1.4532125165491048,0.10200572894442908,0.04406768497373567,0.0001349304028107177,0.11889944029238214,0.7135315184130544,28.68732205691825,44.0,3
9460,3.873488880460096,0.0,159.70383355339902,1.1077309178046657,1.691784810850091,0.046846078820115225,0.07616550320942203,3.5495186008697904e-05,0.13252230774360968,0.14726385588242943,24.607162333567686,26.0,2
152143,3.873488880460096,1.0,141.56321586031206,1.7454404380504511,0.7422576704438388,0.07366089915094279,0.15407694726749513,0.0,0.03662306332385418,0.8786040856397384,25.97055083375598,41.0,3
62471,5.701060861471607,0.0,68.40832590343372,1.9705341629668967,0.48979344763555255,0.10452341798063405,0.19071575807816873,0.14597197313733803,0.04926784610042771,0.6797957612726563,21.727275859859983,35.0,2
40712,2.81870192439919,1.0,85.77263659960003,0.9957462955575801,0.8074882515588501,0.10755176218457028,0.3638086632494495,0.0,0.128645412749902,0.3277957400099712,20.13665282227897,5.0,1
21851,0.872923795046736,0.0,153.7062494797516,1.1617788655968144,0.9217929097588613,0.09800143618007766,0.23743973259256684,0.0,0.09195206939260495,0.326868612631449,23.556973043164426,51.0,3
58634,0.872923795046736,0.0,94.57464915284841,1.8975213518964196,0.7086058516452183,0.0997124288993236,0.3233907084761867,0.0,0.04587898232195043,0.7505060789938793,30.987351136266575,61.0,4
65615,4.359420279727952,1.0,118.67578642233916,1.1502855016786524,1.03805616547117,0.09141646816813875,0.2463903411380815,0.0,0.0571585712331885,0.7410691930752554,24.526970062352426,38.0,2
52497,3.873488880460096,1.0,114.79524924858313,1.0117429819484791,0.6200563553337668,0.041342447356368994,0.2343516206207626,0.0,0.06318149722485808,0.39591880754975406,29.723183206410244,13.0,1
113413,1.5954046671017168,1.0,134.62126706311207,0.5506329600414857,0.14309071116723684,0.10152244608703388,0.3687395914417553,0.12394686741555304,0.0875253578926078,0.2690309433417808,28.046177956638395,33.0,2
34421,3.3619271977508447,1.0,125.2539079042847,0.702869376209742,0.0815526230969729,0.07664561864626834,0.36735793741944806,0.0,0.09833371298734968,0.46312771325061475,23.33003737566519,33.0,2
93298,3.3619271977508447,0.0,55.49587365309964,0.5687461083073212,0.24193525533195437,0.039448600807730404,0.33258202144959215,0.13887710140023055,0.0912961293942096,0.4883316765960209,29.533677252592067,35.0,2
84059,4.359420279727952,1.0,116.49205651817459,1.0632807525460788,0.4201341924731819,0.0332450285748339,0.3179583999527761,0.011102651710593039,0.06297072826400497,0.21141456008304993,27.8092430147359,17.0,1
12480,0.0,0.0,100.53628791299657,0.7737119535467464,1.0598329809424267,0.05009339799691467,0.06001745175361135,0.05390299172119349,0.11843967107822272,0.6910625738607122,24.079668607641384,28.0,2
18888,3.873488880460096,1.0,106.32850148058803,1.4827469254218961,1.1331035227505035,0.11029334661670147,0.1458565046907266,0.00012693840554597888,0.08307607176161669,0.31479963689727203,34.653626980175936,35.0,2
4521,4.824000686513771,1.0,94.77509799956567,1.3199493399191744,0.9487402689416761,0.09296857348240582,0.131070708116066,0.10041830705117707,0.07567160824092482,0.4495753109342876,23.914174946579905,39.0,2
158521,0.0,0.0,132.37139367001922,1.5528898930012174,0.8133491362738893,0.041962598355487504,0.29803299985297993,0.04439064878958389,0.10533879505897356,0.5976652639695638,23.435082554700905,48.0,3
144564,4.359420279727952,0.0,144.53183763535066,0.9615409198141054,1.3391900932368495,0.08086954562732294,0.04623799356833079,0.0,0.06365352429629562,0.22470267675408148,29.27086020709721,6.0,1
117800,5.270402895934253,1.0,28.5816737396341,0.7367404825678648,0.8992472401295339,0.03516737135838585,0.14525821594835667,0.1463024408802034,0.0909648244230264,0.03603333787620441,31.004431771607994,36.0,2
31901,0.872923795046736,1.0,135.8744334479306,0.6961860220856041,1.8445017682915805,0.09612667909729579,0.0009985074216367666,0.0,0.10080771222471868,0.12599077882340193,30.400064641784535,44.0,3
80018,6.117892928831929,1.0,127.93590029220742,1.1791344541649518,0.6592628138396347,0.05328367386024081,0.18071497178150703,0.0,0.07160547706998972,0.2511625677425661,23.85638101968164,50.0,3
86159,1.5954046671017168,0.0,173.53058692960613,0.3695477264804424,0.9176762744407007,0.037503497957860635,0.3455331976819216,0.14773597891047588,0.0846000186739813,0.7023077593058966,27.580431467566235,17.0,1
30340,4.824000686513771,0.0,139.03510772394546,1.7238032976844435,1.4887850777116909,0.03550559855419764,0.002986602388962986,0.14561186040409155,0.0560111652642022,0.7855508879034244,25.020467387315914,40.0,2
15768,5.270402895934253,0.0,124.79259158861919,1.035987948999315,0.7253558029455678,0.029178943760520885,0.2044080949271225,0.036000550337622,0.09718602680360759,0.2426743316518963,25.024997042980214,1.0,1
58256,6.117892928831929,1.0,94.07854104356939,1.955027965828709,1.4031006457171435,0.07366089915094279,0.1781395052452503,0.0,0.0846000186739813,0.38768360549391373,23.04186159041753,56.0,3
59293,2.81870192439919,1.0,169.06770790304262,0.37980950185913204,0.1912635312528145,0.037503497957860635,0.3717056213181921,0.1346956684792177,0.10363955969640551,0.24550549161982108,21.26453635060093,34.0,2
76839,0.872923795046736,1.0,95.7132398648258,1.2892590495900826,1.5015885652972079,0.04557037994341877,0.0011280944557049168,0.0021914595999003345,0.07207008747600625,0.482042029581441,26.50870175601531,22.0,2
155435,4.824000686513771,0.0,180.64881277950414,1.4176418973042995,1.1511930062111049,0.09200993864114734,0.2351286933140305,0.04921176896409847,0.07567160824092482,0.8127642241578598,22.169346648540586,13.0,1
31738,5.270402895934253,0.0,96.09760347054926,1.3354442055656686,0.8628581206184712,0.0708133464056408,0.04649739313307388,0.0,0.07782218133052284,0.35737047171995895,29.138535359389778,39.0,2
133997,2.81870192439919,0.0,60.608221981506986,1.1274828423974343,1.54291101289386,0.05431056943270107,0.00016395981099188097,0.14823212672171301,0.06747121786729587,0.39591880754975406,23.898602548490842,42.0,3
70730,3.3619271977508447,1.0,89.44755918522645,1.5226033909488335,1.4255484317321425,0.04678862706739734,0.12915797286804528,0.0,0.06652329787396519,0.7376339196406687,29.79088132601342,66.0,4
103198,0.872923795046736,1.0,85.58536439350945,1.6916401609057337,0.6165363485918351,0.06616661355998277,0.15921216697781893,0.0,0.07907699494507488,0.34999362956189706,26.369731949273703,40.0,2
28492,4.359420279727952,0.0,108.31295994555457,1.5125831187873215,1.4105646242891337,0.047417825251390794,0.06631036976507354,0.02482543219768276,0.06889357886322464,0.5410510166898501,23.19145366211302,12.0,1
46646,0.0,1.0,107.32915832034223,0.4959087055025309,1.7245520312708758,0.050636785623080244,0.007905355412165744,0.14752959621331127,0.12306481658547469,0.3315024662333718,26.681490433014332,21.0,2
1218,0.872923795046736,1.0,119.00259274090337,1.1303197887629002,1.1062090211057984,0.026198033914667747,0.008880373055813805,0.0,0.09660065570186806,0.6187477473978619,24.952180681591678,69.0,4
16116,2.234779091684268,0.0,182.64771236139498,0.30854930501698025,1.2671692686441056,0.06776810307407538,0.19791321344492074,0.08601671280632918,0.1282651059706081,0.21046390307817353,23.675731979852543,38.0,2
79169,3.3619271977508447,1.0,57.040862453807954,0.5850631189120629,1.7108616820708253,0.080004802065222,0.0010284165867056653,0.0,0.1328074491049765,0.39774701348203345,22.416423313130878,20.0,1
64386,4.824000686513771,1.0,131.80807208653374,1.1474217637968984,1.1969783179741296,0.029907481693841425,0.12658456236904403,0.0,0.0846000186739813,0.4513843481564584,27.9175625191035,36.0,2
119397,3.873488880460096,0.0,92.14330271947546,1.277094229670491,0.5886403425809775,0.03282677534239687,0.23357115209643636,0.0,0.07298954199416931,0.5623496876972396,25.290453583527146,38.0,2
145,0.872923795046736,1.0,161.52315981287856,0.8454152376174606,1.7081300168957543,0.09943794886500139,0.023165805092240477,0.1284832283665244,0.1046199903677044,0.17897769686555445,29.224327616991157,20.0,1
37037,0.0,1.0,40.00080439916765,1.3793644304245756,0.8972092364676427,0.1036956043327662,0.04476386769526602,0.0,0.100270542490563,0.286830856430596,26.638890975743646,36.0,2
41175,2.81870192439919,1.0,134.62126706311207,0.915196032112578,0.8729036385143312,0.032054095044992494,0.29906579540725825,0.0,0.07989911657905567,0.6336336735553394,25.66685766323805,55.0,3
40557,4.359420279727952,0.0,130.12611061237052,0.2942962661319116,1.807818507257721,0.09844389461644934,0.006927442155667886,0.0,0.12162428428057229,0.3361318741060772,28.48986973416134,46.0,3
124414,4.359420279727952,1.0,105.54985893813141,0.9746235506992239,1.32222071931342,0.03034145949899996,0.012944084026269448,0.1478281207680936,0.0807099107755365,0.0323654621650677,25.968676981779915,39.0,2
135868,1.5954046671017168,1.0,120.4155769320335,0.9177400165281233,1.1877569186390118,0.05431056943270107,0.1926598498780871,0.0,0.07610775407689287,0.45771100209068194,26.67794224612557,52.0,3
44789,2.81870192439919,0.0,117.69459273560268,0.9485494790226465,0.9823580025054448,0.034759494091331875,0.29274903786299833,0.0,0.11220324037571663,0.6073378881905973,33.289352868170184,27.0,2
60874,4.359420279727952,0.0,123.9859684842963,1.1937037408317457,0.8133491362738893,0.04730387785758131,0.1458565046907266,0.10765369382020047,0.11461791565793807,0.3398322134003418,28.649658615573163,55.0,3
63584,5.270402895934253,1.0,74.60149290198154,1.5026003343861656,0.7403721686283902,0.05385067543189434,0.3321887035460598,8.337343432875978e-05,0.12737664277608474,0.34999362956189706,23.91856229413657,40.0,2
61986,0.872923795046736,0.0,124.24985218524212,1.3354442055656686,0.6007871602881386,0.04140471036841923,0.3283830537838016,0.0,0.07782218133052284,0.19904021217904416,25.07862437666696,41.0,3
54893,3.873488880460096,1.0,89.4688303931386,0.5229649023558965,1.8672575445373654,0.06555191951057353,0.004390972282041895,3.479953735522664e-06,0.12589889796513168,0.22091007236670035,29.54765245155247,7.0,1
63474,0.872923795046736,1.0,134.25502773210704,0.6099237123615296,1.2225035455976938,0.037503497957860635,0.004962882796202298,0.0,0.07907699494507488,0.39683299385755855,28.488361749709032,37.0,2
110489,3.3619271977508447,0.0,166.6280633245462,0.6961860220856041,1.3636064357556406,0.040085503505564654,0.13857634901143603,0.003939573289650818,0.1401051097507518,0.6414987105437209,28.61910261006314,19.0,1
151357,5.270402895934253,1.0,77.56736248224564,0.8824506569237538,1.6271696146393297,0.09018667070769226,0.23317963820531065,0.0,0.11717145598614156,0.5844482742465293,30.51687040254629,42.0,3
150,2.81870192439919,1.0,115.523621090076,1.7273986281211327,1.2435697576993787,0.03783130597669388,0.1297971916212612,0.0005319163698786008,0.08268848505094586,0.7957699699053866,26.371453930660838,57.0,3
108083,3.3619271977508447,0.0,144.9041592142149,0.8020177118754851,1.4055865716025768,0.03482762600454365,0.0,0.10341642761842723,0.09227673809299898,0.33798239709523725,27.016597067423344,24.0,2
129200,0.872923795046736,1.0,112.82223835326116,1.357305564867754,1.0906530470009785,0.07911856488323085,0.04126698976593212,0.0,0.06776790858233991,0.43417279113429047,25.966535324196443,8.0,1
111604,5.270402895934253,1.0,109.17144717085728,1.0523187556135853,1.6325075429004299,0.06776810307407538,0.007905355412165744,0.002965912600349943,0.1046199903677044,0.5976652639695638,25.29685798742074,33.0,2
6166,2.234779091684268,0.0,91.21593766640683,1.8823565270014346,1.0973079588623809,0.10038079826288383,0.025948304091180735,0.0009961907158109078,0.07567160824092482,0.5080505822351178,26.501969662241184,64.0,4
90170,2.234779091684268,1.0,35.38474153964197,0.2787230662029034,0.19761935330196884,0.04257727432062326,0.33020146857177496,0.1445486878845403,0.07160547706998972,0.12986652282760713,30.790695541786175,29.0,2
107942,3.3619271977508447,0.0,120.03323532505212,1.9705341629668967,1.1421322571741443,0.08115311709967152,0.1696866721569423,2.2498066118360353e-05,0.07523239892816581,0.04236980024978922,27.301576008016394,4.0,1
98350,0.0,1.0,187.19125083068428,0.7390256179332092,0.2979467232653671,0.04843439090520536,0.3570577544941999,0.13827762306552632,0.06776790858233991,0.24927765074655053,24.92191270923491,1.0,1
57721,4.824000686513771,1.0,101.51360597221525,1.4305314995612604,0.6628713893276507,0.05170941569813888,0.21245753954102564,0.1438926333015115,0.08030591854684666,0.4775448150825342,27.29122516127674,28.0,2
6794,2.234779091684268,1.0,59.59530743110136,1.532661226759913,0.7555088942782333,0.05202756942412839,0.2300164851229946,0.001422220013348521,0.07523239892816581,0.2530467117592156,26.886869921588474,16.0,1
100887,3.873488880460096,1.0,119.17105206155678,0.8774664929240397,1.2178444213202304,0.02997997452818506,0.009706869917134143,0.0,0.05664429602242664,0.44867055468068734,29.794050186211592,57.0,3
126772,1.5954046671017168,1.0,87.34877408069977,1.249954663221884,0.7422576704438388,0.035235138009384284,0.0039663320166400395,0.0,0.06627170617944157,0.11725734975686705,24.044854726495064,25.0,2
97805,1.5954046671017168,1.0,75.2995491202859,1.3857033743699478,0.6235837141668364,0.10715144929109219,0.29594365698262864,0.0,0.11479565148345594,0.5773863402581226,27.299376676819843,17.0,1
51435,4.359420279727952,1.0,107.52602141821026,1.3793644304245756,0.8890765263984753,0.07296675335244636,0.15637341109399755,0.0,0.03369720618794504,0.7040358811081453,25.505016026410956,29.0,2
804,0.0,1.0,169.55794056972007,0.7807417810472599,0.9612883852905215,0.03550559855419764,0.16201610323787796,0.02603785273729381,0.08961697180144913,0.20189888019114546,29.18281284869444,18.0,1
77710,0.0,1.0,126.71230125361735,0.6120164099140819,0.3582878358476109,0.036177528458350545,0.36175965267375565,0.003939573289650818,0.11797137715506432,0.3940899342910126,27.699610194154882,54.0,3
30620,4.824000686513771,0.0,116.0669071605622,0.8675408250285294,1.0707955444139763,0.10961413721893093,0.0027883260984496844,0.004529877565313965,0.1173334149753333,0.4359872512326654,19.753594270141093,14.0,1
18170,5.701060861471607,1.0,108.15770804118536,0.5606640996118144,1.752093072887597,0.07400365818851558,0.1098800831673712,0.0,0.09889625578485943,0.7161185947953245,29.803920925494737,2.0,1
20695,3.3619271977508447,0.0,173.46770845653114,0.8849480810453934,0.120514163416919,0.03861210524436159,0.36041835637235076,0.00010495789435948806,0.05817712529200672,0.13083490594461286,26.483615499021084,1.0,1
62902,1.5954046671017168,0.0,101.55538631302434,1.1907821343351075,0.9550055590897916,0.10024912841460783,0.09350737751597628,0.0,0.104861145959801,0.4059657136933484,26.419770707602872,54.0,3
153270,5.701060861471607,0.0,139.4344551445815,0.6632195463963222,1.2981526855390904,0.09181366582891372,0.07104170391903702,0.0,0.1253411175128383,0.3986608665711685,20.490267222949573,5.0,1
117596,4.824000686513771,0.0,101.90520040172599,1.789185585833376,0.8972092364676427,0.03310586124704776,0.04415479475309398,1.229994220422226e-06,0.06307618828727586,0.7074906062297831,26.77231987803284,32.0,2
21492,1.5954046671017168,1.0,133.70791059340297,0.8091720843236079,1.044568472103753,0.07296675335244636,0.016006612438359116,0.1009793634590622,0.05443551858350137,0.10168630609411251,21.69600827696138,21.0,2
42281,2.234779091684268,1.0,143.03122634436477,0.4731990747180825,0.20916362909390335,0.03414355059055638,0.3491304041867901,0.1481025603478846,0.11041192561352685,0.10947906558311733,24.523074069363396,34.0,2
116152,2.234779091684268,1.0,100.25381559905199,0.6036650358901219,0.012109364452542617,0.03880600336970576,0.375466997075387,0.1486979383007315,0.07739805058592603,0.2605755887938996,21.7333144237949,49.0,3
51295,2.81870192439919,0.0,188.25772589456517,1.3261352750235784,1.0036232661278224,0.044982288551343556,0.03950348483126515,0.14662127244897616,0.07160547706998972,0.33335476170646205,24.421770299410035,17.0,1
26405,6.117892928831929,0.0,132.5926045923953,1.0387004217770066,1.4280529796370869,0.0461533086282955,0.003976213546291906,0.0,0.08384328428839721,0.5152030121689768,24.617989310469667,55.0,3
70304,6.117892928831929,1.0,126.52507328117446,1.5192591302375724,1.4557398888377278,0.09887638189285769,0.09203541848258019,0.0,0.10741349334001439,0.7590722655097774,29.081203126191035,36.0,2
113735,3.873488880460096,1.0,128.35012764741953,1.1820405678953774,0.9362622300425101,0.050636785623080244,0.18677221769714705,0.0,0.10533879505897356,0.5259137815807644,26.806523379234157,22.0,2
25093,2.81870192439919,1.0,122.4060546007093,1.0632807525460788,0.6466911138682083,0.025435779189136993,0.3289923790540922,0.10367860948018143,0.11277808358501228,0.10363586022119907,27.274140414049796,26.0,2
133934,3.3619271977508447,1.0,121.3172159020865,0.9641501397610845,1.5874046880354733,0.038287787309064854,0.10918885741547443,0.0,0.06637245044186935,0.36381610868103414,28.318490004076175,47.0,3
116305,5.270402895934253,1.0,121.0575202721362,1.0853850452792237,0.9424924981597133,0.09677083598355257,0.1434542782503005,0.0,0.1173334149753333,0.5187756442984244,26.31326157378415,16.0,1
82409,4.824000686513771,1.0,115.88756055820859,0.9825170437964712,0.7745995549638897,0.04730387785758131,0.17553296004468336,0.0,0.09227673809299898,0.6754565700006173,23.86814577631502,1.0,1
69275,1.5954046671017168,1.0,62.033494880615365,1.4630425573980839,0.6901723993940194,0.030629476337651843,0.2665568873392643,0.13799351352922265,0.10718886451071041,0.7436443582672503,28.56758281696709,38.0,2
84796,0.872923795046736,0.0,119.32927069256073,1.7454404380504511,0.9197336231387233,0.04146691814450317,0.011208669585202388,0.1483852528753606,0.10604378231919075,0.1133700089043509,25.297266741827485,36.0,2
15257,3.873488880460096,0.0,134.60120285361577,1.586940561014816,1.0036232661278224,0.04661596813141037,0.28096359619784445,0.0,0.09999929605428569,0.5187756442984244,22.75474900100292,5.0,1
43176,1.5954046671017168,1.0,101.10089299444546,1.6388100440527043,1.0229297889556126,0.026878179491613818,0.0978759997682047,0.0,0.049643248551615726,0.44142678332063784,26.64441574128115,54.0,3
57316,0.872923795046736,1.0,114.38974219432252,0.9693795334875999,0.7977581590258924,0.028665038788637076,0.1458565046907266,8.187438122427526e-05,0.07610775407689287,0.15593612213162947,28.555539851155388,1.0,1
75384,0.872923795046736,1.0,104.77039462038383,1.7708819284359916,0.9929661400695023,0.04432936460452302,0.12069608348726522,0.08448632097646082,0.06596861017267418,0.12889791880300963,25.97523506196044,16.0,1
97092,0.872923795046736,1.0,81.79511098067378,1.7781902494919293,0.43254475308730655,0.09200993864114734,0.08757148586722448,0.05330022584439068,0.090631273449164,0.1075322378998024,26.70211612556063,1.0,1
75711,0.872923795046736,1.0,74.33402254945472,0.3695477264804424,1.8190668370535943,0.032756846992377936,0.33548893733695057,0.14602604955034296,0.1457095783388972,0.00399793783833783,19.546104478415458,22.0,2
41196,0.0,1.0,92.33390947177358,1.433764130961678,0.9383370423726153,0.06275212031393411,0.354058506913551,5.7987150789276945e-05,0.10807879371529658,0.7118061729084739,22.611450456064876,23.0,2
149264,4.824000686513771,0.0,106.6967746156896,1.6668659552267933,0.8468851234775537,0.07600145917456508,0.14941484002339908,0.0,0.06990544778366203,0.5178827095260955,28.554661582519465,36.0,2
51636,2.234779091684268,0.0,166.32639826450813,1.0550536357269065,0.7726819849845797,0.024201689325126154,0.26910665711550336,0.0,0.06622128016933822,0.5303703138952661,24.589804680957858,52.0,3
64112,5.270402895934253,1.0,134.7968106333334,1.035987948999315,1.3513725909920593,0.05276348676969412,0.028706613028225754,0.0,0.06874779249788905,0.5071558543350404,27.063866641878697,60.0,3
27256,4.824000686513771,1.0,51.416365518351164,2.211916140691261,0.729098628509576,0.10831097267156785,0.1862740142590032,0.0,0.05918251295515509,0.7118061729084739,23.49486364640508,30.0,2
48609,3.3619271977508447,0.0,101.40392088629967,1.2529544013102096,1.3101611541437503,0.09984812356667594,0.09570049597102921,0.0,0.12567774876200102,0.6187477473978619,21.095287634967548,34.0,2
48136,3.873488880460096,1.0,101.51360597221525,1.1445618616011808,0.7141723179935984,0.10390712915025974,0.22060518339361856,0.0009961907158109078,0.08030591854684666,0.44504994222165256,21.536025123916698,60.0,3
104202,3.3619271977508447,0.0,113.39306527744465,1.1021217240069057,1.6674107491010164,0.10348094851633399,0.15694397548208475,0.0,0.09570786137811908,0.7436443582672503,33.317917080039365,24.0,2
82809,0.872923795046736,0.0,138.85035397152552,1.8002204158456978,1.2271707574696977,0.04257727432062326,0.02409600998560086,0.007761030056575878,0.0642263303982092,0.351838884233596,25.968543131695775,36.0,2
56770,0.0,0.0,131.1789574661411,0.6610483277676394,0.6737416234012596,0.03802728989697946,0.33433519342319357,0.0,0.08858182813778119,0.48024360588362286,29.548755564059856,57.0,3
119024,5.701060861471607,0.0,123.23447398026097,0.7390256179332092,1.6701104704372907,0.03919224834750007,8.1690025038522e-05,0.1478679710128337,0.08384328428839721,0.5044707688151407,21.34133651930926,8.0,1
59863,0.872923795046736,0.0,121.70406580698591,0.7073417138831405,0.8270912295607865,0.032054095044992494,0.07842206986670712,0.0009961907158109078,0.07434469244013149,0.1942716743024051,27.320330106270536,24.0,2
51653,4.359420279727952,1.0,120.23207467539407,1.1189948897666122,1.5481140364786548,0.09495055493920068,0.2089208133144031,0.014176275640349664,0.09195206939260495,0.14147261013649215,25.523168233583725,22.0,2
9415,0.0,1.0,95.6974393914712,2.0491546563964507,1.3125689770901088,0.043549501022233275,0.04056280044645897,0.03838153689926329,0.05732925280795218,0.8735637266114633,26.110829072129533,2.0,1
117965,1.5954046671017168,1.0,181.77838679282516,0.5506329600414857,1.2155178905375075,0.032054095044992494,0.013712425199831665,0.12913183983277274,0.0692325431781873,0.43417279113429047,25.27232452060645,42.0,3
98245,0.872923795046736,0.0,123.04649797426828,1.0523187556135853,0.524256092697968,0.11708674441049728,0.3179583999527761,0.0,0.090631273449164,0.34168132433451065,20.18522427795987,9.0,1
52565,0.872923795046736,1.0,89.4901008797225,1.684540299697343,0.9321184334126422,0.09998279941324975,0.10359265120566807,0.0,0.07298954199416931,0.41417103144871215,28.430640355194125,32.0,2
121536,0.0,1.0,122.75683283648512,1.2649927397327414,0.5459877684173237,0.08684389572442322,0.2552398388978087,0.0,0.09417957066797655,0.24833490189782328,22.49409866371902,2.0,1
37679,6.117892928831929,0.0,188.60187323515376,1.563060875323366,1.0906530470009785,0.04379041442699696,0.025948304091180735,0.14734240458790893,0.1344540309462206,0.5976652639695638,26.368804696859467,11.0,1
65269,6.117892928831929,1.0,94.33719705627512,0.6120164099140819,0.04228299070706411,0.0431865287142909,0.37470221175114343,0.14846866504801617,0.06874779249788905,0.15497339791921644,24.351652896634754,37.0,2
51037,1.5954046671017168,1.0,73.86425318522527,0.9459621033695175,0.5476720855465492,0.04257727432062326,0.3562773553028658,0.14808467352381494,0.07824336696718033,0.2943053803806194,26.534431399931584,7.0,1
29418,3.873488880460096,1.0,111.85963886479408,2.1705285737127054,1.0664045786492466,0.10315298150069982,0.07663385629102275,0.0,0.14102071554914306,0.43054194018397496,23.543959268825557,59.0,3
152117,5.701060861471607,0.0,116.56886703914466,1.6179475077937715,1.1353577070957022,0.04843439090520536,0.21678920175813712,0.0,0.07866163055322024,0.6108510766913567,24.423444745435813,19.0,1
48324,0.872923795046736,1.0,133.96896052447715,0.8043990271576443,1.582138574210083,0.09563039090246964,0.016862764501986243,9.906249265105603e-05,0.09386772939038489,0.38768360549391373,29.807454349739018,24.0,2
17255,4.359420279727952,0.0,95.3497346143566,1.1246497122921346,0.9300494478737024,0.0916158468366306,0.06695646051523181,0.0,0.09718602680360759,0.5401617621376549,33.28844937669399,33.0,2
132506,5.270402895934253,1.0,128.749019376652,1.4467356640090427,1.6032536372686526,0.03482762600454365,0.079196038339907,0.0,0.09999929605428569,0.6979852345359636,28.388210030311054,35.0,2
25086,3.873488880460096,1.0,150.41847707530874,1.5059237685634277,1.2766659695073987,0.09546239530113286,0.1252878557882259,0.0,0.12757809509702486,0.5588056688922406,27.160314836944917,19.0,1
157132,2.81870192439919,0.0,137.46607420800953,0.22058914726502396,0.11118138596953937,0.036177528458350545,0.3633733741456922,0.14823212672171301,0.06318149722485808,0.06643615928723712,20.563195873270175,25.0,2
141414,5.270402895934253,0.0,83.5644365267632,1.1218203956730715,0.339287251038444,0.08307477277729898,0.11262682189264288,0.14822373451728077,0.07989911657905567,0.40779027040891674,29.180464080851973,24.0,2
21049,0.0,0.0,58.76628164942564,1.0090676336197404,0.288182827141673,0.04597896911406768,0.35178875490316674,0.14830613545063218,0.07160547706998972,0.07331410814078207,18.644551722074524,28.0,2
153162,4.824000686513771,1.0,93.53450407414805,1.2619772416422685,1.160285808401269,0.08612600426799331,0.029072574942294135,0.0,0.13691023836234864,0.3426056156966485,27.02584705979617,37.0,2
31418,5.270402895934253,1.0,109.82242589793339,2.0412105181439637,0.42167935448205973,0.10188625402023829,0.3168422941571802,0.0049539737889952385,0.05252757205640789,0.6806632116178793,24.451619605587677,18.0,1
104999,4.359420279727952,1.0,144.45735683176184,0.8235748656635028,0.6975233845593646,0.05117544300866493,0.21593067514693054,0.002965912600349943,0.06727271957900667,0.43689424042349,21.078035414901066,51.0,3
5089,0.0,0.0,112.20981158437317,1.1588997572047788,1.1923635900503382,0.09389050618719966,0.03505015914588083,0.0,0.0909648244230264,0.3821859095722139,25.800190100338376,78.0,4
158988,0.872923795046736,1.0,91.18411850727645,1.0468602170294494,0.8211903186456566,0.09334166241755217,0.18973683608982944,0.12676058324946168,0.1252275809854624,0.4595172001147029,22.291111754882255,24.0,2
92338,5.701060861471607,0.0,131.36018669260957,1.8298402910541283,0.30075169770155136,0.04312584573380803,0.06663359494155453,0.00034155360679932853,0.06381019169621231,0.5472717260619129,20.791683736404142,10.0,1
45699,1.5954046671017168,0.0,105.73680780299314,1.8559896484373444,0.4720565104604989,0.11218955999206842,0.2603309480928278,0.0,0.06354889222848928,0.2530467117592156,24.174072705175995,20.0,1
72209,3.873488880460096,0.0,168.3441205884423,0.7807417810472599,1.6351796831827423,0.06697413709052649,0.0,0.09308301972254798,0.14589018025127526,0.2793444188864179,29.452064866453398,24.0,2
18019,0.872923795046736,1.0,101.50316050322195,1.9588977384166186,0.9300494478737024,0.10682075272588769,0.007181978800282072,0.0,0.07523239892816581,0.31201016143727445,29.18924039438735,9.0,1
148005,0.0,1.0,108.48887365827254,1.357305564867754,0.14912856914224387,0.04954523409962817,0.35813985800982173,0.08676659780150073,0.08497450704940865,0.7676263476484754,28.751060191407586,19.0,1
75311,0.0,0.0,101.16882430741413,1.440241690388494,0.7272262776524988,0.10176588683583664,0.2606647456595814,0.0,0.08927426336727629,0.34999362956189706,28.629248672536207,5.0,1
50544,4.824000686513771,1.0,74.94518305776897,2.0690952261837947,0.5359198474324859,0.11429986153250965,0.2995792592214203,0.0,0.09600744425199255,0.816157487791309,27.085594377355662,4.0,1
7566,6.117892928831929,0.0,108.29743618730109,1.4728761491942823,0.8270912295607865,0.08889717616409516,0.22144278435145062,0.0,0.09259922813974525,0.406878074585287,23.71333111044873,38.0,2
8813,2.81870192439919,0.0,181.61982670707988,0.6984104567706283,1.3416224885557462,0.03482762600454365,0.0,0.14779779239226265,0.11617843095528736,0.4159926286676566,30.651661920730085,33.0,2
137494,4.359420279727952,1.0,129.34450313300474,1.4048176378816764,1.5041555271287885,0.043609809300476046,0.10429869371523375,0.00034255099378855053,0.1192013035939258,0.7991725622072491,23.92210008162905,9.0,1
27933,0.0,1.0,92.08505054910368,0.44909275400574167,0.7631224941741739,0.03550559855419764,0.26910665711550336,0.11145892708385836,0.08150955334797905,0.379434781026071,28.436931971654715,39.0,2
16483,4.359420279727952,1.0,125.19815733306274,0.6309968373439115,1.5533254571377446,0.0461533086282955,0.14284992485469716,0.0,0.07610775407689287,0.47484463488452405,26.765632961948278,65.0,4
99532,5.701060861471607,0.0,124.06717202422699,0.7620643196394106,0.7347269443802338,0.06366010318565381,0.07135967865258865,0.13903471949599652,0.09417957066797655,0.27840777189583293,25.52384538521797,22.0,2
92521,6.117892928831929,0.0,108.40092190309356,1.408017586653165,1.0100410881731547,0.08386550447689363,0.2343516206207626,0.0,0.09195206939260495,0.6362565578510048,30.52562147308252,29.0,2
25877,3.3619271977508447,0.0,139.64404692438455,0.5506329600414857,1.4684079384441668,0.05776762020712451,0.06816401280319169,0.12711712559518024,0.07989911657905567,0.7135315184130544,31.077189368795338,45.0,3
41685,5.270402895934253,0.0,105.06668835959843,0.9798822134503042,0.7460343185053053,0.10747283603763581,0.1827532997044595,0.0,0.07989911657905567,0.15882300898583238,25.397412895496192,39.0,2
37264,3.873488880460096,0.0,120.44106019054371,1.0441365530273317,1.32222071931342,0.0461533086282955,0.014670307255570792,0.08713778001551319,0.10363955969640551,0.4495753109342876,22.514742316865387,58.0,3
32586,1.5954046671017168,1.0,91.9685304284963,1.5159190404539722,0.8055384298711078,0.09984812356667594,0.3562773553028658,0.0,0.08422295110813957,0.6832647885223685,19.35704211642894,40.0,2
82321,0.872923795046736,0.0,60.4114554979069,1.6388100440527043,0.8035905104059599,0.09512248854355311,0.027789847142669463,0.0,0.1005400101632899,0.5437179067418695,28.974878301987765,55.0,3
143259,2.234779091684268,1.0,184.29827803654754,0.7367404825678648,0.3850791304369432,0.029032445208904446,0.32756561202397355,0.001392542379648135,0.07739805058592603,0.2028513616900528,26.51226533496048,7.0,1
68568,4.359420279727952,1.0,118.4816842500388,0.16781750528054573,0.07231902839623072,0.03880600336970576,0.3741885115496235,0.14858359650791927,0.06995325756968657,0.03573606867387859,20.558025992722428,20.0,1
44548,2.234779091684268,1.0,153.1302687305091,0.633122062221687,0.189997298660205,0.03462304693822591,0.3649594956866977,1.139950353520977e-05,0.08534643612555834,0.17610414704469207,26.587025401769182,11.0,1
101957,4.824000686513771,0.0,32.610290413004456,1.433764130961678,0.339287251038444,0.05223874875548161,0.29673090014924597,0.1293431579863078,0.09718602680360759,0.4730437411412784,26.371453930660838,9.0,1
53412,0.0,1.0,119.03832938600868,1.0441365530273317,1.752093072887597,0.044030477221089236,0.027330464731949347,0.0,0.10763668424531088,0.5561461496395317,25.97122004434836,46.0,3
40860,1.5954046671017168,1.0,131.0782590697263,0.34103710916357344,1.486230640455675,0.050636785623080244,0.06574385880311132,0.12381015704961333,0.13178108471221095,0.4123487785843696,26.27915388973024,6.0,1
5707,0.0,1.0,137.04089538153784,0.7807417810472599,1.5663907762113518,0.08029540932132537,0.026870414285047127,0.1226869371427914,0.059955501299521215,0.47484463488452405,23.679151748143973,78.0,4
90879,1.5954046671017168,1.0,79.21469166441548,0.5486362213143707,0.0726508877644811,0.03880600336970576,0.36011768658612775,0.0,0.09029545927515505,0.17610414704469207,25.459325787329004,19.0,1
10766,4.359420279727952,0.0,114.41027913348013,1.1274828423974343,0.8016444925314857,0.08086954562732294,0.19744118313193104,0.0010458008677358462,0.07434469244013149,0.3481476766638229,28.813080865163208,51.0,3
3302,0.0,1.0,123.88445335218479,0.7505023214854164,0.6042741472907891,0.029178943760520885,0.08455490089482158,0.0,0.11549563035956101,0.3054950288257411,28.372586783043882,65.0,4
73818,5.701060861471607,0.0,82.12357081615431,1.071541642188199,1.0078998505255499,0.1059512892555724,0.08073762434352733,0.0,0.1254539880533494,0.4658339547302879,30.19282744706868,26.0,2
9393,5.270402895934253,1.0,162.4951939466356,0.8163577776207587,0.4294315494495209,0.06450986144918483,0.27067931385650346,0.0009961907158109078,0.11122066945651018,0.388599298650405,26.67176500661052,61.0,4
27602,0.0,1.0,29.473041074817573,1.5461302380608775,0.4356650081024779,0.05728648091811103,0.339250157636579,0.1367148843160287,0.07523239892816581,0.37300954001041753,24.153131200443678,9.0,1
110764,4.359420279727952,1.0,157.53338222916307,0.4920930517323875,1.54291101289386,0.040085503505564654,0.0799678872523985,0.03672814674600689,0.14424667844049538,0.6196244736187164,28.415033041588455,31.0,2
60472,5.701060861471607,1.0,95.99232023601107,1.4273029632982537,1.2742887424067721,0.03233595433488032,0.008705083063650339,0.00011994500725293128,0.07782218133052284,0.3628958211781966,26.370261797843213,27.0,2
9069,4.359420279727952,0.0,86.18443056176088,1.814995089313839,0.20145259986694777,0.03880600336970576,0.3651023417513228,0.14864509091371522,0.07824336696718033,0.3757642353460366,28.555037985622924,46.0,3
159450,5.701060861471607,0.0,95.744839694564,1.4630425573980839,0.903329043187519,0.044982288551343556,0.17183062586123532,0.14691313198618178,0.07610775407689287,0.2530467117592156,31.2385215258987,33.0,2
84253,4.824000686513771,0.0,85.13567237543936,0.9904435638128387,0.6737416234012596,0.11204863260618833,0.25763548768408095,0.0,0.07207008747600625,0.6090947568251034,24.502613229499193,25.0,2
124114,5.270402895934253,1.0,93.91484910825719,1.874800880341669,0.2937520101620978,0.10980454318077999,0.08757148586722448,0.0009961907158109078,0.07610775407689287,0.3324287028011156,28.60168573645365,15.0,1
22929,2.234779091684268,0.0,66.56499605282652,0.7574292631964193,0.3436461415696114,0.026576577269376928,0.37302130041070103,0.14744927028821977,0.07434469244013149,0.22091007236670035,33.31690125116845,2.0,1
81783,0.872923795046736,1.0,154.9851013643608,0.8576718908979484,0.5578160303508729,0.032054095044992494,0.30825889883223306,0.07205360064678425,0.11296729991626979,0.24173022192994606,26.527044111369683,39.0,2
80824,3.3619271977508447,1.0,68.66240190551366,0.9305140056689871,0.8409268716865445,0.024511895173556893,0.25034175762720245,0.0,0.08268848505094586,0.5276968367130614,19.44839339355461,25.0,2
90838,1.5954046671017168,1.0,110.45737340299085,1.7346023120600809,1.1376138905461024,0.04899224740895944,0.04649739313307388,0.0,0.0994514137349725,0.7906625533781805,24.39971617747249,51.0,3
29736,4.359420279727952,0.0,78.70584566771642,1.2710355796097998,0.1252189380955101,0.05223874875548161,0.3743172265866471,0.14836968489759983,0.08030591854684666,0.4495753109342876,20.22579937837455,2.0,1
55861,5.270402895934253,0.0,93.23852752628665,1.7023222984191564,0.5731544633651487,0.07534654601913696,0.09642761173667264,0.003813416178562971,0.09355379050258464,0.4278171081723786,24.61243741736221,14.0,1
111861,3.873488880460096,0.0,126.83878421872215,0.6120164099140819,0.5903701182783821,0.03296644366899756,0.25454890318941586,0.0003166164560518168,0.06627170617944157,0.14726385588242943,28.519641265166527,12.0,1
17828,4.359420279727952,0.0,77.35566874562626,1.3920585419964056,0.7049042238456557,0.09998279941324975,0.2201849767037353,0.0,0.10413295990069908,0.6893306308342276,20.328105316823738,4.0,1
89061,0.872923795046736,1.0,119.66092205745794,1.9434457150353295,0.9760166024735442,0.06006617278970318,0.014574645987254498,0.00017688037603958313,0.09917475099732172,0.3444536710269561,27.544956537156974,1.0,1
42862,6.117892928831929,1.0,164.42701990194303,0.9025300258404296,1.7081300168957543,0.04257727432062326,0.0009985074216367666,0.036000550337622,0.0909648244230264,0.4223630722672164,24.72262282448176,33.0,2
2961,2.81870192439919,0.0,140.6315168899711,0.8139590618663869,1.716331415385084,0.04954523409962817,0.1614580741411667,0.1226869371427914,0.0994514137349725,0.31479963689727203,26.683198704799835,70.0,4
129643,2.234779091684268,0.0,118.02178687566787,0.6939649337958178,0.593835151024814,0.03677714815628141,0.3526053216051421,0.14873649112615123,0.07567160824092482,0.14050664092053686,28.554536114065122,16.0,1
140040,0.872923795046736,1.0,81.40178887095205,1.382531875836705,1.1173801565958892,0.10974151508476628,0.13547693088861773,0.0,0.12816865300364028,0.5223458982041329,27.50996523923136,9.0,1
47077,3.3619271977508447,0.0,117.57697556485897,1.5393873568146128,1.079601259342487,0.07664561864626834,0.12915797286804528,0.0,0.05884883476647055,0.5685462219497042,22.509435165567268,78.0,4
16700,4.824000686513771,1.0,135.07761226688984,1.2892590495900826,1.6245038255176485,0.07759212050764247,0.06816401280319169,0.0,0.09630503739313614,0.6038225012683465,26.849072472986972,59.0,3
145152,6.117892928831929,1.0,73.08218157504926,1.4208581649724286,0.8628581206184712,0.06065990766824566,0.3259133551174609,0.0,0.10533879505897356,0.8195489005836394,20.163011732550373,39.0,2
124201,1.5954046671017168,0.0,123.07698336055607,2.2453641406313443,0.8330093229215549,0.11678140967527527,0.12135717411903511,0.0,0.08608269509259017,0.6510968640924567,26.112429291165792,37.0,2
3746,3.3619271977508447,0.0,32.7880821684878,0.5932984666691752,0.5028288081559448,0.09596252188748704,0.2818379910590027,0.146097022132915,0.1261174700059207,0.6988499935977971,27.545085125723602,44.0,3
35556,0.872923795046736,1.0,173.361291279921,1.1762322066763853,1.079601259342487,0.03684347528477961,0.23590238986591258,0.0,0.09510266620308695,0.6745883431787558,23.500019790409382,73.0,4
151239,0.872923795046736,1.0,180.82191952722096,0.8043990271576443,1.4431238001219762,0.08115311709967152,0.11056948609566525,0.0,0.10212019116983716,0.35460545987661984,33.315433905139784,31.0,2
13223,3.3619271977508447,1.0,138.01602618170648,1.4532460742582065,0.6466911138682083,0.030629476337651843,0.21113880216734304,0.08251428425476516,0.09029545927515505,0.45590417500931824,26.619021685529656,31.0,2
81286,0.872923795046736,1.0,108.18358556972863,1.8039074821054202,1.5403126485640692,0.07790245322973517,0.03370161168670907,0.024744122535410217,0.06956982969641935,0.5401617621376549,27.546242404409718,8.0,1
157035,5.270402895934253,1.0,32.616423411681204,1.3730416877687452,0.5973074966131857,0.041342447356368994,0.2579748766335213,0.1391384425981652,0.08190524688566762,0.5285881430572061,27.285142791372994,9.0,1
27721,5.270402895934253,1.0,113.3982059918016,1.4208581649724286,1.4105646242891337,0.10961413721893093,0.12915797286804528,0.006797555121862707,0.13733479914282626,0.7048997520634385,21.72078314723065,1.0,1
20856,3.3619271977508447,0.0,98.44118394075615,0.6807085260360416,1.3513725909920593,0.04438898378389238,0.010918535669476747,0.0,0.07019179955184995,0.2624558909370821,30.162503765029427,25.0,2
14042,0.872923795046736,1.0,69.8261360679456,1.249954663221884,0.971798776571637,0.03345331143459896,0.0,0.0,0.07523239892816581,0.4694400923118106,27.286566407548573,41.0,3
102973,0.0,1.0,128.27941947007128,0.9957462955575801,0.9908405959351675,0.024511895173556893,0.03808537890297543,5.029903345437741e-06,0.050141225274753974,0.20665925415005007,28.565325025073086,35.0,2
82740,0.0,1.0,107.26179857256012,0.9126556457501946,1.4130567522589161,0.03550559855419764,0.0024112753206475615,0.0,0.13997635496695057,0.4423328122524797,19.368782369380938,34.0,2
72570,2.81870192439919,0.0,108.66991872112264,1.7708819284359916,0.4592922305015822,0.1136042213312547,0.08636878821986949,0.0,0.09747580878089683,0.29897094882889713,26.625075650256104,23.0,2
146714,2.81870192439919,0.0,111.45262358311096,1.0660306262012467,0.9908405959351675,0.03880600336970576,0.19362507690967473,0.0,0.06474316603131854,0.35737047171995895,30.43575118988864,48.0,3
99564,4.359420279727952,0.0,123.17351328878979,1.1791344541649518,0.8035905104059599,0.06366010318565381,0.17289483365382932,0.0,0.0807099107755365,0.6152394809651552,31.119912520579536,56.0,3
157912,1.5954046671017168,1.0,135.76422144472738,0.6984104567706283,1.0250847906186369,0.04379041442699696,0.08073762434352733,0.0,0.08716837634649345,0.3361318741060772,29.24877279768697,14.0,1
8599,5.270402895934253,1.0,118.17000398257059,1.0171047814103484,0.6938441627854506,0.03455473157697528,0.20847417397657522,0.0,0.10741349334001439,0.16747215160921813,25.87339095828953,41.0,3
10168,4.824000686513771,1.0,109.11975845821813,1.0937363611747035,1.6701104704372907,0.11547411277309645,0.09277239074984024,0.14434714655798636,0.11874712021012017,0.3259413065890475,33.0500145808917,30.0,2
77516,3.3619271977508447,1.0,110.13738397887458,0.7597450800680996,1.103980770181698,0.03550559855419764,0.15921216697781893,0.004905852458809698,0.13769573141018507,0.3407568569568942,27.584414027473027,61.0,4
5960,2.234779091684268,1.0,64.74779712660681,0.7118274915660402,0.15887332376590999,0.09929914618218678,0.37036978544523835,0.0,0.10339044157515012,0.22659778538501857,29.73697534131722,60.0,3
104155,4.824000686513771,1.0,134.00911558251062,1.0251752790418884,0.7631224941741739,0.04071676728200563,0.28067097514130473,0.0,0.0626534392312979,0.7273162537818824,25.914027176553173,17.0,1
58932,0.0,1.0,149.09455846724921,1.3984299557000819,0.9176762744407007,0.03763479673457211,0.005809074305516669,0.1471027629212662,0.043500520273678026,0.10850576495669459,25.702458877974944,16.0,1
8982,5.270402895934253,1.0,125.00046756452976,0.7095829213622472,1.7465677416668217,0.10786191730577435,0.005946621798604477,0.0,0.08716837634649345,0.3064263084600735,26.351977837202384,43.0,3
146180,6.117892928831929,0.0,164.305157839436,1.3698863849283012,1.0078998505255499,0.06408679225719048,0.005946621798604477,0.0009961907158109078,0.08307607176161669,0.45771100209068194,25.92206881956772,56.0,3
97709,0.872923795046736,1.0,100.2590476000683,0.19651715059525185,0.019892139088640497,0.03338394614955701,0.3731517753340202,0.14884091051548612,0.07344443758622808,0.03573606867387859,18.71585772222806,54.0,3
5465,0.0,1.0,118.767713700107,0.9537351345706274,0.6060203886768876,0.029178943760520885,0.2716152839264458,0.1283729471921023,0.08307607176161669,0.40779027040891674,21.752479406288696,30.0,2
106144,0.0,0.0,101.2785457450162,0.7231008787618839,0.02755507589777812,0.038157654766122096,0.375466997075387,0.14873649112615123,0.07824336696718033,0.1751458780795015,25.021565536684633,49.0,3
6063,4.824000686513771,1.0,106.69158893280749,1.2113149601562354,0.7309728561567572,0.023812342699229164,0.009006913263486205,0.00047712833185984885,0.1046199903677044,0.18280617176269412,24.048661950543895,3.0,1
129721,3.3619271977508447,0.0,96.0344355070518,0.7482001681201292,0.5476720855465492,0.05531977924046881,0.20847417397657522,0.14613203178735013,0.07610775407689287,0.2699694764964411,26.42096132106747,16.0,1
40674,0.0,1.0,86.91107120906456,1.2439669833584739,1.1353577070957022,0.03041356110871576,0.1285171062526024,3.2199603903463422e-06,0.06894210541559317,0.31386999284176065,27.027019440092282,26.0,2
37502,4.824000686513771,0.0,74.67788792757588,1.6248846462339144,1.0078998505255499,0.11684861780528145,0.3145794733439592,1.21999431385685e-06,0.07389614600927014,0.4793441631124205,21.285820321630435,24.0,2
109168,3.873488880460096,0.0,90.75971139302543,1.9705341629668967,0.8628581206184712,0.11011320908121598,0.15637341109399755,0.0,0.08229821707572699,0.5641208390442669,25.939620521655595,17.0,1
120534,4.359420279727952,0.0,112.52380418314435,1.0881650388686348,0.9341893605956845,0.03657781073805104,0.1955420346167789,0.0,0.07523239892816581,0.5035754392914052,22.752992624948632,15.0,1
99032,3.3619271977508447,0.0,128.5369724223956,0.8924617548512922,1.2482734227611447,0.03345331143459896,0.04302042519222398,0.12367263895685356,0.12717284007352847,0.5747357907610485,28.29476101084383,60.0,3
101927,4.359420279727952,1.0,75.93136790299769,0.9000075885026969,0.5578160303508729,0.030844808525263702,0.027606174259840268,0.0711013647450537,0.08608269509259017,0.038014565068204276,20.15888474761145,5.0,1
147398,1.5954046671017168,1.0,107.6296128793014,1.0993228154521477,0.9802422468499067,0.10845647711077161,0.26396506912166884,0.0009961907158109078,0.0875253578926078,0.4150819119420289,28.091244262072237,3.0,1
134878,5.701060861471607,0.0,81.9620566283033,1.3888789288233903,0.668298156335253,0.07331527306353508,0.015816048561053418,0.0,0.1299964056903021,0.6936595288584673,21.102216670425115,1.0,1
32492,0.872923795046736,1.0,111.77207120515592,1.3604447167824396,0.7574094640680615,0.02302831783104488,0.32756561202397355,0.14802089407464414,0.07654086052747315,0.5596918883888553,24.322000518982613,36.0,2
137066,6.117892928831929,0.0,104.50518816947428,1.5125831187873215,1.1694107022410731,0.0769637268850384,0.03549838038667928,0.0,0.05419944900036305,0.7462184204087837,26.74399102811753,23.0,2
151091,5.270402895934253,0.0,145.097712237647,0.6036650358901219,0.3234369719304924,0.03550559855419764,0.3619075119375166,0.015065401060720823,0.0807099107755365,0.24361824637685142,29.871128681533698,32.0,2
41040,0.0,1.0,98.36249436814708,1.532661226759913,1.5403126485640692,0.06575768768239226,0.03234721238490471,0.010552014101597989,0.08150955334797905,0.3858517145013685,26.632707575645302,43.0,3
119660,1.5954046671017168,0.0,133.7279939475778,1.563060875323366,1.2648001779253042,0.05276348676969412,0.055018869509493924,0.0009961907158109078,0.04221948205808308,0.6423719350959114,22.266764853854912,28.0,2
121658,5.270402895934253,1.0,116.53814369988085,1.3168623695632067,1.2981526855390904,0.03880600336970576,0.02502350614647099,0.0009961907158109078,0.11020651288205074,0.5250220325545847,25.431504791779584,46.0,3
152884,6.117892928831929,0.0,101.09566723881599,1.1704392993079824,1.2271707574696977,0.10656644096509568,0.2780110728216572,0.0,0.0909648244230264,0.4495753109342876,22.061031313379136,50.0,3
56227,1.5954046671017168,1.0,131.53634745024704,0.9641501397610845,1.0229297889556126,0.026878179491613818,0.0013771589676830082,2.3597872412208065e-05,0.0875253578926078,0.5614638976786368,20.167772937948982,8.0,1
80870,0.872923795046736,0.0,149.87034115418214,1.0144220302914997,0.8330093229215549,0.07727921957627658,0.2988083318684791,0.0,0.0875253578926078,0.5463834888224122,25.137921645966408,7.0,1
149565,3.3619271977508447,0.0,105.51869619499448,1.8785764755549763,0.9781284470444853,0.08822904207283068,0.32381489060734037,0.001442001328991963,0.06354889222848928,0.7359155443024409,24.33501141066389,5.0,1
139572,2.234779091684268,0.0,138.87532275223035,0.6741252782109894,1.3562599631415344,0.11160832397974157,0.3273603516800775,0.0,0.07989911657905567,0.4999926128156961,23.628533606088855,40.0,2
154406,6.117892928831929,0.0,112.70905249055453,1.0414166221981487,0.6042741472907891,0.0814343853848159,0.22557525993315777,0.0,0.09355379050258464,0.2896351940766277,22.826974111431838,57.0,3
40490,3.873488880460096,0.0,40.411758898511906,1.6563128757565557,1.020776755417497,0.04090505509611655,0.12915797286804528,0.05880006045984814,0.0912961293942096,0.329649459445562,22.508403121715403,42.0,3
3946,4.824000686513771,1.0,174.08667735278078,1.2710355796097998,0.4032532494108121,0.03345331143459896,0.3277705115616283,0.1433389297064042,0.07654086052747315,0.5720839688793614,24.89478796525522,55.0,3
111083,1.5954046671017168,1.0,153.40106753425334,0.5566421438042738,1.6485721689567856,0.04954523409962817,0.06411915306100532,0.0,0.1031396955853106,0.49820029281298683,28.393374489912468,64.0,4
91167,5.270402895934253,0.0,94.19468485347724,1.4467356640090427,0.6413309722210081,0.05069086346719,0.03522952514767057,0.0027115438655092843,0.10339044157515012,0.7143940027013405,23.90851304925404,25.0,2
6085,5.270402895934253,1.0,115.13899976911476,0.894973455755926,0.4995592265814947,0.029907481693841425,0.3267423973145315,0.14846866504801617,0.1283610048523297,0.304563566592905,24.836615690361484,59.0,3
158835,4.359420279727952,1.0,162.81251165493128,0.4527680845221138,0.4185907878720423,0.03134499269087866,0.3509654956354509,0.14305838067368332,0.12578864764343925,0.35737047171995895,27.300929158430552,5.0,1
130572,0.0,1.0,107.5519206203876,1.4630425573980839,1.6218401523063755,0.06235797169475681,0.011788166338059581,0.1207440328336365,0.0878799146864748,0.46853879156411365,26.459306027187093,5.0,1
27934,4.824000686513771,0.0,111.47839033725985,1.928065764092387,0.8369642726908375,0.029032445208904446,0.28270721539288424,0.0,0.08644706391858864,0.8423928978324992,22.172325506509946,48.0,3
139156,0.0,1.0,149.1637600031418,0.7006382405716461,1.3981349919391537,0.042821623692057054,0.005081085964323547,2.3499789026816484e-06,0.04800450740497957,0.2426743316518963,28.548387698393654,39.0,2
68602,4.824000686513771,1.0,100.36367943440548,1.713043318578456,0.5765830106954144,0.07434357648268704,0.05535474064155551,2.079983472138345e-06,0.07697095147323091,0.3175874845356611,23.48182665410939,18.0,1
26575,1.5954046671017168,1.0,121.34267197350421,0.8874490702428841,0.2702700593198571,0.024589270636504634,0.36832732859560113,0.14869142354534587,0.07434469244013149,0.2596351508210209,29.06348013601044,20.0,1
20875,3.3619271977508447,1.0,172.54350068348086,1.4273029632982537,0.6610661750968433,0.03134499269087866,0.07803428836659301,0.13805093376783517,0.062334781593264214,0.14340389481984422,23.19275412105544,17.0,1
128195,5.270402895934253,1.0,65.63783883621034,2.005688063444212,0.7669406212233013,0.10315298150069982,0.30729544118504715,0.0,0.09861591438912895,0.6502249683384824,22.609833586241333,20.0,1
5460,5.270402895934253,1.0,103.30795921929261,1.068784255159413,1.1923635900503382,0.09692880978339921,0.02409600998560086,0.10741691635258989,0.13107761505746676,0.44142678332063784,23.72756269661974,53.0,3
69968,6.117892928831929,1.0,133.77317991505598,0.5932984666691752,0.18494878351229402,0.032054095044992494,0.3676359756782717,0.0,0.07567160824092482,0.18758708461990609,27.787391185357265,25.0,2
123798,1.5954046671017168,1.0,140.6763782369254,0.9228387905195625,1.1489248154734721,0.03134499269087866,0.18020234098276874,0.0,0.12215914027194473,0.5116279940761842,29.573751892632043,61.0,4
9267,4.824000686513771,1.0,88.66001539322886,1.2113149601562354,0.8568538604471809,0.03414355059055638,0.2048640371828363,0.0,0.10388706186522997,0.5835660242459407,25.49037950762617,57.0,3
13715,4.359420279727952,1.0,139.1149903422703,0.5486362213143707,1.8050118109561257,0.08867623283039489,0.005946621798604477,0.00681651852218226,0.14553125669123326,0.23889672081580507,25.663349670013183,31.0,2
128642,2.234779091684268,1.0,107.78497335744825,0.5288420113742089,0.05008272892881436,0.04245477455583468,0.3735420189563072,0.01743292570110359,0.07207008747600625,0.13373873230055272,20.52871357391867,8.0,1
1059,6.117892928831929,0.0,91.23184665210577,1.0224814030232345,1.1308513369073827,0.0711798012622476,0.2589888169513536,0.1418419312071492,0.12665284588910405,0.37851739929939954,23.553827300776472,46.0,3
128989,2.81870192439919,0.0,102.75031249513628,0.6288748773919356,1.1534632002710248,0.09389050618719966,0.1440571078191837,0.0009961907158109078,0.1252275809854624,0.5605779646133879,27.72714211752794,50.0,3
70024,2.81870192439919,0.0,93.31782008983397,1.9319040049871248,0.7900082832763979,0.11516156137698857,0.2743894066920769,0.01435463635491459,0.1268626611347868,0.5357133001241309,24.194299826234335,45.0,3
28947,0.872923795046736,1.0,46.05411721080806,1.0063959825440436,0.11118138596953937,0.044090360401503007,0.359057790365652,0.14857662675398156,0.07160547706998972,0.2671533079347595,19.68932342343273,1.0,1
3343,3.873488880460096,0.0,133.87358535066792,0.465727085769001,1.6138618224161947,0.06616661355998277,0.0009985074216367666,0.001984806558653298,0.12135199042106064,0.2662142053083389,30.330290805630163,72.0,4
150481,6.117892928831929,1.0,123.72708135870218,1.2231336726202555,0.4232262745791235,0.025435779189136993,0.13233770064580988,1.839870668114861e-05,0.10186112363500793,0.20951304419171235,21.85971493646884,15.0,1
158015,3.3619271977508447,0.0,167.2214337473669,0.5016553233969697,1.486230640455675,0.03482762600454365,0.015625372543004,0.045719184925385015,0.10627575941954966,0.7264556430606567,32.19246589442797,47.0,3
136538,6.117892928831929,0.0,111.01961454682352,1.5393873568146128,0.895173163886735,0.05531977924046881,0.06166502125087374,0.0009961907158109078,0.03144457250186175,0.5959048078477117,22.202694509726605,39.0,2
2583,4.359420279727952,1.0,124.94470082191677,0.9382217518481557,1.6032536372686526,0.032756846992377936,0.0,0.003939573289650818,0.0909648244230264,0.49820029281298683,24.980637394540818,56.0,3
68347,1.5954046671017168,1.0,75.10331423052445,1.563060875323366,1.8615556176242443,0.08386550447689363,1.1499802347089568e-05,0.14864509091371522,0.1282651059706081,0.039499838777231386,29.800021641689444,13.0,1
43575,1.5954046671017168,0.0,108.0748940007174,1.573269725078865,1.2648001779253042,0.02844379682282684,0.10500286109376333,0.0,0.07066635954166857,0.8195489005836394,26.943302572194405,41.0,3
46327,2.81870192439919,0.0,93.60847731439289,1.1675486338704655,0.4720565104604989,0.038157654766122096,0.3356800726978754,0.0,0.07567160824092482,0.762495346225589,25.444942873374355,42.0,3
9440,5.270402895934253,1.0,80.71147315868863,1.351039350458107,1.378354930922237,0.042085969832141766,0.0003807831575681679,0.008847732255926086,0.10937167434329613,0.5419401255638323,28.811210349477264,8.0,1
38846,5.701060861471607,0.0,147.76895231466358,1.5427567021324977,1.4105646242891337,0.04557037994341877,0.04822107664482468,0.0,0.06776790858233991,0.7804349562007139,27.9677336321243,52.0,3
36445,3.3619271977508447,1.0,155.33406289947376,1.573269725078865,0.7574094640680615,0.055668886914359894,0.33832185948404825,0.0009197540418835085,0.07739805058592603,0.5044707688151407,19.201033973267624,32.0,2
114212,2.234779091684268,1.0,119.69663050789765,0.9957462955575801,1.5663907762113518,0.07600145917456508,0.02824856281115648,6.37984450151958e-06,0.12215914027194473,0.6099729853020663,26.772975396863114,37.0,2
97263,4.824000686513771,1.0,77.97965790515677,0.1882012741463376,0.010583710666101432,0.04263844285355163,0.375466997075387,0.1489386207198616,0.07298954199416931,0.15401045902161728,28.088072193970707,6.0,1
34832,3.873488880460096,1.0,105.1758191003601,1.9588977384166186,0.9259172992484815,0.09407062608946572,0.28154710263093813,0.0,0.1176543571357466,0.48743361513789707,21.965399436873952,31.0,2
29075,3.3619271977508447,0.0,119.98734262953705,1.232038730877049,1.3005502950795864,0.03880600336970576,0.1285171062526024,0.0,0.08571582562284803,0.6858652061907988,21.66092844070878,23.0,2
9277,0.872923795046736,1.0,105.50311433021294,1.6739227970966106,0.8429110412156785,0.0973955388973874,0.11870244613380132,0.0,0.05732925280795218,0.6038225012683465,30.416049035139174,49.0,3
35852,4.824000686513771,1.0,128.1783981057902,0.9356488839762348,0.973906712521262,0.03482762600454365,0.16533566327191976,0.11081655243372752,0.12464975206108977,0.3082883206301165,24.071496745907215,39.0,2
116429,2.81870192439919,1.0,98.49888391864951,0.5667208372492745,1.7659439067404081,0.05581785744347516,0.0,0.015947865155063325,0.09889625578485943,0.4784445662216481,24.397621730787453,29.0,2
40013,6.117892928831929,0.0,75.64278527881133,1.2172165115891747,0.6574613049083465,0.05276348676969412,0.3252877160088613,0.018555850659359212,0.07948948280021469,0.6266333978237972,24.09389444606208,61.0,4
154353,4.359420279727952,1.0,40.55456179058115,1.437000860302872,0.5886403425809775,0.11603283490114359,0.2821283049873707,0.0,0.13833327278249974,0.49371684008158656,31.634168392826826,24.0,2
39766,4.359420279727952,1.0,115.68767041742429,1.1733338226503915,1.1969783179741296,0.053799353682425805,0.011788166338059581,0.0,0.08680895131871912,0.43417279113429047,25.07889848545245,47.0,3
72453,0.0,0.0,49.74411675751745,1.5192591302375724,1.1353577070957022,0.05895246626212586,0.25454890318941586,0.0,0.0678665245991464,0.7290371027083983,28.565701332187576,3.0,1
54748,5.270402895934253,0.0,148.6199094516256,0.5074297705021785,0.28679477094481415,0.032756846992377936,0.3638086632494495,0.14649712909335752,0.06874779249788905,0.1007111868006316,22.99814955792705,44.0,3
41366,6.117892928831929,1.0,129.66731313216383,0.1624789420630379,1.4709477900653012,0.10115040624203152,0.015625372543004,0.1480023296960682,0.10339044157515012,0.0328613191217961,29.023793499574044,7.0,1
58288,2.81870192439919,0.0,98.03189987950591,1.13316055416276,1.54291101289386,0.06534527571603274,0.08981251686689971,0.12089889537674375,0.07948948280021469,0.5579193060105864,26.71931780569755,30.0,2
30764,2.81870192439919,1.0,115.33389750232534,0.8043990271576443,1.1511930062111049,0.026198033914667747,0.09424038591331747,0.0,0.09889625578485943,0.5401617621376549,28.97897742585413,62.0,4
101200,4.824000686513771,0.0,97.42802253311241,1.1675486338704655,1.5221827970798172,0.02650100576761306,0.030986927302689288,1.709988829274203e-06,0.08268848505094586,0.5870941836445066,25.69666247799272,48.0,3
114757,3.3619271977508447,0.0,104.91595736439841,1.2260981136938247,0.8911068094754843,0.04937984661545867,0.10359265120566807,0.029439610453492332,0.07782218133052284,0.07517898042464641,28.562941668036437,1.0,1
29292,3.3619271977508447,0.0,128.83483368628717,1.7382106712178036,0.8749185103672998,0.03697595187732207,0.0195119247825884,0.00018387072976523542,0.057386064347741086,0.7014435082779047,26.504345828129868,1.0,1
45215,3.3619271977508447,0.0,107.41723502822546,0.5809646880805877,0.6112701122260614,0.024356933190339956,0.3465737819785577,0.1009793634590622,0.07344443758622808,0.07625825463492976,29.169583890397934,66.0,4
78747,0.872923795046736,0.0,108.28708683840928,1.433764130961678,1.319804715011444,0.029471148318205066,0.2903041499614681,0.0,0.10363955969640551,0.8085200343541193,28.312432828620462,42.0,3
80277,5.270402895934253,0.0,78.80873520175601,1.4273029632982537,0.9238541349219103,0.03880600336970576,0.008880373055813805,0.14614941886423052,0.09386772939038489,0.482042029581441,27.029624605671124,43.0,3
4360,2.81870192439919,0.0,125.36033095100579,1.2350149125555943,0.6773798878749421,0.10076992777346946,0.1440571078191837,0.05857343993541009,0.11220324037571663,0.4378010692265794,21.752479406288696,22.0,2
135016,2.234779091684268,0.0,100.37414176069623,1.5495079674127066,0.986595383828515,0.060112080397729396,0.07616550320942203,0.0,0.06791578006764001,0.37117222363207886,22.468276158948864,62.0,4
902,2.234779091684268,1.0,119.13021656900493,0.7948945864056484,1.288582650538607,0.05776762020712451,0.20622559862988302,0.10013504319183014,0.11979409945598393,0.6624195015311976,28.48899008318967,66.0,4
27008,4.359420279727952,1.0,87.49282726493236,0.9667630100669081,1.1196203641016944,0.032054095044992494,0.21157937986456504,0.14766186378149912,0.06370578415960063,0.21711427425888152,27.673341435491153,24.0,2
11103,0.872923795046736,0.0,127.56192046402947,0.7830919477975231,1.5795086777003646,0.041962598355487504,0.019417686065019802,0.007761030056575878,0.09999929605428569,0.6353823972414456,31.095893101562776,67.0,4
108215,5.270402895934253,1.0,125.09171455337992,1.437000860302872,1.8162515217920812,0.08058365006988354,0.009638884038886401,0.00015590707189095903,0.0694254831739047,0.4865354007105218,29.796487613950895,31.0,2
6947,5.270402895934253,0.0,137.62109252136776,1.4695941574011762,1.139872073704656,0.10698728321032973,0.007905355412165744,0.0,0.12982288277910556,0.43417279113429047,23.507752575284844,35.0,2
94865,4.824000686513771,1.0,111.88539219299754,0.9798822134503042,0.4063067360061781,0.054817363853910714,0.3379483210404142,0.14540940449185707,0.10604378231919075,0.07821984253433137,22.024697133036497,29.0,2
98740,0.872923795046736,1.0,78.56501841482718,1.1360051413715428,0.6288885490015691,0.028738652914220033,0.0672789670198246,0.001570506335697775,0.07344443758622808,0.09114288476932209,28.556919950303453,14.0,1
22204,0.872923795046736,0.0,92.82076095363563,0.6675719032394865,0.7104594698327914,0.06657208594270177,0.27316267531591903,0.14087680222309754,0.11828452903796835,0.5241301357294121,23.468211394164065,36.0,2
148099,1.5954046671017168,0.0,136.64055437015716,1.1502855016786524,0.7086058516452183,0.03697595187732207,0.3587527883203148,3.879424946931245e-05,0.07654086052747315,0.27465930423277096,28.321770604788476,49.0,3
44473,5.701060861471607,1.0,103.8859984331224,1.068784255159413,1.1062090211057984,0.03684347528477961,0.05248771370758104,0.0,0.10080771222471868,0.3647362240112409,27.844105016925347,55.0,3
611,4.359420279727952,1.0,74.46504551494083,0.30854930501698025,1.782635713319595,0.06931636345747896,0.0,0.03816745169302313,0.12901708090428082,0.39774701348203345,30.077704053694728,24.0,2
118047,1.5954046671017168,1.0,88.83570251643363,1.1675486338704655,0.6865080892331454,0.06697413709052649,0.28154710263093813,0.027870873975315843,0.1400731622732953,0.14822830413968097,28.923419197806002,20.0,1
106495,0.872923795046736,1.0,79.77172312711072,1.5528898930012174,0.630660508976416,0.0769637268850384,0.09570049597102921,0.017085202451708813,0.062441153283911706,0.26339575548611793,20.166344655091255,14.0,1
132,5.701060861471607,0.0,103.4746484558833,1.7238032976844435,0.8389446157210648,0.10739334615536911,0.2875370978366841,0.0,0.08190524688566762,0.5809184321198676,26.957006688178193,51.0,3
104164,0.0,1.0,90.86053367342538,1.3762010353347607,1.0014879181509468,0.09579709610988524,0.1410276701496655,0.0,0.12293774418845033,0.27840777189583293,22.391428336229378,43.0,3
94145,1.5954046671017168,0.0,95.14945885994271,1.0743027900555246,0.8349858419672646,0.040085503505564654,0.1862740142590032,0.0,0.1028873097127769,0.2952388627866774,26.194218449475727,44.0,3
40645,5.270402895934253,1.0,105.1758191003601,2.1787686595395814,1.0014879181509468,0.10224203121314437,0.20303395783663156,0.0009336549608029996,0.07479010183432175,0.7350561716768521,23.047666291801242,55.0,3
19876,0.0,1.0,132.0143279565768,0.9485494790226465,1.4658701681640962,0.036177528458350545,0.12069608348726522,0.0,0.10958238112235452,0.5641208390442669,30.240747047421777,31.0,2
812,4.824000686513771,1.0,151.41032001094885,1.1762322066763853,0.35387720145515056,0.04843439090520536,0.34862413654409774,0.14737848462801745,0.09323773806836998,0.6301346135010327,25.129710595718215,33.0,2
93200,2.81870192439919,0.0,105.8354562125101,1.3920585419964056,0.8488750374661344,0.10530426513964988,0.2016502871049115,0.0,0.1358373673407423,0.40870230130966556,22.616153634994774,44.0,3
11823,1.5954046671017168,1.0,99.79324649060517,1.5528898930012174,0.8688796649587435,0.11097780873747112,0.13672143769829853,0.002965912600349943,0.09747580878089683,0.3342806431153462,23.43034728383106,1.0,1
98680,1.5954046671017168,1.0,161.16637427227903,1.258965687733321,1.476033739652881,0.03684347528477961,0.16533566327191976,0.005864813330088342,0.10212019116983716,0.7513632447261314,23.26333865648975,45.0,3
32578,5.270402895934253,1.0,117.63834314436464,1.2680121847925503,0.8931390217637617,0.10115040624203152,0.20936643468293328,0.0,0.09689431395432624,0.4041404961216831,31.239819314375527,32.0,2
63132,6.117892928831929,0.0,101.30466739359684,2.1418351341507593,1.5533254571377446,0.04736087659945684,0.05652731267140999,0.14720606244196024,0.12901708090428082,0.8212439144493663,25.710949675926862,54.0,3
68722,3.873488880460096,1.0,100.72976831171079,1.5835165182702335,0.5783000164936618,0.10051148267888103,0.1529201254059554,0.0,0.10807879371529658,0.1770622063486073,25.157483989888323,2.0,1
107154,2.81870192439919,0.0,167.92141696717061,0.6120164099140819,1.6085535048877457,0.07434357648268704,0.008997181131293799,0.14832221679716667,0.13957420669876158,0.5985452841347247,31.941934254714845,18.0,1
135676,5.270402895934253,0.0,139.90846748483946,1.6388100440527043,1.103980770181698,0.037765861341979366,0.08142858848638866,0.0,0.07782218133052284,0.326868612631449,22.167857118673947,60.0,3
61089,2.81870192439919,0.0,179.84066591859062,1.5528898930012174,0.6792018079786396,0.038157654766122096,0.13672143769829853,0.003939573289650818,0.07479010183432175,0.7126689085118315,27.715747444067606,48.0,3
36308,0.0,0.0,135.44854338735715,0.511294898436353,1.3882284599771346,0.04899224740895944,0.18071497178150703,0.12735141084815144,0.08608269509259017,0.31479963689727203,28.128275933826718,47.0,3
48087,1.5954046671017168,1.0,61.17552756577212,1.6739227970966106,0.9094662464472685,0.05085281364486584,0.0024013471617247246,0.0024861049217741915,0.06742164623006794,0.4892295852117562,25.973495272755684,9.0,1
144983,4.359420279727952,1.0,142.86214238750802,1.962772026906056,1.0729939993093416,0.08058365006988354,0.0040058563701524915,4.0893610182257514e-05,0.06571503760599098,0.6134845293745955,27.28578989590784,23.0,2
147493,5.270402895934253,1.0,96.08181203554963,0.633122062221687,1.6782223903772442,0.05431056943270107,0.0,0.0,0.10979175009966557,0.5809184321198676,28.01746209798128,6.0,1
49668,2.234779091684268,1.0,131.8181344204062,0.37980950185913204,0.3134583851303576,0.032054095044992494,0.3177359858549214,0.025231074929758734,0.0682595902191365,0.25022020596358363,23.22539398939102,1.0,1
17705,1.5954046671017168,1.0,178.69008115386953,1.6563128757565557,0.9300494478737024,0.04379041442699696,0.19458579580402588,0.0,0.07866163055322024,0.4856370331868439,24.998772240392228,59.0,3
92208,5.270402895934253,0.0,77.33938119840379,0.7901631590571356,0.15034099223757447,0.10731328807663247,0.24711566424780276,0.14844628185416234,0.07113757653068406,0.24927765074655053,36.62570653919198,17.0,1
70290,5.701060861471607,1.0,92.40801915327988,1.313779393613908,0.9300494478737024,0.02627387989249491,0.3501354703980645,0.0003654887921313736,0.05589550698419186,0.7983220901795082,27.916288340293168,26.0,2
109707,6.117892928831929,1.0,189.22779912716337,0.755116866294833,1.4031006457171435,0.09101297716999975,0.1847723004118197,0.0,0.13215685807976912,0.39683299385755855,30.334022878911508,34.0,2
103467,0.0,0.0,30.180960157837138,1.3793644304245756,0.6359874431092684,0.04730387785758131,0.29594365698262864,0.14840837001970544,0.07948948280021469,0.6336336735553394,28.568335387177427,10.0,1
148926,2.234779091684268,0.0,112.02444552427687,1.6318388174675127,0.9844757146265559,0.04385050974019494,0.34288568786942675,0.0,0.07344443758622808,0.6117290310971855,27.92597110446022,22.0,2
135118,4.824000686513771,1.0,124.33610445081067,1.8002204158456978,0.7803636199698412,0.11232767362595948,0.2737772756346401,0.0,0.07610775407689287,0.4468605662115773,20.16666205711527,15.0,1
49790,5.270402895934253,0.0,145.66823034335758,0.11996830113552034,0.23397523815617677,0.03134499269087866,0.3656715061590113,0.14866510521289292,0.05306868496164823,0.06446889349782105,25.66726241074606,39.0,2
152142,4.359420279727952,0.0,61.00148372262,0.8552135014387723,1.2388742016849947,0.09370898039945591,0.05652731267140999,0.0,0.14104798312749992,0.5756194484892455,32.15917008094271,34.0,2
139809,5.270402895934253,1.0,81.66582939424671,0.4675905146382711,0.033935085134306674,0.029834923427193325,0.37367170776866765,0.1485905385235853,0.07523239892816581,0.18471915968581262,28.658796044728533,46.0,3
35470,0.872923795046736,0.0,103.34442577148505,1.7855160893099271,0.7309728561567572,0.09101297716999975,0.17395390653627266,0.0,0.11315533132292098,0.539272361790861,25.738565299475,50.0,3
122391,0.0,1.0,192.2433804912984,1.0632807525460788,1.4130567522589161,0.04843439090520536,0.11601985112802114,0.09956297695172535,0.0912961293942096,0.5330424673029763,30.06922718544024,29.0,2
71380,5.270402895934253,0.0,118.26709732012354,1.4112216109464688,1.1854566026281719,0.04146691814450317,0.026594062820079506,5.228955205273548e-05,0.1413650083557098,0.21236501541503539,26.50685384606671,33.0,2
2039,5.270402895934253,1.0,130.14123185601682,1.2409790360109807,0.5375933159347819,0.039448600807730404,0.2579748766335213,0.050845532228205655,0.1005400101632899,0.5463834888224122,27.387643273478062,68.0,4
42977,4.359420279727952,1.0,66.05445532348561,1.5528898930012174,1.420545549682991,0.05728648091811103,0.0019940376062208094,0.1456316005942099,0.104861145959801,0.20856198321458377,28.77128622195621,24.0,2
117334,5.270402895934253,1.0,101.73814645216065,1.0495876169697003,1.0685990710633249,0.0461533086282955,0.16089867049836257,0.0,0.0652563208801996,0.4919223952704212,29.253462698693575,43.0,3
58581,6.117892928831929,0.0,86.20046879766281,1.5360221992945484,0.8448971249366763,0.10604107796538681,0.1892456434457902,0.0,0.1228099104642298,0.5187756442984244,21.720481128899777,61.0,4
95630,0.0,1.0,144.53183763535066,1.1560244956058299,0.4185907878720423,0.025435779189136993,0.32037866166652296,0.06766234264150146,0.07253143383276514,0.23417030061314106,25.30966349786387,55.0,3
4495,2.81870192439919,0.0,132.4970881836256,1.3014873780326923,0.9508267515704789,0.03414355059055638,0.25763548768408095,0.009628717289747853,0.08961697180144913,0.6327591102779849,24.25659493899512,49.0,3
31946,1.5954046671017168,1.0,132.83889092941587,0.6246407414236833,1.7742801479019172,0.06816008079340606,0.08073762434352733,0.0009961907158109078,0.1220266290353647,0.31201016143727445,27.612280979450745,55.0,3
82850,0.0,1.0,115.27235594288862,1.8975213518964196,1.4380918973981762,0.0614711458158501,0.04476386769526602,0.11582139301496633,0.10080771222471868,0.7118061729084739,23.529366627798247,16.0,1
36933,0.0,1.0,60.87230891356068,0.6523964551813372,0.2001732032125568,0.03597658040809012,0.3752128331966564,0.1485126298438773,0.07523239892816581,0.5870941836445066,26.338325490039853,34.0,2
95128,4.824000686513771,1.0,131.79800964264402,0.7643869846402107,1.224836140286072,0.09785169032817521,0.03683917775901111,0.0,0.12065670517582489,0.3175874845356611,23.376204498301988,35.0,2
75803,4.359420279727952,1.0,120.86396973019771,0.8067838170617007,1.6032536372686526,0.10326311031119288,0.005435442496575099,0.0,0.11220324037571663,0.3240861578407269,26.628365455737622,23.0,2
46127,0.0,1.0,83.44091979693017,1.3604447167824396,0.8628581206184712,0.03550559855419764,0.15407694726749513,0.13506675940789,0.07610775407689287,0.6213775183157527,29.311057178002525,24.0,2
132890,3.873488880460096,0.0,97.30192863111321,1.0523187556135853,1.0036232661278224,0.038157654766122096,0.027789847142669463,0.00681651852218226,0.06474316603131854,0.6797957612726563,22.53802486824924,35.0,2
46483,0.0,1.0,144.32824373081365,1.2024918523025487,1.2838098666500841,0.026953409443536608,0.2569545847468735,0.02110588240330083,0.09029545927515505,0.7445025014285709,26.52361382316719,73.0,4
90760,4.359420279727952,1.0,112.51865777453007,1.0743027900555246,0.9217929097588613,0.026953409443536608,0.020734519519788434,0.0,0.06190776427503039,0.283089132646496,24.333053082696754,46.0,3
42794,0.0,0.0,147.90752799457076,1.3730416877687452,1.1466586274561965,0.041342447356368994,0.11262682189264288,0.009628717289747853,0.0909648244230264,0.5826836339638324,26.681227615365597,55.0,3
26270,1.5954046671017168,1.0,108.66991872112264,1.7202123044997546,1.3636064357556406,0.09141646816813875,0.1955420346167789,0.0,0.12644056977927082,0.7298973410881702,31.700674708751034,31.0,2
38728,1.5954046671017168,1.0,182.14828315936438,1.0278728688856018,0.8330093229215549,0.03414355059055638,0.23972090973170235,0.0,0.0652563208801996,0.2511625677425661,27.450075183907163,50.0,3
131449,0.0,0.0,118.21088677851894,1.3045544042799484,1.1831582989482943,0.09829752883170788,0.06141847379600026,0.00500207683142448,0.07207008747600625,0.5782695745186084,20.437776869392028,27.0,2
104733,1.5954046671017168,1.0,121.32739842237643,0.9485494790226465,1.5299401608787968,0.03482762600454365,0.011788166338059581,0.0,0.0807099107755365,0.5116279940761842,28.56933879305867,18.0,1
114910,0.872923795046736,1.0,118.3999434103792,1.1218203956730715,1.0100410881731547,0.058197109529434216,0.1744815277128284,0.0,0.07654086052747315,0.5241301357294121,31.25008233784538,49.0,3
156647,2.234779091684268,0.0,162.8222738690875,1.0495876169697003,0.5275795784089966,0.03880600336970576,0.34306426577321375,0.0,0.09889625578485943,0.36657593878089856,27.67962185543082,32.0,2
69186,4.824000686513771,0.0,126.8893723479971,1.4728761491942823,1.0906530470009785,0.041591168205692086,0.016006612438359116,0.0,0.07207008747600625,0.39591880754975406,22.317813399453506,45.0,3
100722,0.872923795046736,0.0,108.15253242927467,1.9978443082733723,0.9115158496685433,0.10682075272588769,0.1955420346167789,0.012377812595437692,0.07907699494507488,0.43689424042349,26.232522347605155,55.0,3
96892,4.359420279727952,1.0,123.3970147313309,1.3793644304245756,0.46247264093949164,0.029907481693841425,0.33757350581436935,1.839987066113461e-06,0.08229821707572699,0.18471915968581262,22.752699886730866,24.0,2
49753,0.0,0.0,108.91813901120787,1.9511627062983132,0.8992472401295339,0.09596252188748704,0.28443031496949606,2.0299842572767845e-06,0.1085152749541968,0.4990965284816648,22.32077892287046,22.0,2
83319,5.270402895934253,1.0,80.60353549769415,1.4176418973042995,1.448164004953569,0.0708133464056408,0.034780916180672264,0.0,0.07066635954166857,0.7547906905198852,25.30108156700373,42.0,3
125143,4.824000686513771,1.0,110.85975261754685,0.8625992772181287,1.6138618224161947,0.040085503505564654,0.13233770064580988,0.0,0.0912961293942096,0.8153093455915745,28.85159504300072,57.0,3
118369,5.701060861471607,0.0,121.3528541880704,0.9746235506992239,0.8369642726908375,0.06366010318565381,0.08832052273494422,0.0395858627494188,0.139073149602395,0.24361824637685142,24.743513554536662,47.0,3
118314,0.872923795046736,0.0,111.18975398917885,1.104924423867234,1.020776755417497,0.10549248652952234,0.18677221769714705,0.0,0.14262449560933027,0.7693357188635067,19.38833894664061,30.0,2
131177,3.3619271977508447,0.0,132.88412008329334,0.6763163713235399,0.8035905104059599,0.026198033914667747,0.10359265120566807,0.0,0.07824336696718033,0.32223029241841084,29.79051567344652,59.0,3
27658,3.873488880460096,1.0,93.65074399152648,0.19234754390842515,1.3636064357556406,0.044982288551343556,0.010821767172170031,0.14719334446336607,0.137288610866483,0.020943561945788593,15.705727184286754,49.0,3
42905,4.359420279727952,1.0,135.8443768993588,0.37466554269853625,1.3101611541437503,0.026198033914667747,0.0,0.11291192165026746,0.08229821707572699,0.5543724183688273,28.392996624376345,50.0,3
79569,3.3619271977508447,0.0,125.28431580947577,0.6309968373439115,1.4431238001219762,0.04713258060424403,0.2011869296779366,0.00021781855986248972,0.07654086052747315,0.19904021217904416,30.40078586631607,8.0,1
136662,1.5954046671017168,1.0,140.86078669097986,0.6895327855205698,0.6395479508797876,0.023890353676344383,0.1781395052452503,0.0,0.08030591854684666,0.3259413065890475,24.75609756627309,36.0,2
19375,0.0,1.0,99.99216576925488,1.826122368673923,0.8035905104059599,0.032616801606282324,0.2855678070131954,0.0,0.13804191994014633,0.37851739929939954,25.703806750799185,24.0,2
66553,5.701060861471607,0.0,133.86856533512366,1.1474217637968984,1.4836782886015223,0.08889717616409516,0.2652662918471982,0.0,0.09718602680360759,0.5178827095260955,22.618504977624532,19.0,1
19581,0.0,1.0,100.37937286542991,1.4305314995612604,1.4557398888377278,0.09039569818937865,0.1827532997044595,0.0,0.08858182813778119,0.8093691047507907,27.162911289378346,19.0,1
141625,4.824000686513771,1.0,82.32809051584256,0.6078342526447381,0.3701256670861469,0.059651224241981105,0.2552398388978087,0.14694093514392947,0.100270542490563,0.30921905351352663,20.75091683658672,53.0,3
109540,4.359420279727952,0.0,95.17581436840382,0.9126556457501946,0.48817207662737105,0.026953409443536608,0.2797896221963635,0.14439824776562665,0.06727271957900667,0.18854264528804643,26.15254634663893,27.0,2
145436,5.701060861471607,0.0,106.98711542967513,1.6739227970966106,1.3101611541437503,0.0814343853848159,0.08303424155368089,0.0,0.13567406462223022,0.8499891302300268,29.877332867921474,54.0,3
95585,1.5954046671017168,1.0,89.11244234216294,1.684540299697343,1.1489248154734721,0.11135185545816513,0.26494198701602334,0.0,0.07654086052747315,0.6213775183157527,27.9327222030456,23.0,2
87398,3.873488880460096,0.0,141.7126043724501,0.9356488839762348,0.8055384298711078,0.02770197444137078,0.24747716982900486,0.0,0.07389614600927014,0.490127341111776,23.70208407829105,21.0,2
20482,3.873488880460096,1.0,103.25065092085887,1.5562760176399235,1.224836140286072,0.027253648886448583,0.0504472738415165,4.389926376449114e-06,0.09540627374586548,0.5525981112890355,26.23584554556462,54.0,3
152693,5.270402895934253,1.0,32.8064667285266,1.2953652640842788,0.48009200488394477,0.0431865287142909,0.32919477649516676,0.14855554980531355,0.11296729991626979,0.4892295852117562,27.2974359902138,9.0,1
70206,0.872923795046736,0.0,86.51580110903788,1.1133552989984767,0.2937520101620978,0.09628957850027947,0.3089768159015057,0.0,0.10915962010817792,0.4784445662216481,25.41602466787549,31.0,2
78832,2.81870192439919,0.0,129.9143867626865,0.6502417239435571,0.09851535901360106,0.04257727432062326,0.37470221175114343,0.14821530793506596,0.08534643612555834,0.17226981097642582,24.8493056595817,8.0,1
80353,5.270402895934253,0.0,126.96019087852332,1.1588997572047788,0.6755598265644066,0.11382252188875658,0.21678920175813712,0.0,0.1005400101632899,0.5125219727084062,24.502613229499193,1.0,1
18773,4.359420279727952,1.0,133.90872470458154,1.3635879022326585,0.7688525187496839,0.04673112473458526,0.15921216697781893,0.0017876862474606491,0.12964737404116164,0.5703153792725135,20.95452910589023,32.0,2
101786,0.872923795046736,1.0,132.7986853853428,1.2923101708008011,1.3246387704294853,0.10501676070355577,0.051639214901532914,0.0,0.14540536116003155,0.5791526678427404,23.32485591151668,36.0,2
3266,1.5954046671017168,1.0,112.8839692516344,1.5596663441426157,1.314978844489941,0.09829752883170788,0.14941484002339908,0.0,0.08534643612555834,0.6047015544677911,23.001201050791106,23.0,2
47551,5.270402895934253,0.0,117.37749926525775,0.9667630100669081,0.3671558141896562,0.0814343853848159,0.3175131692008499,0.14648129928046102,0.08422295110813957,0.11822862398498821,28.225768788214317,2.0,1
137060,3.873488880460096,1.0,95.60262872761119,2.3003618671629127,0.9115158496685433,0.07468068007540363,0.018473777957743368,0.0,0.0652563208801996,0.551710741535826,24.04499574205879,33.0,2
52707,1.5954046671017168,1.0,93.33896314930047,2.093175597478864,1.3173907569336416,0.08933383591792979,0.054177532011139076,0.0009961907158109078,0.10437726552568219,0.49461383429655437,23.477814289156065,51.0,3
63762,4.824000686513771,1.0,121.47503122980957,0.5249208133713501,1.368514367277708,0.0461533086282955,0.131070708116066,0.14426958221684688,0.07907699494507488,0.35276125013630455,28.211349288747336,55.0,3
26095,6.117892928831929,0.0,130.5443723261941,1.0387004217770066,0.4387923199218749,0.03345331143459896,0.30849864803585886,0.0,0.11296729991626979,0.599425165844399,26.199407663449264,39.0,2
34640,2.81870192439919,1.0,146.23842834724948,0.8924617548512922,1.5847705774637866,0.03482762600454365,0.014670307255570792,0.10393911617342975,0.0929195560165614,0.639751861069095,30.923122320338482,60.0,3
33789,0.872923795046736,1.0,129.56644738242008,1.705891647744118,1.1923635900503382,0.07226092540897922,0.26363808924697757,0.0,0.0909648244230264,0.677192634794403,27.828401648233548,46.0,3
159041,2.234779091684268,0.0,124.28029513969739,1.2801294904916005,0.7612162633794276,0.04288257589490585,0.28096359619784445,0.0,0.05258787122195396,0.46853879156411365,28.54487391186294,18.0,1
73058,0.0,0.0,83.26902706890893,1.3698863849283012,0.7328489612337938,0.03331451855029561,0.35178875490316674,0.0,0.04958079604023858,0.8499891302300268,27.347604894777277,21.0,2
29720,3.3619271977508447,1.0,133.97398000100313,1.0441365530273317,0.20530068529837028,0.04899224740895944,0.37470221175114343,0.14884683898019796,0.0692325431781873,0.5950243716781197,26.682016063027778,31.0,2
102425,0.0,1.0,100.17533090236543,1.8785764755549763,0.2499554292750488,0.11820128837684679,0.2671982360325522,4.1293484594396734e-05,0.049643248551615726,0.49371684008158656,30.880926090448398,1.0,1
142190,3.3619271977508447,0.0,112.8119494006317,0.6851139901853912,1.2412209663588705,0.10224203121314437,0.13296876435285718,0.08005785534492274,0.14524613280819312,0.461322770147165,26.202334604221907,8.0,1
79749,4.359420279727952,0.0,124.85343846506915,1.1995585970342593,1.1762754558995927,0.04673112473458526,0.079196038339907,0.0,0.08534643612555834,0.3259413065890475,23.28452909897614,47.0,3
79129,3.873488880460096,0.0,76.80161741085749,1.3667351240154904,1.5874046880354733,0.10520912552351953,0.19314302867308558,0.0,0.07989911657905567,0.5321518963893909,22.044289693631374,8.0,1
13755,5.701060861471607,1.0,139.25476911356543,0.702869376209742,1.0973079588623809,0.03345331143459896,0.226390801977457,0.0,0.09195206939260495,0.5809184321198676,27.652698923351558,20.0,1
80355,6.117892928831929,0.0,126.31755810468192,0.9904435638128387,1.5377163817742514,0.10235887299442069,0.16201610323787796,0.010459998214787056,0.11443906789033216,0.5667764960218026,22.60395340349519,39.0,2
42260,3.3619271977508447,0.0,126.24162572642852,1.1849505506472449,1.5299401608787968,0.034280856815077226,0.022139438509497362,1.3299932422772305e-06,0.053844054016562753,0.5401617621376549,26.37503010929511,37.0,2
138616,3.873488880460096,1.0,145.0778623493868,1.5664596139965252,1.178567726183657,0.02650100576761306,0.006574682326799377,0.0004452410641153595,0.04146954998033472,0.8288657823573593,26.372646026839494,27.0,2
43058,0.0,1.0,116.17449609229736,1.4827469254218961,0.9908405959351675,0.10845647711077161,0.1580808751609178,0.0,0.09917475099732172,0.3610547290259492,28.71295390751105,59.0,3
58763,5.701060861471607,1.0,105.96004595078543,2.0650979323486176,0.8992472401295339,0.10212431892508796,0.1614580741411667,3.689947983501178e-06,0.08644706391858864,0.30363192158696917,27.297306607764448,37.0,2
31463,0.872923795046736,1.0,148.5358343878737,1.5059237685634277,0.858853361084863,0.04730387785758131,0.0822707938427152,0.14442361780710447,0.10673525114395638,0.6205010638904588,27.80221592653115,25.0,2
152344,4.359420279727952,0.0,139.37456348948862,1.0909488099104507,0.5392685908845773,0.1090184426822874,0.3145794733439592,0.0,0.12855115469138523,0.34168132433451065,23.19911121275896,16.0,1
12613,4.359420279727952,1.0,76.86139535008331,1.4794525303974508,0.5176307295664182,0.03550559855419764,0.25315830735000466,0.11761748361776994,0.05484699175740777,0.4775448150825342,28.37498104876267,38.0,2
126651,5.701060861471607,1.0,120.58884788129477,0.7854455645604872,0.736606806235421,0.05665475355660492,0.01970031939835326,0.0,0.05862557826422581,0.3453774353206826,28.328835632938894,2.0,1
3049,1.5954046671017168,0.0,75.61010568401046,1.580096699910016,0.6920073491138415,0.029616855379157963,0.20577278583815367,0.14654419920233344,0.06821057908675011,0.4150819119420289,25.296449228535046,38.0,2
154690,3.873488880460096,0.0,122.07039291933158,1.9978443082733723,1.0510985468541778,0.08086954562732294,0.10429869371523375,0.0,0.055431191649043365,0.7829934564155167,22.290963352351028,42.0,3
18885,3.873488880460096,0.0,90.05881944358029,0.7163267310388866,0.6395479508797876,0.09389050618719966,0.1912034946595629,3.699947701127643e-06,0.0443667084625007,0.29337171326094935,24.97335346887306,3.0,1
16164,1.5954046671017168,1.0,107.29288843803184,0.9904435638128387,0.7631224941741739,0.093155845558655,0.2774134827438235,1.9399856221250807e-06,0.07113757653068406,0.23038562363391338,27.21195249428494,60.0,3
148049,4.824000686513771,1.0,138.72050593767386,0.576879057113873,1.4080745642651042,0.06408679225719048,0.0,0.12723460622343344,0.143577243778483,0.49461383429655437,27.299247300637106,36.0,2
49589,0.0,0.0,144.4474256421419,0.8675408250285294,0.811393604128813,0.0614711458158501,0.2962065729522112,0.002965912600349943,0.11828452903796835,0.5738519916568867,30.24545170742959,22.0,2
98776,1.5954046671017168,0.0,158.8469404761604,0.6204196326368729,1.5377163817742514,0.03743776061128075,0.06493263849957365,0.07879148666691815,0.11020651288205074,0.07007309326671513,21.24783605215529,38.0,2
314,4.359420279727952,1.0,176.23611401676803,0.6653940706483308,0.585186269256022,0.029907481693841425,0.24085046066065832,0.09140365257152867,0.07523239892816581,0.482042029581441,24.071496745907215,35.0,2
83627,5.270402895934253,0.0,128.70358495597625,1.0278728688856018,0.5955704093858848,0.02844379682282684,0.3055920446641296,0.0009961907158109078,0.07654086052747315,0.46312771325061475,28.00207942078504,49.0,3
134682,0.0,1.0,88.86231745267726,2.33460570267036,0.3731024592325629,0.05276348676969412,0.1220165471564242,0.0008810222191190855,0.07610775407689287,0.07517898042464641,24.326897643490224,41.0,3
54964,0.0,0.0,156.43427686890297,0.5347472887120701,0.16748523226641907,0.029689610335349732,0.304855180705445,0.0003395588099666558,0.0944893301378407,0.03742030046801178,30.443557551775722,31.0,2
17118,5.270402895934253,0.0,94.27914024108156,1.705891647744118,1.2981526855390904,0.08754475966298475,0.1750078775205933,0.0,0.08229821707572699,0.4883316765960209,24.698535229996317,45.0,3
17671,0.0,0.0,108.57164247043778,1.1274828423974343,0.5817394956459299,0.10102452808143624,0.315716026570639,0.0,0.13522551579728095,0.49461383429655437,28.206288622796368,53.0,3
40428,2.81870192439919,0.0,137.05090175833445,0.9101188546911463,0.668298156335253,0.038157654766122096,0.2655899324840549,0.0,0.0994514137349725,0.37117222363207886,30.231336222362575,40.0,2
64380,2.234779091684268,1.0,109.42467133193145,1.3888789288233903,1.03805616547117,0.05728648091811103,0.15349925612982013,0.0,0.10581030322960991,0.551710741535826,30.408237833164566,59.0,3
34028,1.5954046671017168,1.0,99.57855952200428,1.5159190404539722,0.37907688330725015,0.09277983356126722,0.22227665399240484,0.0,0.09195206939260495,0.5080505822351178,20.826029558092493,58.0,3
57867,5.270402895934253,1.0,152.583538157819,1.789185585833376,1.4532125165491048,0.0814343853848159,0.0009985074216367666,0.1365855051450979,0.13439240208889255,0.4223630722672164,26.634286408936475,49.0,3
97225,6.117892928831929,0.0,122.81782309353761,1.13316055416276,1.0057605767148683,0.041962598355487504,0.006927442155667886,0.0009961907158109078,0.12093734207546923,0.3407568569568942,26.633102289937415,20.0,1
3391,4.824000686513771,1.0,101.32556401971515,1.1704392993079824,0.7593119202228912,0.05223874875548161,0.002986602388962986,0.1193076475783222,0.10212019116983716,0.5481598184332552,25.287046537599437,82.0,5
8235,3.873488880460096,0.0,97.98465910931647,0.8235748656635028,1.042395729804522,0.032756846992377936,0.23590238986591258,0.0,0.11200919934125854,0.742786092544838,22.68266255018953,51.0,3
1776,0.872923795046736,1.0,86.14700635634085,1.5835165182702335,0.8931390217637617,0.09692880978339921,0.2606647456595814,3.6199499382790643e-06,0.07610775407689287,0.3231583147981585,28.314199596185613,13.0,1
62314,1.5954046671017168,1.0,140.3922217172176,1.6809968297595563,1.3125689770901088,0.10621872520381574,0.3043616362999674,0.0,0.07004877567117059,0.37300954001041753,25.964929002268185,66.0,4
18206,4.359420279727952,0.0,106.88343522548791,1.1133552989984767,0.7631224941741739,0.05857608960232434,0.12135717411903511,5.409888189952273e-06,0.0846000186739813,0.3157291000839103,30.40451200623708,30.0,2
1413,4.824000686513771,1.0,115.30312730992297,1.2680121847925503,1.558545279477859,0.03543807420676252,0.0742843334784729,0.002515532415055956,0.08229821707572699,0.643245026323755,27.025195722445893,34.0,2
38658,0.872923795046736,1.0,90.71194789428385,1.433764130961678,0.7479254660277699,0.0711798012622476,0.13233770064580988,0.018555850659359212,0.11200919934125854,0.39591880754975406,31.07600532830446,32.0,2
96365,0.0,1.0,101.03295516078865,0.5308073037484302,0.7650306132434314,0.06043233200590555,0.2655899324840549,0.14112910056352176,0.14374060906830374,0.5196684304319891,20.409766154059604,34.0,2
139540,1.5954046671017168,1.0,151.89849708791624,1.0632807525460788,0.7997003756155685,0.029907481693841425,0.2655899324840549,0.0,0.0682595902191365,0.4919223952704212,27.13771856276584,47.0,3
145605,6.117892928831929,0.0,82.38728007091,1.0251752790418884,1.2933635885898236,0.060112080397729396,0.2878162330360538,0.008698409363821236,0.1306711400951591,0.8347874850681226,23.83922296385775,20.0,1
83222,5.701060861471607,0.0,168.07205298836953,1.7965377462689096,0.903329043187519,0.10739334615536911,0.2080265135636827,0.0,0.06028440139859205,0.6945249250145904,29.29984034694323,5.0,1
80024,1.5954046671017168,1.0,152.70670014916223,0.4399571780087591,0.9508267515704789,0.04899224740895944,0.10918885741547443,0.14789742489322466,0.09630503739313614,0.17418739922926474,24.59660986884044,45.0,3
8631,4.359420279727952,1.0,133.02481891080473,1.0577922600757719,0.9633865604732803,0.08307477277729898,0.10217491408483344,0.0,0.10339044157515012,0.28870060070904596,29.286277617285915,83.0,5
355,3.3619271977508447,0.0,113.80421726204293,1.767234330366132,1.1241067643567022,0.03809250140100743,0.018946077948171727,0.00039639858033372607,0.051495724908904986,0.4604200635633939,26.501573620506186,35.0,2
66711,5.701060861471607,0.0,131.45078787653114,0.8874490702428841,1.7081300168957543,0.10452341798063405,0.011788166338059581,0.11059973741301266,0.14381222147227044,0.2530467117592156,31.880428154217476,16.0,1
123460,1.5954046671017168,1.0,87.03921183443666,1.5293044363985917,1.1854566026281719,0.1104113823661705,0.20936643468293328,0.0,0.05082119912338049,0.5490477660515011,29.18911679686863,20.0,1
95973,5.270402895934253,0.0,83.33886458249846,1.713043318578456,1.160285808401269,0.09220467864151599,0.0013074396404749045,0.0,0.13091639863629476,0.6353823972414456,26.497084866159657,35.0,2
119772,3.873488880460096,0.0,107.4897610370011,1.580096699910016,0.8270912295607865,0.11281100403753022,0.2319999480755242,0.0,0.0440345432350501,0.43689424042349,20.142053509377735,14.0,1
26993,2.234779091684268,0.0,78.25615582350903,1.8823565270014346,0.9259172992484815,0.053024146441152956,0.25454890318941586,0.14342976024920992,0.05408115636961933,0.6737199866144137,24.610077606068163,14.0,1
117613,3.3619271977508447,0.0,98.38347913287315,1.532661226759913,1.126352958314032,0.0431865287142909,0.1696866721569423,0.13513977585281076,0.07253143383276514,0.7143940027013405,24.88335377749358,34.0,2
118421,2.234779091684268,1.0,112.84796014779613,0.9589353474702558,0.47366004718920107,0.03414355059055638,0.3556485036265357,0.13632255999081921,0.0807099107755365,0.1356735164838955,19.201361915023263,17.0,1
1252,0.0,1.0,135.24805817445494,1.698757269387999,0.7104594698327914,0.027103665101560117,0.15921216697781893,0.0,0.06947363277632812,0.7479338501661067,22.45986108903377,27.0,2
66417,4.359420279727952,1.0,157.3862445547396,0.30854930501698025,0.8448971249366763,0.026198033914667747,0.2911238442445418,0.0,0.13804191994014633,0.30176808255591336,20.758545250590732,12.0,1
90790,0.872923795046736,1.0,73.76587564154957,2.029328621294194,0.5886403425809775,0.11281100403753022,0.24783790767316516,0.0,0.08608269509259017,0.49820029281298683,27.068941846571402,6.0,1
11863,0.0,1.0,135.07259868571757,1.354170443691811,1.3981349919391537,0.04954523409962817,0.15407694726749513,0.0,0.10937167434329613,0.7487913817984178,27.349026294826448,43.0,3
119846,0.872923795046736,1.0,90.06944481114195,1.5664596139965252,1.208550416448057,0.06056899457987591,0.010821767172170031,0.0,0.0571585712331885,0.6580672741241114,27.202745645043105,3.0,1
15590,5.270402895934253,1.0,129.27891826204893,0.6141123480098922,0.8251223509347365,0.1035886709897732,0.04882205451403983,0.0,0.09540627374586548,0.2426743316518963,20.398586175060977,22.0,2
1774,6.117892928831929,1.0,99.68329312212053,1.347912282370425,1.1017545099034765,0.03543807420676252,0.018473777957743368,0.0,0.08030591854684666,0.3444536710269561,19.37139067172154,74.0,4
99099,2.81870192439919,0.0,77.25250602961036,1.50925136242719,1.4380918973981762,0.10024912841460783,0.054177532011139076,0.058004066612480004,0.1252275809854624,0.6901966663783777,24.644071863794707,2.0,1
125437,4.359420279727952,1.0,102.96925329021286,1.5393873568146128,0.6218191154126793,0.1035886709897732,0.12333016422336632,0.0,0.0875253578926078,0.4004880737342039,20.563195873270175,6.0,1
45557,2.81870192439919,1.0,137.75608809027042,0.46945698729759955,0.3220063272070616,0.02770197444137078,0.36071807460235344,0.0,0.09417957066797655,0.22185852236336234,23.463480635373333,18.0,1
67588,0.0,0.0,168.2275279196838,0.6246407414236833,0.7784403718217229,0.03127373074081886,0.32381489060734037,0.14779779239226265,0.06732239711425879,0.16555160761465107,27.285919315560147,18.0,1
46209,4.359420279727952,0.0,121.39358182379928,1.580096699910016,1.4406068112877073,0.041900830519227446,0.2916676693694916,1.299993543876413e-06,0.052104243927350066,0.6893306308342276,22.172474442347784,60.0,3
28934,4.824000686513771,0.0,124.04687185265958,1.4959659338530724,1.4155509487585505,0.10961413721893093,0.09203541848258019,0.0,0.0912961293942096,0.5853303840742065,28.56958964076742,6.0,1
49996,0.0,1.0,40.11402470445829,0.536721986690365,0.030371950102763112,0.037174223482640885,0.36901337854750693,0.1487301288625842,0.07479010183432175,0.379434781026071,21.26698703092101,27.0,2
80959,2.81870192439919,0.0,107.9817173606694,1.6951965578252368,1.0272417610184217,0.07911856488323085,0.2016502871049115,0.0,0.09917475099732172,0.659808559089989,26.623759650632504,73.0,4
45878,4.359420279727952,0.0,115.9080593212552,0.9407982425356697,1.2742887424067721,0.026878179491613818,0.0001659588249047583,0.005788364295138051,0.07523239892816581,0.3203737089709441,22.458236884018756,32.0,2
61947,5.701060861471607,1.0,137.89106470828983,1.0224814030232345,0.8972092364676427,0.030629476337651843,0.2172170175632873,0.1444990133529085,0.07907699494507488,0.35921294629456185,25.61136623482837,43.0,3
77423,1.5954046671017168,1.0,49.292992172096255,0.8899536272626166,0.8931390217637617,0.08438210118699253,0.3337538310560312,0.0,0.12008513127007257,0.6108510766913567,36.35232278457526,44.0,3
26149,3.3619271977508447,0.0,126.64652296867332,0.8774664929240397,0.41090010214946837,0.032756846992377936,0.3570577544941999,0.0,0.0682595902191365,0.6205010638904588,27.527078742844413,34.0,2
20619,1.5954046671017168,1.0,95.88175509452543,1.6739227970966106,0.7555088942782333,0.10102452808143624,0.15465320359065973,0.0,0.07739805058592603,0.35921294629456185,26.818179852796302,35.0,2
134144,6.117892928831929,1.0,156.5226386657484,1.5226033909488335,1.0467431886384175,0.039448600807730404,0.2800839896815336,0.001984806558653298,0.11797137715506432,0.7753147408630994,28.569715064057565,8.0,1
130499,2.234779091684268,0.0,97.66963742520281,1.3076254137645986,0.9466557329092349,0.03482762600454365,0.2128951275573229,0.025231074929758734,0.06874779249788905,0.5160963935823022,24.375832269499696,24.0,2
63778,2.234779091684268,0.0,74.92882195231194,1.4240785193695762,1.173985195547883,0.1131809531893536,0.07538319383013813,1.3799927247751448e-06,0.07298954199416931,0.3693342235535494,29.085168098760946,1.0,1
132838,0.872923795046736,1.0,139.25476911356543,1.6668659552267933,1.3464934343650294,0.10639383282620979,0.1071041786982304,0.04959150707695649,0.11122066945651018,0.5888574238226963,23.951238005680228,21.0,2
20945,0.872923795046736,0.0,142.29500424780912,1.2559580752183774,0.8290620173475927,0.09754875144648864,0.1458565046907266,0.0,0.07654086052747315,0.3693342235535494,24.825577363704188,59.0,3
51477,0.872923795046736,0.0,136.63554904499833,0.576879057113873,0.4263253917583581,0.032054095044992494,0.36721859571827453,0.0009961907158109078,0.0875253578926078,0.2943053803806194,24.5935546360304,47.0,3
159756,5.270402895934253,1.0,161.0148283399067,1.7094653201885666,0.8211903186456566,0.07790245322973517,0.18426934876289744,0.0,0.10533879505897356,0.6711141375205762,26.635865178560014,36.0,2
1357,4.359420279727952,1.0,183.33410765933868,1.9395939776160442,0.6883393129818888,0.080004802065222,0.002986602388962986,0.12590414877297143,0.07824336696718033,0.2943053803806194,26.76550183458256,53.0,3
75622,2.81870192439919,0.0,45.328760107650275,0.25738169717345977,0.23001774014833493,0.03386819800867214,0.314807612848614,0.14869142354534587,0.08229821707572699,0.44414439156625246,20.996112361891377,36.0,2
99678,3.3619271977508447,1.0,76.14362147690497,0.8503073162091651,1.4684079384441668,0.07600145917456508,0.1744815277128284,0.14087680222309754,0.06050287974072933,0.5623496876972396,26.58122903502809,48.0,3
39712,0.0,1.0,96.99184851118797,1.6041242390834507,0.7460343185053053,0.0916158468366306,0.2521076621480948,0.0,0.10718886451071041,0.3259413065890475,27.88582365122738,1.0,1
74149,2.81870192439919,0.0,113.17712515211939,1.7273986281211327,0.973906712521262,0.0756753591574628,0.29328660272751916,0.07437731585469125,0.07389614600927014,0.47484463488452405,26.060788599424537,30.0,2
84411,5.701060861471607,0.0,77.02439248060718,1.3199493399191744,0.4232262745791235,0.03684347528477961,0.32402641652571607,0.1363888249246051,0.12589889796513168,0.26527491248338686,22.011229807636855,51.0,3
101782,0.872923795046736,1.0,72.1728258390917,1.8785764755549763,1.3587067315067167,0.05516951192447976,0.003600508496897142,0.0005349041465452356,0.10741349334001439,0.5205610680472806,22.82945685114648,37.0,2
57617,0.872923795046736,1.0,80.75464246505393,1.6318388174675127,0.8729036385143312,0.10038079826288383,0.17022461334284544,0.0,0.11081886050973534,0.7135315184130544,18.535825618527806,16.0,1
10266,3.873488880460096,0.0,108.6595744511284,1.0993228154521477,1.2790452321863144,0.10823744678519129,0.29932277078008496,8.467259979012098e-05,0.08030591854684666,0.5330424673029763,24.543245218074055,1.0,1
54831,4.359420279727952,0.0,132.41161777350953,1.4761622725906902,0.5527359021169996,0.044090360401503007,0.20025699425502924,0.0,0.059569982643832974,0.531261178626178,21.063394420845782,53.0,3
39098,1.5954046671017168,1.0,44.99478186095756,1.0853850452792237,1.0773968561658953,0.06776810307407538,0.0008888175559277422,0.0,0.04665787747085241,0.10363586022119907,22.82507542305304,4.0,1
114664,3.3619271977508447,0.0,178.10716221062356,0.9957462955575801,0.6025297380460697,0.03684347528477961,0.25280882888740774,0.06766234264150146,0.05772607159203345,0.6563254629183313,30.541201313890742,51.0,3
5531,4.824000686513771,1.0,107.8885292260162,1.3952422166886544,1.0751944363573847,0.06575768768239226,0.051639214901532914,0.0,0.11122066945651018,0.1971334117769646,26.684906902178994,47.0,3
35791,4.359420279727952,0.0,166.16580259643035,1.1733338226503915,1.5247664907417113,0.02844379682282684,0.20257379790106939,0.0,0.10785844760529659,0.8042729352165859,25.386812277865683,66.0,4
36228,3.3619271977508447,0.0,107.0855983230442,1.4761622725906902,0.8192271637225136,0.11058541423287303,0.22352051064288078,0.0,0.10363955969640551,0.6152394809651552,27.297824135054995,6.0,1
85519,4.824000686513771,0.0,109.02154025832293,1.5293044363985917,1.5533254571377446,0.08360405773041377,0.1696866721569423,0.001984806558653298,0.0909648244230264,0.723011956415217,24.319341800649212,24.0,2
174,4.824000686513771,1.0,106.74862946361652,2.073097115660239,0.6147791006233524,0.1080137256563241,0.17236337369497504,0.0,0.07207008747600625,0.5809184321198676,27.885568620808673,11.0,1
39410,0.0,1.0,95.04929842055446,0.977251050003743,0.9550055590897916,0.05328367386024081,0.25454890318941586,0.12027383939465348,0.10627575941954966,0.4468605662115773,26.254715885203087,64.0,4
16035,6.117892928831929,0.0,139.9932664546582,1.0387004217770066,0.7842157988769721,0.02551231619817254,0.027789847142669463,2.139982504936583e-06,0.0612626192409623,0.3398322134003418,23.614119008234113,51.0,3
102742,0.0,0.0,52.66264661309507,1.408017586653165,1.0186256893922574,0.1176152163431372,0.3448336751049843,0.0,0.13896106019968543,0.7479338501661067,22.96965578948767,40.0,2
156179,3.3619271977508447,0.0,144.73539044304835,1.4597729435754092,1.0402249611304715,0.0916158468366306,0.1847723004118197,0.0,0.0642263303982092,0.2407859170145463,29.559294995867667,41.0,3
32221,3.3619271977508447,1.0,65.63783883621034,1.3168623695632067,0.20916362909390335,0.06737279893323408,0.3755937936401596,0.1489386207198616,0.07782218133052284,0.762495346225589,25.276550879680208,47.0,3
16549,5.701060861471607,1.0,119.87514990752992,1.593801330922556,1.4658701681640962,0.07400365818851558,0.17710064452048874,0.0009961907158109078,0.08111111514562246,0.7642061619901985,28.650660074812517,27.0,2
67461,5.270402895934253,1.0,106.13132266703964,0.22202883019725272,0.012414906925375065,0.0340748050535792,0.3744457480405054,0.14737848462801745,0.06365352429629562,0.06309123986986538,18.900217135384604,59.0,3
155587,0.872923795046736,1.0,104.88476777865739,1.5562760176399235,0.7086058516452183,0.10293027132491821,0.04117905430975584,1.5399909398763798e-06,0.08229821707572699,0.3352063471934248,36.15256317599109,58.0,3
47210,4.359420279727952,0.0,124.5035108786468,1.357305564867754,0.7536102102164997,0.039448600807730404,0.15465320359065973,0.05208167588019315,0.07739805058592603,0.47124222729765775,27.22336085641369,65.0,4
114465,5.270402895934253,1.0,100.51536792891059,0.7185814057543572,0.1263991383510244,0.03134499269087866,0.3721024229341608,0.10125718256430889,0.07654086052747315,0.15689863189189093,21.091591526177467,42.0,3
4594,3.3619271977508447,1.0,126.16568680897346,1.6318388174675127,0.9654866865759476,0.03550559855419764,0.054177532011139076,0.002965912600349943,0.07113757653068406,0.5694308716311162,26.658881673229995,50.0,3
50889,0.0,1.0,104.77039462038383,0.9356488839762348,1.6945036831477611,0.08754475966298475,0.002123238470023736,0.0,0.07697095147323091,0.6292595119241615,32.172121267868405,46.0,3
152717,3.3619271977508447,1.0,120.20148707076318,0.5606640996118144,1.4532125165491048,0.10915407460466377,0.17553296004468336,0.010552014101597989,0.14507229363217994,0.4667357229045698,28.738944888198656,1.0,1
134794,3.873488880460096,1.0,88.78246923159003,1.789185585833376,1.057646406189738,0.08889717616409516,0.0993166428042023,0.001984806558653298,0.090631273449164,0.5835660242459407,25.836472347550025,41.0,3
48211,0.872923795046736,0.0,158.41579524249238,1.698757269387999,1.1900592475800453,0.054817363853910714,0.1511740477018857,0.0,0.08858182813778119,0.8237855713050897,26.686746416157238,15.0,1
120904,6.117892928831929,0.0,122.81274073771473,1.756317752022725,0.6200563553337668,0.04673112473458526,0.1597757214669062,0.0,0.08961697180144913,0.5932630825882477,26.457852262430695,37.0,2
155483,5.701060861471607,0.0,113.2645365807071,1.1417057923154803,1.1241067643567022,0.05918638842682127,0.1098800831673712,0.020262220644609228,0.08961697180144913,0.5035754392914052,21.804785889126297,28.0,2
122150,0.872923795046736,0.0,183.42527924426597,1.2862118976616896,0.9612883852905215,0.04678862706739734,0.20712811703028133,0.0,0.08384328428839721,0.4973039056850378,26.377016732755955,34.0,2
99108,4.824000686513771,1.0,52.13478416496879,1.1189948897666122,0.9844757146265559,0.10102452808143624,0.14704857682625724,0.0,0.1279740703260935,0.7530772108816399,33.372627462750046,6.0,1
139376,5.270402895934253,0.0,119.31396052461444,1.8559896484373444,0.7574094640680615,0.09708557810085501,0.0993166428042023,0.0,0.09227673809299898,0.4658339547302879,27.63255914526993,30.0,2
65669,1.5954046671017168,0.0,149.43063712598826,1.249954663221884,0.6719252777395165,0.05621322507774692,0.23667272982350548,0.1312356419071509,0.08268848505094586,0.33798239709523725,29.41740954833229,23.0,2
118380,4.359420279727952,1.0,68.32544605883042,0.8849480810453934,0.971798776571637,0.05728648091811103,0.28443031496949606,0.0,0.044233989532123916,0.35276125013630455,20.68982185929938,33.0,2
55422,5.701060861471607,1.0,137.25600943058998,0.9615409198141054,0.45137224364169387,0.029907481693841425,0.30945321700189027,0.0009961907158109078,0.12229085868403589,0.3610547290259492,23.428051162488956,36.0,2
39178,6.117892928831929,0.0,69.64431316420827,1.0743027900555246,1.550718696885937,0.07296675335244636,0.12398442007630957,0.0,0.09355379050258464,0.2915038241674874,29.43437202215719,59.0,3
73113,6.117892928831929,0.0,114.91840066566918,1.7965377462689096,0.9094662464472685,0.10462353021933235,0.2579748766335213,0.0,0.05890454820845377,0.4658339547302879,28.05697297799741,31.0,2
48837,0.872923795046736,1.0,87.71684281357022,2.1787686595395814,0.7012100698643479,0.11598939801612668,0.17236337369497504,0.0,0.0560111652642022,0.5348231690526993,28.638390550580276,22.0,2
130989,0.872923795046736,0.0,146.48128541897992,1.2559580752183774,0.7707663064582774,0.036177528458350545,0.06493263849957365,0.1479168571466924,0.08422295110813957,0.5071558543350404,30.521425969003964,8.0,1
61055,0.0,1.0,95.85016171162171,1.0577922600757719,1.0164765902676833,0.11371444368703283,0.14645328997075285,0.0,0.09417957066797655,0.5747357907610485,23.146340644931332,17.0,1
41509,3.873488880460096,0.0,107.09078127452628,1.5903688309600632,0.8548562783934225,0.059279675784777434,0.1529201254059554,5.1198998556031915e-06,0.04781340187633289,0.7522202886606224,32.85394364052499,48.0,3
132598,1.5954046671017168,1.0,116.12326504611084,1.9013237270942018,1.020776755417497,0.06737279893323408,0.006927442155667886,0.002965912600349943,0.07567160824092482,0.3684149667388865,30.519867538207144,27.0,2
22305,3.873488880460096,1.0,97.68539195177179,1.1360051413715428,0.3277391846994211,0.02844379682282684,0.3450089936356306,0.14839298975671497,0.05884883476647055,0.1999933056484613,26.587157127386522,37.0,2
100880,1.5954046671017168,1.0,106.6034268101355,1.6041242390834507,1.0100410881731547,0.06305659167296906,0.049849527695404544,0.00024676709542075653,0.10604378231919075,0.6789281817495515,22.903708975525745,49.0,3
99369,3.873488880460096,1.0,126.95513259965053,0.9957462955575801,1.2178444213202304,0.024666575841302687,0.0009985074216367666,0.07391897168127363,0.06727271957900667,0.2662142053083389,23.29850478817185,19.0,1
59999,3.873488880460096,1.0,71.75595113482518,1.6492989120715298,0.6592628138396347,0.11638118009990876,0.21463560404457743,0.0,0.11935085950785726,0.3509163440956271,23.40163484496619,18.0,1
78197,2.81870192439919,0.0,140.28751170365334,1.3730416877687452,0.6520678855900447,0.0711798012622476,0.3271547296815483,0.0,0.10696278729458521,0.4350801015157789,25.341794157747575,36.0,2
158837,0.872923795046736,0.0,98.33101602226498,1.2290664655179893,0.9074185780413175,0.11314092919575607,0.24747716982900486,0.0,0.14212563451798674,0.5187756442984244,24.42428193932286,42.0,3
73609,0.872923795046736,1.0,112.08108980414936,1.0909488099104507,0.42167935448205973,0.040085503505564654,0.2892037810752459,0.0,0.1192013035939258,0.4928196937814543,25.738834621106783,30.0,2
117528,3.3619271977508447,1.0,57.44883347713748,1.8447562024754598,0.288182827141673,0.06969534196105091,0.11262682189264288,0.0008065055264127801,0.07654086052747315,0.2999035103297946,28.559930917583205,20.0,1
67050,5.270402895934253,0.0,129.26378261529203,1.6075736872862627,1.6890680687112196,0.03155839396012166,0.06076000051844631,0.0,0.049643248551615726,0.8634710425866993,22.02170487218848,35.0,2
26784,0.0,0.0,112.24070166884509,0.7344587426213406,0.6556616476550895,0.02844379682282684,0.1887532915200161,0.08251428425476516,0.07739805058592603,0.14726385588242943,23.647506154615236,62.0,4
40201,0.0,1.0,90.14381737909099,0.5850631189120629,0.14429505088213274,0.03482762600454365,0.37470221175114343,0.14861803168969095,0.07782218133052284,0.2615158354360752,29.299223952409033,39.0,2
15272,4.359420279727952,0.0,95.34446496957554,1.1531530780227583,0.630660508976416,0.10665182007938102,0.3231780504713312,0.0,0.0681124523302435,0.4123487785843696,32.84402776999188,4.0,1
147618,3.873488880460096,0.0,136.9808549221984,1.5562760176399235,0.7631224941741739,0.07600145917456508,0.2247560956944594,0.0009961907158109078,0.09833371298734968,0.3509163440956271,28.006148127532697,25.0,2
91775,3.3619271977508447,1.0,68.47461950745016,1.1388535531640749,0.5275795784089966,0.0340748050535792,0.32124695739334475,0.14792651274701046,0.12511337403336176,0.12696004704742558,20.930853006439488,9.0,1
81653,5.701060861471607,0.0,92.09564224381472,1.8298402910541283,0.5426245627788366,0.11854100944363441,0.04744663222773818,0.0,0.05744283478429998,0.646736059972371,30.52682011591854,22.0,2
962,3.873488880460096,0.0,115.48260355272433,1.0993228154521477,0.7707663064582774,0.052867886858076925,0.020922198374690445,0.0,0.10107366171887236,0.3748461739260816,32.3796609569465,54.0,3
6417,1.5954046671017168,1.0,117.16262437936439,1.1189948897666122,0.736606806235421,0.08386550447689363,0.016577632105374596,0.1266403540043594,0.08111111514562246,0.22470267675408148,20.931936617859375,82.0,5
65475,3.873488880460096,0.0,114.7439305814032,1.3354442055656686,1.1151419433655108,0.08253683745040954,0.1360999778061121,0.009628717289747853,0.10979175009966557,0.3435297312064924,24.70518167187702,45.0,3
48338,5.701060861471607,0.0,113.77852649407527,1.713043318578456,1.044568472103753,0.03379920531112484,0.1511740477018857,0.0,0.11277808358501228,0.40961416743273077,28.554912518298362,26.0,2
8110,3.873488880460096,0.0,157.95997012403024,1.354170443691811,1.1106714973128837,0.029178943760520885,0.08073762434352733,0.09809986301748602,0.05772607159203345,0.5116279940761842,26.95883354528717,47.0,3
152457,3.3619271977508447,0.0,121.1135397932081,1.7490618513824774,0.9466557329092349,0.093155845558655,0.2089208133144031,0.00011794682476266192,0.0834609979772711,0.5588056688922406,21.40758449040505,35.0,2
76091,4.359420279727952,0.0,183.7083495604875,0.5171158889397719,0.16501655223091,0.04257727432062326,0.3645296181750358,0.14818125462915135,0.05940416375632923,0.07527710803127369,28.212234841577377,7.0,1
153826,0.0,0.0,104.01091939464197,1.2201731395132756,0.9445731428547706,0.06129195090909987,0.08142858848638866,0.0,0.061370530210634044,0.551710741535826,23.769512335873827,8.0,1
119826,4.359420279727952,1.0,109.3678323907281,1.0441365530273317,1.1421322571741443,0.10401173324475396,0.18973683608982944,0.06025753825061772,0.12787593330562827,0.49551067655190706,28.181102591602794,44.0,3
8469,0.0,0.0,110.28191176890226,1.4597729435754092,1.6006068707433185,0.05343884909580955,0.0785770334988837,0.0,0.06028440139859205,0.49371684008158656,26.641653455941444,40.0,2
88912,0.872923795046736,1.0,147.2540793460391,0.546642639354966,0.08604126546187375,0.07434357648268704,0.2780110728216572,0.14574816785747402,0.07389614600927014,0.1818493657511305,21.028228201449135,38.0,2
121758,1.5954046671017168,1.0,157.5775196874817,0.925393585596664,1.6647131528044516,0.03880600336970576,0.0010284165867056653,0.0,0.07344443758622808,0.475744849543228,27.29122516127674,14.0,1
74304,5.270402895934253,1.0,137.3760520817227,2.0571171201967116,1.1992887046249214,0.05431056943270107,0.005366569539779587,0.010459998214787056,0.04215155867294839,0.7238730648159113,26.769304350718947,27.0,2
151722,0.872923795046736,1.0,87.90346012857323,1.684540299697343,0.9802422468499067,0.09200993864114734,0.16643138894708484,0.003939573289650818,0.07907699494507488,0.45771100209068194,28.720702900386915,1.0,1
34554,4.359420279727952,0.0,113.31080931331279,1.4728761491942823,0.7197556293230039,0.09018667070769226,0.02129722678586382,0.0,0.13791378333719279,0.15689863189189093,26.607305919792054,21.0,2
38993,1.5954046671017168,1.0,86.16304558528431,0.255877733943388,1.2295073977449773,0.053799353682425805,0.0,0.14578632070984665,0.1282651059706081,0.08116046522221033,26.37913568565705,25.0,2
28819,0.872923795046736,1.0,69.41831793832566,1.4112216109464688,0.3248693292889913,0.11945874525133453,0.2847155259014564,0.0,0.12973537823509393,0.490127341111776,21.283524176755144,38.0,2
127053,2.81870192439919,1.0,81.82742682732355,1.1733338226503915,1.2861952396200695,0.05170941569813888,0.1614580741411667,0.11081655243372752,0.11161742520075171,0.34999362956189706,28.527928292815364,31.0,2
146501,5.701060861471607,1.0,171.80749768513655,1.1762322066763853,0.3865840447244628,0.024666575841302687,0.3038662397214829,0.13318932759442478,0.08384328428839721,0.37300954001041753,29.79344080794279,5.0,1
67651,0.0,1.0,105.80949737928272,0.23657173826506164,0.008433300654815727,0.03530284399437761,0.35453820728294705,0.14868488297490098,0.07866163055322024,0.037519350728437706,18.248492259335354,39.0,2
13827,0.872923795046736,0.0,121.6887987554216,1.3604447167824396,0.8270912295607865,0.03191278463166446,0.24493038553947208,0.0,0.03509790190755109,0.539272361790861,33.97520863746482,60.0,3
30190,5.701060861471607,0.0,152.99238114683197,1.4240785193695762,1.0272417610184217,0.023968293756205534,0.13919151447689318,0.03979684355435175,0.06976181515991639,0.762495346225589,24.19444025237241,30.0,2
42308,5.270402895934253,1.0,103.94846159528763,1.232038730877049,0.6846787275032765,0.04071676728200563,0.3138925520714904,0.002965912600349943,0.08534643612555834,0.43235768782226963,26.074139104840572,29.0,2
125024,0.872923795046736,1.0,100.59904413532325,2.270648237396543,1.1084392632811322,0.03841768798409405,0.2951518841877521,1.2699383852770319e-05,0.0409891269145896,0.4350801015157789,25.97001545684847,9.0,1
7251,5.270402895934253,1.0,132.79365956975673,1.035987948999315,0.46725657598435466,0.032756846992377936,0.3043616362999674,0.1336820874880729,0.1225519383900256,0.3352063471934248,26.435510316769825,45.0,3
85015,2.81870192439919,0.0,150.87750566601295,1.818699770638293,0.6095183704904821,0.09563039090246964,0.04302042519222398,0.0,0.0846000186739813,0.1732287102697829,27.072455070263246,4.0,1
6204,1.5954046671017168,1.0,116.20011040340306,0.977251050003743,0.9950936437439697,0.10823744678519129,0.15465320359065973,0.0,0.12964737404116164,0.2671533079347595,23.051874084286254,42.0,3
26148,3.873488880460096,1.0,141.98144685259888,0.9615409198141054,0.3092074781166739,0.02770197444137078,0.27560631382197387,0.1276978124983628,0.10363955969640551,0.07036783745392333,22.325523209374133,50.0,3
90934,2.81870192439919,1.0,123.67123279766375,0.5327757286296287,0.8192271637225136,0.026198033914667747,0.06944653455833565,0.0003475378144676996,0.08111111514562246,0.25775370012333004,29.805261223627742,43.0,3
61863,0.872923795046736,1.0,101.7694720507756,1.3730416877687452,1.7327918798529205,0.07007114572550133,0.011884649306872191,0.08823651191531458,0.06147828612666972,0.7118061729084739,32.179289133824064,18.0,1
20651,4.824000686513771,0.0,109.96701283270137,2.105278016812088,0.8468851234775537,0.03887052098015331,0.3317940177903035,0.00039540160461775243,0.07523239892816581,0.4973039056850378,24.89106880067933,43.0,3
72141,6.117892928831929,1.0,124.17881447193948,0.45461028195060604,1.2529852016303604,0.05170941569813888,0.15694397548208475,0.0,0.14337333681460293,0.30363192158696917,27.24655645868081,38.0,2
90408,0.872923795046736,0.0,121.78548545404742,0.5406808071146674,1.6620176809780942,0.09407062608946572,0.012944084026269448,0.0,0.09999929605428569,0.3213020905324471,31.916830072337916,32.0,2
14572,3.3619271977508447,1.0,75.81159787086368,0.5486362213143707,0.0685678176320242,0.03509954398119719,0.375466997075387,0.14849077983319456,0.08823206529773955,0.3064263084600735,23.51362261753123,47.0,3
90607,4.824000686513771,1.0,147.58580587083586,1.9204027589315948,0.8035905104059599,0.10682075272588769,0.12787458610078709,0.0,0.11889944029238214,0.6502249683384824,23.375485855905193,40.0,2
23692,3.3619271977508447,0.0,91.78841242655207,1.8522407310256643,0.5973074966131857,0.06697413709052649,0.1988539897807107,0.0,0.07014415865854837,0.5976652639695638,27.28837820949888,6.0,1
36122,0.872923795046736,0.0,117.95533608028511,1.3984299557000819,0.8389446157210648,0.0431865287142909,0.1781395052452503,0.0,0.05366577368042376,0.3739279421988962,22.71301037459846,39.0,2
137884,3.3619271977508447,1.0,61.83177244605657,2.1459202330581157,0.1263991383510244,0.06020377739301121,0.355015585552839,0.14846866504801617,0.07610775407689287,0.1818493657511305,24.592999111553443,24.0,2
67501,6.117892928831929,0.0,122.09073980871327,0.915196032112578,1.5663907762113518,0.054817363853910714,0.0,0.002965912600349943,0.07824336696718033,0.4050531875874435,26.012688253673712,53.0,3
39402,6.117892928831929,0.0,128.32992588029813,0.8478595149544487,0.6130236887191868,0.07044380416764916,0.22060518339361856,0.01941222798933369,0.10160035464617702,0.21236501541503539,23.28452909897614,26.0,2
7158,3.873488880460096,1.0,91.37500972321295,1.7346023120600809,1.395655262877005,0.034005997818489966,0.2445634442629467,0.0498437566180869,0.06980972660585218,0.5303703138952661,25.700706571568094,51.0,3
49262,0.872923795046736,1.0,104.8379809146472,1.3447892366328362,1.2225035455976938,0.04899224740895944,0.14764237027396704,0.00681651852218226,0.08422295110813957,0.3481476766638229,25.83298000725599,59.0,3
24679,5.270402895934253,0.0,124.28029513969739,1.7309982986371468,1.1511930062111049,0.07600145917456508,0.10074959601613999,0.003180754526469563,0.06845528709351664,0.45590417500931824,22.46310926204928,29.0,2
91445,1.5954046671017168,0.0,122.90421853824073,1.1021217240069057,0.9445731428547706,0.03724019604240859,0.26331043601343235,0.14108757933782756,0.08571582562284803,0.25869452132756765,20.565232254391194,12.0,1
69830,0.872923795046736,0.0,99.0336906773048,1.1560244956058299,1.2671692686441056,0.052815709546380964,0.2800839896815336,0.0,0.07253143383276514,0.6997146255147229,23.176567129178817,20.0,1
1593,6.117892928831929,0.0,79.62575889185172,0.7854455645604872,0.6466911138682083,0.07911856488323085,0.19791321344492074,0.14666670525816566,0.07066635954166857,0.3175874845356611,26.75094397843735,47.0,3
129927,4.359420279727952,0.0,114.71827001674026,1.4112216109464688,0.5990464133621874,0.028073724243569836,0.0063000527509505235,6.099857850604119e-06,0.07739805058592603,0.48294101076463797,29.309701453363466,11.0,1
12922,2.81870192439919,0.0,142.1705885722509,1.489348138354589,1.6945036831477611,0.032054095044992494,0.049336228479676184,0.14289713254478972,0.11583914795584942,0.10558450346639123,26.50262972285502,30.0,2
89425,0.872923795046736,1.0,103.30274956171056,0.9330796361672831,1.2435697576993787,0.10763012901892503,0.16533566327191976,0.0,0.12079744792434513,0.29337171326094935,29.03942453885284,23.0,2
98063,4.359420279727952,0.0,87.63684663623371,1.1878644052004304,0.24727534436532683,0.02844379682282684,0.28270721539288424,0.14795523970981728,0.07866163055322024,0.35552730403390576,23.20777808185703,7.0,1
72886,4.359420279727952,0.0,98.86595266569991,1.2113149601562354,0.7997003756155685,0.040085503505564654,0.22352051064288078,0.0,0.07567160824092482,0.22185852236336234,23.776191220375047,2.0,1
12291,0.872923795046736,0.0,125.28431580947577,1.1274828423974343,0.7555088942782333,0.10462353021933235,0.1964938211855431,0.0,0.1301679680937354,0.5259137815807644,21.912449851427237,66.0,4
50235,3.873488880460096,0.0,111.12788941114,1.826122368673923,0.6719252777395165,0.10621872520381574,0.10500286109376333,0.0,0.09029545927515505,0.6493529401476361,28.566453936257666,1.0,1
52489,4.359420279727952,0.0,108.50956670734946,0.7185814057543572,1.03805616547117,0.07632487083264694,0.20257379790106939,0.13423680996265538,0.13083510655997968,0.3463010242500451,22.61556577362888,29.0,2
139556,0.872923795046736,1.0,126.70724155913786,1.2439669833584739,1.5015885652972079,0.04257727432062326,0.030532185089493704,0.0,0.09479702346996888,0.5035754392914052,27.199243891744466,47.0,3
133595,4.359420279727952,1.0,127.36981577566203,1.1762322066763853,0.8931390217637617,0.023107041720981665,0.03950348483126515,0.0,0.07113757653068406,0.43054194018397496,24.304785331219538,36.0,2
115284,1.5954046671017168,0.0,105.477143824677,1.3261352750235784,1.4939002107471904,0.06776810307407538,0.24009823882222112,0.0,0.13115754517295558,0.7778753850791839,23.497871489862405,32.0,2
4975,0.872923795046736,1.0,128.43093016408267,0.7901631590571356,1.4913416009490772,0.03684347528477961,0.060842390389807495,0.0,0.12065670517582489,0.5694308716311162,31.818257897279324,61.0,4
30418,4.824000686513771,1.0,44.17299374969016,1.4761622725906902,0.2499554292750488,0.0856377240318309,0.0949714230421777,0.13954276129820778,0.06874779249788905,0.2199614227629816,25.74987516135933,22.0,2
3598,1.5954046671017168,1.0,129.09727374304725,1.3667351240154904,1.640530318907042,0.061916456303725574,0.24085046066065832,0.0,0.14564193202717565,0.5071558543350404,24.325078789375993,43.0,3
71450,0.872923795046736,1.0,95.3497346143566,2.005688063444212,1.6325075429004299,0.09677083598355257,0.3161677609044707,1.9099860633218067e-06,0.10958238112235452,0.5738519916568867,26.639417177473234,19.0,1
147479,2.81870192439919,1.0,125.33499330385692,1.2024918523025487,1.314978844489941,0.041962598355487504,0.18776509519169676,0.0,0.1382096979464234,0.49640736697300886,27.631019387477444,38.0,2
32096,3.3619271977508447,0.0,68.651357903823,1.0853850452792237,0.5748678265386208,0.030269292847822718,0.24122535807105008,0.14842362656171054,0.06190776427503039,0.13277101043652648,27.358457947279916,46.0,3
58753,1.5954046671017168,1.0,112.55982810105817,1.5427567021324977,1.1716969445284566,0.0393845982534776,0.24819787995466153,0.00728022419550589,0.09162520541474937,0.11919967432341062,26.506061857838638,19.0,1
1737,6.117892928831929,1.0,116.16937313313367,1.670392228724202,1.7190694846582937,0.0708133464056408,0.10217491408483344,0.0,0.06006529268604362,0.30363192158696917,27.034834423988347,5.0,1
115047,4.359420279727952,1.0,148.7287023554411,0.8874490702428841,1.6191785944337034,0.0431865287142909,0.004962882796202298,0.0,0.13033759494934527,0.5428290888758212,25.014152394494616,55.0,3
9572,2.81870192439919,0.0,111.4371631217507,1.499281057085816,0.8890765263984753,0.040338682581073836,0.04363176286505587,1.0199602551708888e-05,0.07523239892816581,0.0758658242321529,21.867983882808,36.0,2
97391,5.701060861471607,0.0,104.59360099424424,1.7238032976844435,1.3611555555156263,0.08867623283039489,0.17710064452048874,0.04637627609682684,0.08030591854684666,0.45228862939516046,24.467092482313532,6.0,1
21115,0.0,1.0,98.39397127554275,1.7238032976844435,0.7803636199698412,0.10051148267888103,0.13485229153255027,0.0,0.0912961293942096,0.31665838257302165,27.591864216006933,63.0,4
1685,5.701060861471607,0.0,116.33841373227034,1.8785764755549763,0.9300494478737024,0.10401173324475396,0.07530484433310232,0.0,0.10915962010817792,0.4241817332356303,28.69632624526187,75.0,4
47105,5.701060861471607,0.0,100.52059798323158,1.6916401609057337,0.74981849672868,0.11092289844555954,0.27890300212052405,0.0,0.08268848505094586,0.4513843481564584,28.89915952146998,9.0,1
73010,3.3619271977508447,1.0,134.08942052899513,1.9395939776160442,0.9508267515704789,0.0614711458158501,0.023165805092240477,0.0,0.10133787158252591,0.23511597741337825,27.414485388136548,39.0,2
5708,5.270402895934253,0.0,122.07039291933158,1.0550536357269065,0.7842157988769721,0.038157654766122096,0.29274903786299833,0.0,0.07160547706998972,0.6632895533953425,27.30235221373671,26.0,2
30337,0.0,1.0,134.55605681566752,0.6632195463963222,0.3465606792872782,0.03134499269087866,0.36409772189476247,0.0,0.10533879505897356,0.3129401677457382,26.84854907083135,57.0,3
37847,6.117892928831929,1.0,60.838604747165284,0.5132321194330479,1.393177598252768,0.11532079873085721,0.05602534798369097,0.14734240458790893,0.09259922813974525,0.26527491248338686,33.98133303266825,20.0,1
111036,3.3619271977508447,0.0,116.12326504611084,1.2984243322312379,1.1694107022410731,0.036177528458350545,0.2675179293847566,0.14348958676172113,0.10107366171887236,0.762495346225589,24.269629537734428,13.0,1
83768,4.359420279727952,1.0,97.26514684901004,1.486045460471644,0.9633865604732803,0.02223712419149785,0.2786062843586233,0.0,0.10958238112235452,0.5499355690315485,24.60535752390048,35.0,2
48333,0.0,0.0,119.07406449606616,0.7299054380798758,1.4913416009490772,0.09546239530113286,0.221024451677974,0.0,0.11200919934125854,0.3619753613456227,26.734937230376666,31.0,2
98376,4.824000686513771,1.0,66.8644021925314,0.7390256179332092,0.35681589601177693,0.07790245322973517,0.35643393693268677,0.14259676968086224,0.06966589041842604,0.15401045902161728,16.194377039281687,18.0,1
104721,3.3619271977508447,0.0,128.9004508712931,1.573269725078865,0.4387923199218749,0.10432098682144851,0.2900298579758404,0.0,0.09747580878089683,0.3619753613456227,27.455230516272565,7.0,1
104345,4.824000686513771,1.0,93.05347409793785,1.8224088628135273,0.4017291313143787,0.07790245322973517,0.3214630605513888,0.13903471949599652,0.1046199903677044,0.43054194018397496,27.57580606723714,33.0,2
129806,0.872923795046736,1.0,102.44264015146177,1.0743027900555246,1.0554618093302919,0.04954523409962817,0.09129645354967957,0.1480936353641807,0.09889625578485943,0.39317524704291157,27.71446694404295,36.0,2
132674,4.359420279727952,1.0,119.34458057943687,1.116173191799425,1.1376138905461024,0.10139935755464843,0.04038650080234692,0.0,0.09972625759298626,0.18280617176269412,24.692441594259673,8.0,1
115762,0.0,1.0,121.09826210982447,1.0660306262012467,0.7141723179935984,0.05009339799691467,0.17553296004468336,0.0,0.0929195560165614,0.15689863189189093,25.385317077406032,56.0,3
140050,5.701060861471607,1.0,122.75683283648512,0.7807417810472599,0.6701107889329828,0.04492319351722311,0.05602534798369097,0.0,0.11277808358501228,0.18471915968581262,20.038955846956437,4.0,1
139929,5.701060861471607,0.0,97.8639179150904,1.5059237685634277,0.9217929097588613,0.10621872520381574,0.09277239074984024,0.0,0.10807879371529658,0.3849355163638353,23.499733357993954,6.0,1
158702,4.824000686513771,0.0,138.73548929161237,1.1303197887629002,0.7384885474384946,0.036177528458350545,0.2438272032254007,0.002965912600349943,0.13315511246185902,0.7023077593058966,26.685563881360938,4.0,1
46529,0.872923795046736,0.0,128.14303793531548,1.5393873568146128,1.2671692686441056,0.09887638189285769,0.2499863334884807,0.0,0.10212019116983716,0.6919283533734552,22.86244542633365,18.0,1
60447,6.117892928831929,0.0,63.26423627750115,1.1878644052004304,1.4684079384441668,0.10586085027058409,0.0949714230421777,0.14357825151832906,0.13301719861630582,0.553485336862008,22.40267100168182,32.0,2
151180,3.3619271977508447,0.0,118.06778813667452,1.5664596139965252,0.9217929097588613,0.05431056943270107,0.023165805092240477,0.1255263014773452,0.09804963764136568,0.3490707404716398,29.8408249722162,24.0,2
141723,4.824000686513771,1.0,144.38287052378178,0.7901631590571356,0.7880755588262914,0.024666575841302687,0.1786570689416453,0.001984806558653298,0.09227673809299898,0.4784445662216481,25.070263083041148,42.0,3
121862,5.270402895934253,1.0,91.1735117688833,1.2054289960576283,1.33675974885698,0.060341027895466415,0.007093892188422288,5.8598688159015044e-06,0.12417503957929378,0.58621235383743,28.697826755634377,2.0,1
19467,6.117892928831929,0.0,76.20891332051406,1.6739227970966106,0.5886403425809775,0.11808386669695793,0.2438272032254007,0.0,0.05502269754756687,0.19904021217904416,32.16876817947248,51.0,3
121001,3.873488880460096,0.0,84.01532048565684,1.5972380637191486,0.7631224941741739,0.06366010318565381,0.24855708884017558,0.05208167588019315,0.07567160824092482,0.17993512852399263,24.893548285553898,5.0,1
101893,5.701060861471607,1.0,98.46216630955128,1.258965687733321,1.5795086777003646,0.044982288551343556,0.221024451677974,0.0,0.0692325431781873,0.6090947568251034,25.525064227443327,30.0,2
24977,0.0,1.0,89.9578695288086,2.029328621294194,0.9760166024735442,0.10064118982096132,0.33119941052022045,0.0,0.10437726552568219,0.37117222363207886,27.29989417737348,15.0,1
95031,3.873488880460096,1.0,95.42877429892953,1.7166256457400175,1.1353577070957022,0.10731328807663247,0.06976627626521868,0.0,0.10186112363500793,0.48114289466383386,29.51810305916916,10.0,1
111130,5.701060861471607,1.0,167.42563887395346,1.1445618616011808,1.2981526855390904,0.04257727432062326,0.06248535294461734,0.0,0.07113757653068406,0.58621235383743,25.728599053770488,24.0,2
49635,0.0,1.0,109.6158259027727,0.8503073162091651,1.7081300168957543,0.10038079826288383,0.012847913841678807,0.013190475895324481,0.13315511246185902,0.2999035103297946,28.832280028721048,19.0,1
97390,1.5954046671017168,1.0,90.90298038436245,1.0251752790418884,1.2435697576993787,0.11640055975613861,0.29435554691593196,0.0,0.12037265058829381,0.5826836339638324,24.515280826432175,6.0,1
129567,1.5954046671017168,1.0,82.17201624446034,1.5360221992945484,1.6836409726368637,0.0642987772069183,0.20257379790106939,0.001521096414929698,0.1268626611347868,0.5223458982041329,25.701515338448477,2.0,1
146465,1.5954046671017168,0.0,145.47974680670583,0.9693795334875999,0.5159788866289045,0.029907481693841425,0.33355937323453344,0.0,0.1295588669753996,0.2690309433417808,21.595353981596023,17.0,1
113843,5.270402895934253,0.0,108.6078509891076,1.8710297385230998,1.448164004953569,0.07261531317345733,0.13170501708479113,6.938160392628468e-05,0.14275967910907167,0.7983220901795082,25.69517953543247,59.0,3
35441,0.0,0.0,141.66779018944743,0.9279519897293446,0.817265915439901,0.02770197444137078,0.28270721539288424,0.027633553338831628,0.10785844760529659,0.37025330913284016,26.105494527337314,23.0,2
148415,4.824000686513771,0.0,131.8382587581422,1.698757269387999,1.0467431886384175,0.046558313762281686,0.05197890253631747,0.0016495230198917178,0.07019179955184995,0.8068215443635162,27.027279964344416,27.0,2
125384,4.824000686513771,1.0,68.70657538872797,1.1388535531640749,0.6773798878749421,0.04954523409962817,0.11936872550991845,0.0009961907158109078,0.08608269509259017,0.34999362956189706,29.678236823953693,48.0,3
113424,2.81870192439919,0.0,96.05022805387844,1.8522407310256643,1.1694107022410731,0.09181366582891372,0.07965940153857573,0.0,0.05057456886355771,0.7169807027788505,22.760310256403674,18.0,1
33544,3.3619271977508447,1.0,116.13351151396863,1.0441365530273317,1.2838098666500841,0.11436458132819939,0.3150353369161678,1.63989725512302e-05,0.1279740703260935,0.41143740592545724,27.5553708856147,25.0,2
128004,2.81870192439919,0.0,132.89919597791132,1.310700409278527,0.8850217453836101,0.037503497957860635,0.2774134827438235,0.0,0.1046199903677044,0.7923654968094657,28.09923678972916,19.0,1
9336,4.359420279727952,1.0,105.95485512984888,1.116173191799425,1.4456428644832313,0.034691301089441025,0.011111986864713333,0.024336665848053055,0.07948948280021469,0.4169031817689732,31.58700646492053,46.0,3
20319,6.117892928831929,1.0,115.99517328016863,1.486045460471644,1.1151419433655108,0.09677083598355257,0.04038650080234692,0.011468359494094787,0.13760690776185333,0.40961416743273077,22.995388448326533,28.0,2
34719,4.824000686513771,1.0,127.92579478912756,1.6144853188230401,1.0995302396656046,0.0614711458158501,0.03861793216455963,0.13728033190226302,0.08150955334797905,0.2971052741693927,23.19130916364002,20.0,1
61518,1.5954046671017168,1.0,119.88534986659602,0.8675408250285294,1.5742552026161614,0.03482762600454365,0.0,0.0,0.08229821707572699,0.5897388344096739,25.321239167110168,20.0,1
159602,6.117892928831929,0.0,112.19436608612286,1.7599522449896807,1.4280529796370869,0.05250168937457113,0.015625372543004,0.0008114746334020185,0.04235517802093845,0.7547906905198852,23.486698189674787,25.0,2
9047,0.0,0.0,182.7965427357004,1.0117429819484791,0.8911068094754843,0.023890353676344383,0.14704857682625724,0.0,0.07610775407689287,0.31851640614259263,24.192333802431854,38.0,2
41833,3.873488880460096,1.0,95.79750276938552,1.2831687122254798,0.4124347299272793,0.027776458983118688,0.21025463587619359,0.040287340300327955,0.07523239892816581,0.39957455327271907,29.4047447883285,18.0,1
23781,5.270402895934253,1.0,86.14165985208525,1.6809968297595563,0.41090010214946837,0.05631163987576615,0.20025699425502924,0.14846866504801617,0.07066635954166857,0.4658339547302879,25.747451903458487,15.0,1
58493,2.234779091684268,0.0,158.39619373593297,1.50925136242719,1.2838098666500841,0.05631163987576615,0.24345789896605846,0.0,0.11315533132292098,0.6997146255147229,24.898506753472603,25.0,2
18006,1.5954046671017168,1.0,105.2797380965619,0.7807417810472599,0.7272262776524988,0.09829752883170788,0.12658456236904403,2.5399753534924494e-06,0.1254539880533494,0.8432373760179501,19.35916223462858,33.0,2
24282,0.0,1.0,130.1009079804206,1.13316055416276,0.8270912295607865,0.039448600807730404,0.2172170175632873,0.14773597891047588,0.0944893301378407,0.32223029241841084,26.857445963213138,57.0,3
116662,4.359420279727952,0.0,149.35156955192147,1.5059237685634277,0.9217929097588613,0.040085503505564654,0.10217491408483344,0.009628717289747853,0.06776790858233991,0.8212439144493663,23.355933063098217,33.0,2
63557,0.0,1.0,97.53308298651673,2.1459202330581157,1.236529463082332,0.04871393084203881,0.0792733184834112,0.000989243783551819,0.06551152725670131,0.3213020905324471,26.37622209557967,35.0,2
137139,4.824000686513771,1.0,84.81961481948137,1.5259518253987494,0.7938794242950211,0.10076992777346946,0.04476386769526602,0.0,0.07066635954166857,0.49371684008158656,26.637049214001017,46.0,3
57486,1.5954046671017168,1.0,120.86906373352005,1.1021217240069057,1.54291101289386,0.093155845558655,0.06952650324260572,0.01018353287733056,0.12476668575403163,0.563235334781676,32.18113872749799,42.0,3
18798,4.359420279727952,1.0,127.38498344279616,1.7454404380504511,1.1017545099034765,0.07941640169894552,0.1153448023958126,0.12539887678696096,0.12022932698877,0.3481476766638229,25.659976292643915,61.0,4
157093,2.81870192439919,0.0,112.06049235795925,1.4016217618309161,0.7880755588262914,0.038157654766122096,0.28154710263093813,0.0,0.0642263303982092,0.8491455560834613,29.14843376108092,46.0,3
53871,4.359420279727952,1.0,116.17449609229736,1.2923101708008011,1.2108708886987363,0.04843439090520536,0.3201606123038974,0.0,0.1456544565061188,0.7040358811081453,22.18691802442728,59.0,3
91666,1.5954046671017168,1.0,152.3913769789038,1.7454404380504511,0.6095183704904821,0.03550559855419764,0.24963015667287333,0.0,0.06474316603131854,0.7152563614657733,24.971291719115467,22.0,2
69206,4.824000686513771,0.0,119.29865007555173,1.408017586653165,0.6901723993940194,0.0756753591574628,0.2646170161701627,0.001984806558653298,0.07782218133052284,0.41325998704410216,26.842005957802076,31.0,2
125956,1.5954046671017168,1.0,109.86890323622904,1.580096699910016,0.650273779481411,0.10558557925566092,0.2463903411380815,0.0,0.10650624542551308,0.6143620734538914,21.165892472619415,42.0,3
102342,0.872923795046736,1.0,118.83409929149911,1.3230403074748542,1.0707955444139763,0.07468068007540363,0.1750078775205933,0.0,0.07479010183432175,0.41143740592545724,26.523745762908128,63.0,4
47371,0.872923795046736,1.0,114.71827001674026,1.4273029632982537,0.986595383828515,0.09844389461644934,0.009075030117923943,0.0,0.07389614600927014,0.4793441631124205,29.31019444910482,12.0,1
108800,1.5954046671017168,1.0,125.18295201507512,1.4794525303974508,0.9887170107264152,0.023890353676344383,0.14041716978012045,0.0,0.10186112363500793,0.6702452610397654,23.62482348502846,52.0,3
56008,3.873488880460096,1.0,62.29671481272117,0.4272934474675271,0.5903701182783821,0.03880600336970576,0.3450089936356306,0.14689913906523044,0.13545220119030235,0.5481598184332552,31.699389906698425,10.0,1
3079,1.5954046671017168,1.0,94.69070586800713,0.9356488839762348,0.3895991011099556,0.0851415328131488,0.29932277078008496,0.05390299172119349,0.1085152749541968,0.8432373760179501,32.00359114525124,24.0,2
3968,1.5954046671017168,1.0,98.6195137351966,1.1675486338704655,1.7938065534691567,0.05395318518153418,7.069253014291196e-05,0.14790716125883133,0.0834609979772711,0.21616482417443889,29.796609481754025,39.0,2
18032,2.234779091684268,1.0,120.32383080964904,1.0881650388686348,1.0751944363573847,0.0431865287142909,0.06574385880311132,0.0,0.0944893301378407,0.4004880737342039,27.63807613038754,70.0,4
111750,4.824000686513771,0.0,94.62212935560076,1.6774576631672329,0.7707663064582774,0.08463728846781318,0.21420196030178915,0.0,0.07523239892816581,0.42509082013318533,27.291613366296712,3.0,1
139401,5.701060861471607,0.0,94.78564626166028,2.1093213954162473,0.5044662873129322,0.10698728321032973,0.32253779789110704,0.0,0.08422295110813957,0.16747215160921813,23.190442160054218,1.0,1
34178,4.359420279727952,1.0,159.98279337944558,1.13316055416276,1.0973079588623809,0.04257727432062326,0.2794946694778553,0.0,0.07113757653068406,0.7795818849243831,23.24603068131274,1.0,1
137729,5.701060861471607,1.0,129.50087861537918,1.563060875323366,0.9781284470444853,0.04673112473458526,0.19314302867308558,0.0,0.12022932698877,0.762495346225589,26.191690117765187,9.0,1
92205,0.0,0.0,115.21080968332342,1.2923101708008011,0.668298156335253,0.054817363853910714,0.226390801977457,0.1482817668352984,0.08892922146119757,0.5499355690315485,28.26659675754004,4.0,1
122359,0.872923795046736,1.0,93.13278913493988,1.2862118976616896,1.0100410881731547,0.10224203121314437,0.03234721238490471,0.011468359494094787,0.07824336696718033,0.2858957051591956,26.112695987860317,12.0,1
10707,0.872923795046736,1.0,126.55037667527267,1.310700409278527,0.7086058516452183,0.022554466530768716,0.27347028496277787,0.0,0.06980972660585218,0.49640736697300886,22.693954545529486,53.0,3
34144,3.3619271977508447,1.0,161.37654931502726,0.5728062043937142,0.7067541031969141,0.03134499269087866,0.24159944956993276,0.13335539425568077,0.0912961293942096,0.18854264528804643,24.079809485370035,40.0,2
11262,2.81870192439919,0.0,144.99349598051094,0.9984031852273931,0.8972092364676427,0.026198033914667747,0.29646898691495843,0.11081655243372752,0.07907699494507488,0.388599298650405,27.474814765486165,29.0,2
21214,5.701060861471607,1.0,130.90704636125295,1.0224814030232345,0.8211903186456566,0.026953409443536608,0.16697724760173577,0.001984806558653298,0.07866163055322024,0.4004880737342039,28.055322158339763,71.0,4
12365,4.359420279727952,1.0,128.48142804049948,1.2680121847925503,1.0467431886384175,0.04071676728200563,0.09570049597102921,0.0,0.0846000186739813,0.4387077377800461,22.349382623347832,13.0,1
2882,3.3619271977508447,0.0,127.31419878330036,0.7854455645604872,0.5143288414977084,0.0431865287142909,0.19314302867308558,0.0,0.06677399494927812,0.23227835647910366,28.005130988659392,38.0,2
99482,1.5954046671017168,1.0,145.02823592547105,0.8235748656635028,0.6288885490015691,0.026198033914667747,0.13795961794494901,0.05509567954286297,0.07567160824092482,0.4041404961216831,23.47122154202036,59.0,3
62176,5.270402895934253,1.0,84.89998432641099,1.713043318578456,1.1084392632811322,0.10715144929109219,0.10570515998144205,0.0,0.08644706391858864,0.6624195015311976,28.191862323199288,15.0,1
78849,1.5954046671017168,0.0,137.3560460171613,0.6352505547361027,1.7410509764195912,0.08029540932132537,0.05248771370758104,0.0,0.09917475099732172,0.47664490956611383,29.023297181845738,8.0,1
100318,2.234779091684268,1.0,86.29668928274863,0.8067838170617007,1.2933635885898236,0.040085503505564654,0.237821988557352,0.13776078708605485,0.1357832242966237,0.1971334117769646,24.6045245045986,57.0,3
28655,4.824000686513771,0.0,119.21188555199848,0.9407982425356697,0.9424924981597133,0.11502415564634373,0.2861332159338602,1.859986783516919e-06,0.08823206529773955,0.3426056156966485,33.32468872748798,18.0,1
833,3.3619271977508447,0.0,85.39268058865035,1.232038730877049,1.3857569851549003,0.05581785744347516,0.002986602388962986,0.14802089407464414,0.08680895131871912,0.5641208390442669,30.412804548993186,27.0,2
95711,0.872923795046736,1.0,97.60136361589001,1.8410205856641353,0.7669406212233013,0.10928782236190884,0.03469111676245034,0.0,0.05566368631090581,0.6169938866974617,25.981390603690105,3.0,1
9986,0.0,1.0,136.49038318357728,1.1646618235594426,1.1218625664872488,0.02770197444137078,0.06735953760387925,0.0,0.11583914795584942,0.43054194018397496,23.81254760401889,13.0,1
147144,3.873488880460096,1.0,102.02002729854227,0.5566421438042738,1.2108708886987363,0.06366010318565381,0.08455490089482158,0.022774425824096823,0.12654701746975344,0.3277957400099712,28.959471988330037,52.0,3
28924,6.117892928831929,0.0,106.49450626819561,1.1189948897666122,1.0014879181509468,0.03880600336970576,0.3208135880075849,0.0,0.10533879505897356,0.567661430117058,27.29653030429421,23.0,2
31587,3.873488880460096,0.0,147.88773260874328,1.5664596139965252,1.0685990710633249,0.04943502408239586,0.1458565046907266,1.619899745745951e-05,0.050203267509272856,0.6476084860628607,27.291872167553297,39.0,2
144296,0.872923795046736,1.0,105.32649686191981,1.0117429819484791,1.042395729804522,0.09692880978339921,0.14525821594835667,0.0,0.12737664277608474,0.6152394809651552,24.282099076702178,11.0,1
4568,4.359420279727952,1.0,131.67221980693589,1.8522407310256643,1.3882284599771346,0.05047426809543179,0.009541736914658244,0.0,0.07654086052747315,0.6038225012683465,24.88542046043266,42.0,3
20973,1.5954046671017168,0.0,115.70304833518894,0.41477597498612506,0.48817207662737105,0.032054095044992494,0.36438587767963854,0.1464010859595497,0.11497228316209064,0.33335476170646205,20.53843522761541,43.0,3
61491,4.824000686513771,0.0,99.04417295527138,1.7346023120600809,0.6574613049083465,0.09277983356126722,0.27408364899257415,0.002965912600349943,0.0642263303982092,0.5738519916568867,25.741393081199455,53.0,3
32420,3.3619271977508447,0.0,85.8796231153625,1.6563128757565557,0.34219145661353245,0.11564581627380506,0.3192844849760274,0.0,0.10894620868502075,0.4856370331868439,25.95502185839185,1.0,1
63239,0.872923795046736,1.0,124.8787900773542,1.0632807525460788,1.5979622149768788,0.08226457702046334,0.016197064262920346,0.0,0.10999979085255757,0.2596351508210209,22.466357119132,42.0,3
37136,6.117892928831929,1.0,135.29317105706824,0.515172448703798,0.05839955098088844,0.038157654766122096,0.3721024229341608,0.09534286919131267,0.08716837634649345,0.3674955385332786,23.724716840583106,14.0,1
19079,4.824000686513771,1.0,86.43564743398606,0.6697530468859387,1.5900409064989947,0.09563039090246964,0.0019940376062208094,0.010552014101597989,0.10510074374136276,0.4378010692265794,24.60438566619221,6.0,1
34381,5.270402895934253,0.0,123.69661895465411,1.688088075804631,1.5015885652972079,0.06969534196105091,0.03505015914588083,2.1898167880217458e-05,0.06072072975826447,0.555259355923415,26.501573620506186,71.0,4
109776,0.872923795046736,1.0,163.2370904388882,0.5912348122088464,0.7216204794212896,0.030629476337651843,0.24747716982900486,0.14876792934782157,0.10741349334001439,0.08409898345945786,19.875951702864285,27.0,2
10632,2.81870192439919,0.0,114.99536071502752,1.456507450130662,1.4431238001219762,0.032054095044992494,0.005946621798604477,0.0,0.09227673809299898,0.7582161929317754,25.10972277236265,56.0,3
85681,1.5954046671017168,1.0,119.00259274090337,0.9433783587917097,0.8548562783934225,0.036177528458350545,0.29594365698262864,0.0,0.0682595902191365,0.5923822294541841,24.706289294484478,68.0,4
104635,2.81870192439919,1.0,120.10461897255423,0.11747857221381706,0.16996042887706822,0.038157654766122096,0.35736816540440997,0.14861803168969095,0.07298954199416931,0.05165830741002074,18.075807273605943,26.0,2
21220,3.873488880460096,0.0,135.09766632502743,0.3678475848529395,1.5196011969191976,0.05009339799691467,0.0,0.029205777483379724,0.08111111514562246,0.22849210047277335,30.20949054385552,27.0,2
112024,5.701060861471607,0.0,67.44050099447026,1.593801330922556,0.9908405959351675,0.11232767362595948,0.06297645192637001,0.0,0.05161778448463973,0.7676263476484754,27.916925434657674,30.0,2
95018,5.270402895934253,1.0,58.21832984660324,0.5426649349516074,1.088438717875863,0.03226558454660768,0.04179407419342824,0.14817265375133779,0.12777722757972032,0.032563812386193575,24.6350560741745,35.0,2
116571,2.81870192439919,1.0,123.45795961092527,0.7925271422579314,1.1196203641016944,0.11175808059298264,0.03746290532353106,5.459886113607485e-06,0.07434469244013149,0.6953901935688297,27.24033772924129,3.0,1
53542,0.0,1.0,129.99504928941235,1.0965276954317247,0.6719252777395165,0.026953409443536608,0.23041492083456172,0.0,0.07389614600927014,0.40779027040891674,25.374033183843633,12.0,1
109878,2.81870192439919,1.0,105.40961623263863,0.9000075885026969,1.1308513369073827,0.038157654766122096,0.20936643468293328,0.1403031301721906,0.06776790858233991,0.4123487785843696,27.13187261299667,24.0,2
126928,6.117892928831929,0.0,162.47078121209464,1.3698863849283012,1.1331035227505035,0.0719035626650213,0.019040454878118153,0.14238902999636535,0.07344443758622808,0.1866313169426985,32.632797402430754,21.0,2
67275,4.824000686513771,0.0,113.78366471403649,1.752687621763492,0.6520678855900447,0.03590947778731781,0.23041492083456172,0.0006702781649969557,0.07948948280021469,0.3426056156966485,25.024173510550735,29.0,2
12011,0.872923795046736,1.0,124.78752082390164,1.1360051413715428,1.3489319860322233,0.02844379682282684,0.17236337369497504,0.0,0.11797137715506432,0.6205010638904588,25.299037959171024,35.0,2
116689,2.234779091684268,1.0,82.11818773947817,1.5528898930012174,0.8211903186456566,0.11932924002647638,0.053502750204212,0.0,0.10915962010817792,0.5250220325545847,36.1781613007287,61.0,4
38354,0.872923795046736,0.0,81.7143134036257,1.0063959825440436,1.7026730866736057,0.11893387405055605,0.30801870464992115,0.0,0.11425910032408468,0.3110799737441455,32.74612616578534,17.0,1
21298,5.701060861471607,0.0,158.10703107256043,0.9798822134503042,0.6719252777395165,0.02844379682282684,0.3003458152426495,0.009628717289747853,0.09510266620308695,0.2426743316518963,25.912820783920672,15.0,1
148435,2.81870192439919,1.0,120.5582732452068,1.5125831187873215,1.2909720999978591,0.025052050462048257,0.12398442007630957,0.0,0.12901708090428082,0.6728515002130602,28.04833718771862,7.0,1
64439,4.359420279727952,1.0,110.29739528253684,1.7094653201885666,0.5955704093858848,0.038157654766122096,0.13919151447689318,0.14833020860305846,0.09227673809299898,0.5508232274881332,25.45077811638995,19.0,1
78284,4.359420279727952,0.0,129.85892711528962,1.3416702104497014,1.1218625664872488,0.03822275004970231,0.02952943058970155,0.0015013271688992893,0.042693540175557244,0.5152030121689768,29.56444122557946,20.0,1
73766,4.359420279727952,0.0,107.8626415914136,1.2201731395132756,0.9781284470444853,0.06776810307407538,0.1071041786982304,0.0,0.11296729991626979,0.39500445441039295,24.56090314937761,46.0,3
104800,1.5954046671017168,1.0,120.21168306271956,1.347912282370425,0.7861447309043834,0.09220467864151599,0.0032936971895751854,7.289796980047994e-06,0.08030591854684666,0.4667357229045698,27.90915220561135,4.0,1
125812,5.701060861471607,1.0,126.01378933634024,1.2649927397327414,1.3734305307687875,0.04257727432062326,0.03950348483126515,0.0,0.08111111514562246,0.3674955385332786,26.72128698291559,3.0,1
43986,4.359420279727952,1.0,146.75876570957666,1.2801294904916005,0.3986861421068424,0.06102200408319748,0.29803299985297993,0.007761030056575878,0.06474316603131854,0.47394426546045465,24.914066490034624,35.0,2
117004,5.270402895934253,1.0,107.3757884520958,0.3360917427758378,0.9156208630438081,0.04730387785758131,0.12915797286804528,0.14837748463692157,0.07019179955184995,0.11725734975686705,28.55152475817247,47.0,3
158032,0.872923795046736,1.0,105.80949737928272,1.4305314995612604,1.496460907685237,0.0997124288993236,0.0712007352970498,0.0008313491646923736,0.11532226495594795,0.35552730403390576,29.795634529772403,30.0,2
18909,5.701060861471607,1.0,126.30743416522151,0.33773735110466063,0.26617686285745656,0.03557306247571486,0.3698297147628703,0.14153303278698842,0.12964737404116164,0.3453774353206826,16.499807348526218,25.0,2
18544,0.0,1.0,115.70304833518894,0.8429744814568473,1.4557398888377278,0.03932053869617266,0.0007601353420622721,0.006360601603099192,0.06484609051426313,0.35460545987661984,29.443833684168855,39.0,2
140953,1.5954046671017168,1.0,129.67739908906526,1.0909488099104507,0.776519017031305,0.03012476416116336,0.26910665711550336,0.0,0.08716837634649345,0.25775370012333004,24.33976690627288,36.0,2
54275,2.81870192439919,0.0,164.99716235771558,0.6785107863592905,1.2600680937293525,0.029178943760520885,0.05585783783563089,0.007761030056575878,0.08422295110813957,0.1356735164838955,31.351879502116287,1.0,1
5475,1.5954046671017168,1.0,148.08072142754185,1.6248846462339144,1.1308513369073827,0.04843439090520536,0.15175752601352488,0.0,0.09776367429658296,0.4504799087144882,25.47953396471619,70.0,4
135653,6.117892928831929,1.0,86.12027336192483,1.116173191799425,1.54291101289386,0.07759212050764247,0.2180697686246851,1.1899945902425863e-06,0.09162520541474937,0.5508232274881332,23.9039828790713,23.0,2
282,0.872923795046736,0.0,119.1046933690742,0.7276338680333096,1.656633108457273,0.050636785623080244,0.014670307255570792,0.0,0.12511337403336176,0.6240060675375,30.422897726932884,66.0,4
66248,0.0,1.0,82.16125094547971,1.2231336726202555,1.757626974603384,0.07400365818851558,0.1786570689416453,0.14039387376488532,0.1125876738958727,0.5472717260619129,30.60143205686478,42.0,3
150033,2.81870192439919,0.0,51.9337687832819,2.2579849171200572,0.8389446157210648,0.07790245322973517,0.045631865334373974,0.009350363809982692,0.07866163055322024,0.5250220325545847,24.611465748908085,13.0,1
81106,2.234779091684268,1.0,161.10282524195486,1.5562760176399235,0.8468851234775537,0.0389993838943384,0.04753277949200222,3.709947418212118e-06,0.08716837634649345,0.4973039056850378,21.56729642695043,38.0,2
106596,6.117892928831929,1.0,146.5060635063793,1.2559580752183774,1.3513725909920593,0.06279572776316904,0.2016502871049115,0.0,0.09540627374586548,0.6248819796008633,24.748768943477238,39.0,2
126437,0.0,1.0,110.23545936282943,1.4630425573980839,0.9300494478737024,0.08029540932132537,0.1028847268953419,0.12150916954141164,0.11239606234866689,0.20570758564253153,23.867011994477156,51.0,3
30317,3.873488880460096,1.0,185.71683470065386,1.886141037519727,0.6182954332776928,0.04276061748620796,0.16752177592828701,7.737711883563335e-05,0.14187725991115452,0.29337171326094935,25.294950407631855,35.0,2
110537,3.3619271977508447,0.0,92.74669840841854,0.1624789420630379,0.006027313025603531,0.03880600336970576,0.37508546512046803,0.14789742489322466,0.07344443758622808,0.035835160877532524,28.734322667348,56.0,3
133458,2.81870192439919,1.0,96.06075621248785,1.1849505506472449,1.2529852016303604,0.05122905034163405,0.0022325231538303167,0.0,0.10581030322960991,0.39957455327271907,24.052186794798228,46.0,3
41282,0.872923795046736,1.0,63.29216797918159,1.2923101708008011,0.8153065731672732,0.06408679225719048,0.05333381640356864,0.0,0.12022932698877,0.4050531875874435,26.249799853997295,21.0,2
110525,0.0,0.0,85.72448646153742,1.9013237270942018,1.0186256893922574,0.09121551619797047,0.0799678872523985,0.0,0.10958238112235452,0.4513843481564584,24.146804171079157,49.0,3
26954,5.270402895934253,0.0,153.03670409847734,1.1502855016786524,0.9633865604732803,0.02770197444137078,0.056694445884583236,0.001984806558653298,0.08680895131871912,0.5499355690315485,22.265725258626933,13.0,1
71942,4.824000686513771,1.0,80.65750690005295,1.3168623695632067,0.8688796649587435,0.05496854635576409,0.13795961794494901,6.698285415833563e-05,0.07160547706998972,0.2699694764964411,29.19245380424562,8.0,1
58289,5.270402895934253,0.0,70.08497988540363,1.8597430050557224,0.6359874431092684,0.09407062608946572,0.21849470962927253,0.0,0.06874779249788905,0.7221507233753106,28.303724088469963,1.0,1
142428,4.359420279727952,1.0,29.473041074817573,1.6075736872862627,0.4201341924731819,0.0769637268850384,0.2905779107542213,0.14429555953813472,0.07866163055322024,0.428725547103319,24.15453705480065,9.0,1
7407,4.824000686513771,0.0,119.72723653790895,1.408017586653165,0.9404137982053083,0.06235797169475681,0.2652662918471982,0.0,0.12065670517582489,0.49640736697300886,20.300783663572446,64.0,4
32797,5.701060861471607,0.0,102.35918084022624,0.7597450800680996,0.6592628138396347,0.11467594747602695,0.004381103098323658,0.0,0.11334218617191304,0.41963386075746517,26.918884435551767,9.0,1
138716,0.872923795046736,0.0,129.7227845051717,0.5268798488130423,1.257705099064472,0.03482762600454365,0.2869771905362136,0.0,0.07824336696718033,0.21236501541503539,29.14101017537473,51.0,3
10275,5.270402895934253,0.0,158.58729359264322,0.870016916351664,1.2155178905375075,0.04071676728200563,0.23160499351003486,0.14765109619313957,0.13861428687091423,0.5906201054722333,26.383108410462448,6.0,1
44997,3.3619271977508447,0.0,131.06818862086095,1.593801330922556,1.6647131528044516,0.0685487630522728,0.2080265135636827,0.01889917121527426,0.04594415346688255,0.7143940027013405,23.18827455547148,22.0,2
1153,3.3619271977508447,0.0,85.24812705803276,1.5159190404539722,0.6901723993940194,0.06697413709052649,0.0036598586152664556,0.00011494949378135282,0.08307607176161669,0.5339328914848354,30.031424643755724,7.0,1
97214,2.81870192439919,1.0,121.16955560637982,0.5667208372492745,0.008048573142439747,0.03482762600454365,0.37508546512046803,0.1482488086305023,0.07298954199416931,0.22470267675408148,23.88174832173604,57.0,3
111967,5.270402895934253,0.0,70.7672368020198,0.6099237123615296,0.986595383828515,0.10064118982096132,0.34535875427473595,0.0,0.08858182813778119,0.45590417500931824,24.948467315343457,23.0,2
61038,1.5954046671017168,1.0,132.3009972758573,1.532661226759913,1.2600680937293525,0.03763479673457211,0.007934648015399368,0.0,0.12883231270653828,0.6510968640924567,25.564587486553663,66.0,4
42108,0.0,1.0,100.60427356806449,0.8576718908979484,1.2766659695073987,0.030629476337651843,0.07530484433310232,0.0,0.07782218133052284,0.7066271145340868,24.42735148414577,53.0,3
3553,5.270402895934253,0.0,163.95412260147353,1.635322297431103,1.0078998505255499,0.05223874875548161,0.12787458610078709,0.0009961907158109078,0.0875253578926078,0.5044707688151407,25.52411624245864,41.0,3
148960,1.5954046671017168,0.0,113.03313233280652,1.1878644052004304,1.208550416448057,0.10941971488836727,0.10570515998144205,0.0,0.07207008747600625,0.6537117577120378,31.700674708751034,23.0,2
77173,1.5954046671017168,1.0,165.2748216481565,0.7996398684795895,1.1969783179741296,0.053799353682425805,0.2080265135636827,0.009628717289747853,0.09889625578485943,0.5932630825882477,27.821633292466508,4.0,1
10877,6.117892928831929,1.0,132.9846214217214,1.13316055416276,0.11583499524062144,0.05090670273808929,0.36832732859560113,0.146097022132915,0.07160547706998972,0.16266919995123785,28.80697020661363,39.0,2
55763,6.117892928831929,1.0,111.83903559175872,1.6423020601527738,0.8568538604471809,0.10258997345819416,0.24675338874745154,0.0,0.11949950664623125,0.6945249250145904,26.391317419807685,38.0,2
70916,4.359420279727952,1.0,112.15317660402651,1.456507450130662,0.9321184334126422,0.080004802065222,0.20257379790106939,7.138052846783958e-05,0.07019179955184995,0.46402995003512487,26.628891798955625,1.0,1
140765,4.359420279727952,1.0,142.38457388129072,0.8356733126244692,1.0906530470009785,0.047871617065426426,0.2319999480755242,0.09106104626622927,0.10413295990069908,0.37759984787925627,26.043960343846333,47.0,3
50067,5.701060861471607,1.0,113.12570215458905,0.11376230470665086,0.08965035522164685,0.03684347528477961,0.3724974215112106,0.14750688964916195,0.12807164233603202,0.13664057928942153,32.387027389457174,44.0,3
28804,0.872923795046736,0.0,109.69330741951943,1.2054289960576283,1.2529852016303604,0.04021220559895827,0.15637341109399755,0.001025959078889148,0.13714858293754445,0.8085200343541193,25.97282610198363,19.0,1
46830,1.5954046671017168,1.0,65.57114540220151,0.9050560474853104,0.7803636199698412,0.04730387785758131,0.226390801977457,0.14394803502789175,0.10363955969640551,0.39683299385755855,28.218559667212382,42.0,3
152885,6.117892928831929,0.0,186.02334480572148,0.9877977162194078,1.0532791897548954,0.060112080397729396,0.07294428524369923,0.0,0.1087314302634894,0.5756194484892455,24.133584092379415,12.0,1
201,4.359420279727952,1.0,81.85974085581813,2.3088942342987417,1.160285808401269,0.07911856488323085,0.031077796772054658,0.0,0.06586728965787758,0.7940679687734105,27.285013369211327,36.0,2
78976,3.3619271977508447,0.0,109.66748111693417,1.1360051413715428,1.4633344786443667,0.032756846992377936,0.15175752601352488,0.11544880796978638,0.1299964056903021,0.5888574238226963,23.716604885888977,48.0,3
152844,5.270402895934253,0.0,116.49205651817459,1.6110273795933783,0.9383370423726153,0.05223874875548161,0.29932277078008496,0.0,0.07066635954166857,0.490127341111776,27.804004754816777,6.0,1
153295,6.117892928831929,0.0,121.67353142972661,1.5026003343861656,1.2271707574696977,0.030485597741861343,0.07655585112382374,0.00039340763034223335,0.07344443758622808,0.37117222363207886,25.56052878937674,49.0,3
115687,4.359420279727952,1.0,109.11975845821813,1.3354442055656686,0.8389446157210648,0.11449153950467976,0.20622559862988302,0.0,0.09747580878089683,0.4513843481564584,25.790777935856784,7.0,1
65129,4.359420279727952,1.0,187.20081950023058,1.1474217637968984,0.448216650415155,0.1130192548806852,0.25865153931348445,0.0,0.08680895131871912,0.6519686275075127,26.87758739591015,15.0,1
113529,0.872923795046736,1.0,103.01616051799279,1.6388100440527043,1.3053516392490825,0.1090864959917678,0.1680649782500538,0.0,0.10958238112235452,0.31479963689727203,25.859567452893785,18.0,1
117198,3.3619271977508447,1.0,89.72402868679238,0.5646987472473326,0.6773798878749421,0.02680288136667475,0.2977735712272259,0.0,0.11935085950785726,0.5658914195524049,35.30055603417606,17.0,1
38409,4.359420279727952,1.0,140.71625326881482,1.1218203956730715,0.9217929097588613,0.03482762600454365,0.2777125758922266,0.0,0.09259922813974525,0.4504799087144882,23.221351790955694,55.0,3
11836,0.0,0.0,139.85858229770247,0.8356733126244692,0.07820268096499827,0.05328367386024081,0.3710402486225331,0.14814663838183756,0.08823206529773955,0.2802808782739762,25.415209747353362,65.0,4
81974,1.5954046671017168,0.0,33.50402346897164,1.408017586653165,0.6920073491138415,0.03684347528477961,0.2780110728216572,0.14530463374284022,0.09259922813974525,0.6099729853020663,27.29031933493239,9.0,1
87904,2.81870192439919,1.0,121.93812630213668,0.9050560474853104,0.5325783271168508,0.025282496644454047,0.37367170776866765,0.006293974833399672,0.08644706391858864,0.39500445441039295,27.75926046962103,6.0,1
64213,1.5954046671017168,1.0,121.00659021535496,0.6036650358901219,0.2965467864597166,0.029907481693841425,0.33316944739508353,0.13310560430234014,0.11651353817190897,0.4223630722672164,29.553412839508404,43.0,3
135134,4.359420279727952,0.0,145.97568110673308,1.443486624022477,1.6674107491010164,0.05276348676969412,0.10640559698907252,0.0009961907158109078,0.10999979085255757,0.745360522114038,27.414485388136548,3.0,1
134207,0.0,1.0,145.2416122917935,0.8749797475547563,0.9950936437439697,0.032054095044992494,0.049079250964874775,0.01941222798933369,0.09972625759298626,0.4883316765960209,26.154278034817942,24.0,2
38959,3.873488880460096,1.0,110.92679550149103,0.7321803953673356,1.5247664907417113,0.0708133464056408,0.15751312861954064,0.14011884095148622,0.10673525114395638,0.43235768782226963,27.41822637572632,18.0,1
105885,4.824000686513771,1.0,41.7714902864655,0.9177400165281233,0.6920073491138415,0.10567800055765059,0.3599669935990206,0.02482543219768276,0.10979175009966557,0.5835660242459407,26.926328994083228,25.0,2
124772,4.824000686513771,1.0,112.48777861586161,1.5059237685634277,1.4709477900653012,0.048546354064810414,0.09055548875425853,0.0,0.11122066945651018,0.7923654968094657,22.903563256110804,68.0,4
119251,4.359420279727952,1.0,188.40113158884915,0.8749797475547563,0.650273779481411,0.03684347528477961,0.03683917775901111,0.14574816785747402,0.0834609979772711,0.3213020905324471,23.82787421246185,16.0,1
85936,4.359420279727952,0.0,29.67199170237481,1.5835165182702335,0.4849346932821102,0.04438898378389238,0.24529654364002723,0.14614941886423052,0.07824336696718033,0.5472717260619129,25.078761431313534,9.0,1
34906,1.5954046671017168,1.0,100.20149344346599,1.1388535531640749,1.2131933798627534,0.029689610335349732,0.07310226462928597,0.005395832972233511,0.090631273449164,0.21236501541503539,29.306620101445652,28.0,2
86705,1.5954046671017168,1.0,178.00114754637775,0.9798822134503042,0.9612883852905215,0.040085503505564654,0.2370566471492302,0.0,0.0878799146864748,0.5694308716311162,24.844478471315565,38.0,2
159416,0.872923795046736,1.0,103.20896930376422,1.2083700310814445,0.9321184334126422,0.027478115992428973,0.08073762434352733,0.0,0.06850412453748891,0.1607465310562704,27.285531055348592,41.0,3
84951,3.873488880460096,1.0,153.62750117325513,1.0523187556135853,1.4031006457171435,0.061916456303725574,0.04126698976593212,0.096894553979929,0.12405459357167793,0.4423328122524797,25.2961767201229,39.0,2
49280,2.81870192439919,1.0,134.41558859473423,1.1133552989984767,0.41550924816995743,0.03162939973567415,0.3421683664621432,0.020853445440369846,0.11828452903796835,0.4658339547302879,22.14908327539884,45.0,3
79523,3.873488880460096,0.0,148.3181966461857,1.1531530780227583,1.4785798387800124,0.029178943760520885,0.1071041786982304,0.02359941253875624,0.09972625759298626,0.7092172109919126,26.63520736562036,4.0,1
14069,6.117892928831929,0.0,124.65059902187917,1.5192591302375724,1.0036232661278224,0.09442669630209094,0.21593067514693054,0.0,0.055431191649043365,0.31386999284176065,22.49955572517471,56.0,3
102495,5.701060861471607,0.0,115.99004918877532,1.035987948999315,1.1308513369073827,0.11285320965981253,0.27254559242494636,0.0,0.142361322070384,0.5579193060105864,19.074004319014357,28.0,2
71675,0.872923795046736,0.0,100.35844821284307,0.7996398684795895,0.9404137982053083,0.07911856488323085,0.33336457894002675,0.00017388439572553168,0.13943465838545405,0.654583124696766,21.344086869605245,60.0,3
1533,0.872923795046736,1.0,86.22185245044975,1.5427567021324977,0.811393604128813,0.11017367031918551,0.009852506517610308,0.0,0.11949950664623125,0.21616482417443889,29.369928205961312,4.0,1
155646,3.873488880460096,1.0,143.89112257942165,0.7854455645604872,1.476033739652881,0.07941640169894552,0.015625372543004,0.015065401060720823,0.0878799146864748,0.21046390307817353,27.12290715679227,25.0,2
789,1.5954046671017168,0.0,143.76193674337705,0.7051038664063272,1.4105646242891337,0.027627422474071267,0.007475430996835495,0.0,0.07782218133052284,0.18567534203771005,19.702543366792245,59.0,3
31175,1.5954046671017168,1.0,137.711091674129,1.249954663221884,0.7479254660277699,0.06931636345747896,0.006927442155667886,0.05685311494931573,0.12417503957929378,0.555259355923415,27.65205768333985,21.0,2
33738,3.3619271977508447,0.0,92.47153498764456,1.1762322066763853,0.9321184334126422,0.03012476416116336,0.14704857682625724,0.01786611536513251,0.06732239711425879,0.3849355163638353,29.191465088519184,7.0,1
35339,6.117892928831929,0.0,153.8686495963849,1.4761622725906902,1.699947820491657,0.09612667909729579,0.09277239074984024,0.0,0.05772607159203345,0.7005791303777831,28.641646080450325,32.0,2
12205,5.701060861471607,0.0,147.30854925397017,0.37466554269853625,1.5221827970798172,0.045687377085124485,0.0006852973055465422,0.005941215929008324,0.07066635954166857,0.27465930423277096,31.477634087013897,58.0,3
55956,0.0,1.0,167.55203366234147,1.071541642188199,1.7548589521511095,0.11467594747602695,0.1614580741411667,0.0,0.13769573141018507,0.43054194018397496,27.308173277474037,44.0,3
83163,2.234779091684268,1.0,95.3497346143566,1.6041242390834507,0.9802422468499067,0.06248969162613255,0.3491304041867901,0.0006762473109285798,0.07113757653068406,0.4350801015157789,21.71292975448016,1.0,1
52766,1.5954046671017168,0.0,159.6450962661762,1.4597729435754092,1.3709714197337277,0.0756753591574628,0.21420196030178915,0.0,0.12892496155362296,0.602063981300623,26.680044914148414,22.0,2
110986,4.824000686513771,0.0,189.96324049742262,1.593801330922556,1.0489198800185926,0.0431865287142909,0.1781395052452503,0.14789742489322466,0.07782218133052284,0.4883316765960209,26.0594532933233,42.0,3
37418,4.359420279727952,1.0,121.72442144938884,1.1995585970342593,1.1511930062111049,0.0685487630522728,0.13547693088861773,0.0,0.12807164233603202,0.7565036843130809,22.094787549579564,49.0,3
89499,5.270402895934253,0.0,93.40238822765126,0.915196032112578,1.0862263751542853,0.032054095044992494,0.2267972213526766,0.014176275640349664,0.100270542490563,0.3601339240615556,23.297064256896174,46.0,3
84431,5.270402895934253,0.0,75.6373388192256,1.7599522449896807,1.0642120665634267,0.05149638589108937,0.03621419283584304,0.006493748981182093,0.06001041677208025,0.44323868162207153,28.55792363015845,36.0,2
17286,2.234779091684268,1.0,123.40209363582812,0.6567157965186239,1.2131933798627534,0.032054095044992494,0.29328660272751916,0.0,0.12499849218571271,0.5374931232470989,27.86197142212242,75.0,4
8207,2.81870192439919,1.0,110.78238823910216,1.5427567021324977,0.8016444925314857,0.04557037994341877,0.2463903411380815,0.0,0.07434469244013149,0.4990965284816648,26.681621841178195,59.0,3
14302,0.0,0.0,121.28157611777442,0.6785107863592905,1.7272965097434245,0.06408679225719048,0.0,0.0,0.0994514137349725,0.3342806431153462,26.596640205473637,16.0,1
57769,5.701060861471607,1.0,110.37996877474072,1.3888789288233903,0.6218191154126793,0.11255177811980693,0.14764237027396704,0.0,0.06971386977315287,0.32223029241841084,25.11670604551037,4.0,1
88773,4.824000686513771,1.0,128.6732940662898,0.48260774743591484,1.777063188483045,0.0897636276352218,0.0,0.00681651852218226,0.09776367429658296,0.42963382439383313,32.61000750922777,27.0,2
73858,3.873488880460096,0.0,116.12326504611084,1.5528898930012174,1.33675974885698,0.05476688216271569,0.29646898691495843,0.00013592936812576787,0.09570786137811908,0.8609453674204514,23.489133701778844,13.0,1
80065,1.5954046671017168,1.0,99.55237366422129,0.7925271422579314,1.7355427726221995,0.06056899457987591,3.3198352705423776e-05,0.004201193465578989,0.07739805058592603,0.32223029241841084,27.29109575876737,50.0,3
32443,0.872923795046736,1.0,97.03915800688375,1.6041242390834507,1.0229297889556126,0.036444621844153466,0.21549995852740508,0.0,0.08307607176161669,0.417813571389132,26.62704956672659,70.0,4
140193,1.5954046671017168,1.0,112.71934278592444,1.2054289960576283,1.0685990710633249,0.050636785623080244,0.07452016071660737,0.13988311293636624,0.03946287364222885,0.2680922205501752,32.55705601073014,47.0,3
99973,0.872923795046736,1.0,87.84481506577616,1.0495876169697003,0.8055384298711078,0.06657208594270177,0.33020146857177496,0.0,0.0846000186739813,0.7031718835524514,28.539602678007,28.0,2
18122,0.872923795046736,0.0,131.2091648260788,0.7901631590571356,0.7067541031969141,0.08867623283039489,0.18426934876289744,2.149982340988142e-06,0.07344443758622808,0.3509163440956271,26.191290892332585,26.0,2
43697,0.872923795046736,1.0,97.096976252169,2.0372453139730755,1.5041555271287885,0.10051148267888103,0.2946215020022468,0.013010360238434363,0.056758869328244754,0.7974715008392304,26.238105156764504,21.0,2
99195,4.359420279727952,1.0,177.3118309849746,1.2201731395132756,1.1443944415571772,0.06340233793787266,0.3289923790540922,0.14860433983858176,0.07610775407689287,0.7855508879034244,32.46637369688432,22.0,2
116272,6.117892928831929,1.0,111.06601990815862,1.5259518253987494,1.0510985468541778,0.06616661355998277,0.004962882796202298,0.06352047346558064,0.0834609979772711,0.23984141670888795,28.55980546494258,19.0,1
107092,4.824000686513771,1.0,160.16872783568866,1.0853850452792237,1.1308513369073827,0.03282677534239687,0.00486434792428398,0.12965566199889592,0.06702380099356973,0.04859745372907193,35.51776927340166,25.0,2
10343,3.873488880460096,0.0,85.68168310188737,1.7708819284359916,0.7178926528129836,0.05814955297599888,0.18173656703380087,0.0,0.07567160824092482,0.46402995003512487,29.68178048532709,24.0,2
95780,5.701060861471607,0.0,125.98340669703721,0.6437972553886573,1.314978844489941,0.0689341804959577,0.02502350614647099,0.0,0.12777722757972032,0.45771100209068194,23.329749536909507,32.0,2
120644,2.81870192439919,0.0,77.3502396174678,1.6006790321669766,0.7012100698643479,0.06737279893323408,0.11056948609566525,0.029828181302840203,0.07610775407689287,0.05639310383011971,30.042696117718425,6.0,1
55434,4.359420279727952,1.0,76.49719052540557,1.7346023120600809,0.288182827141673,0.10770794092542646,0.3075369769343362,0.015330837152477619,0.09510266620308695,0.6563254629183313,20.96566460651745,26.0,2
143008,1.5954046671017168,1.0,161.99706990901277,0.7597450800680996,0.9908405959351675,0.05824462509301763,0.13359821373595446,0.0,0.14115572838657056,0.5738519916568867,25.848558743436623,24.0,2
29940,4.359420279727952,1.0,110.89069620722654,1.5293044363985917,1.79660463980821,0.05551952865481552,0.008909578967553556,0.1386630805856226,0.12215914027194473,0.5232380909858012,27.03092712434838,63.0,4
15273,3.873488880460096,0.0,148.0708254424898,1.50925136242719,0.8035905104059599,0.06616661355998277,0.14941484002339908,0.0,0.0626534392312979,0.555259355923415,27.88850137456934,29.0,2
59391,4.824000686513771,1.0,75.16328262366348,1.3952422166886544,0.06057487310748179,0.04379041442699696,0.34980154919725676,0.14694093514392947,0.06727271957900667,0.12017050102339782,26.763403737273016,31.0,2
120649,3.873488880460096,0.0,126.60098129071113,1.4532460742582065,0.6755598265644066,0.09039569818937865,0.2780110728216572,1.009961030643975e-05,0.06333917787966564,0.3748461739260816,19.19316225395278,8.0,1
78371,5.701060861471607,0.0,41.19036981917413,0.8924617548512922,0.5325783271168508,0.11255177811980693,0.35357646934594433,2.1098299285178665e-05,0.07479010183432175,0.4387077377800461,25.603799042407193,37.0,2
111501,1.5954046671017168,0.0,130.3982545340849,1.0965276954317247,1.0751944363573847,0.037503497957860635,0.13170501708479113,0.14176585841195727,0.11667954399222695,0.3175874845356611,27.56385466758564,1.0,1
55840,0.0,1.0,143.71721469340795,1.3323372212749316,1.0664045786492466,0.038157654766122096,0.11601985112802114,0.002965912600349943,0.11600931508282333,0.26433542927204406,23.809708611971537,54.0,3
111692,0.872923795046736,1.0,149.5739318203366,1.1791344541649518,0.3986861421068424,0.0426995572243835,0.1857746293957585,7.297964611010463e-05,0.07697095147323091,0.09680842200634909,27.41500140710772,30.0,2
120895,4.824000686513771,1.0,79.37158202358054,1.104924423867234,1.1557353982549923,0.07226092540897922,0.026594062820079506,0.0,0.1363631935094853,0.20761071993731683,28.570593016557062,33.0,2
64471,4.359420279727952,1.0,77.69759466738681,1.1360051413715428,1.3587067315067167,0.11200102058496486,0.27099193577783337,0.0,0.12229085868403589,0.4775448150825342,29.24235420471954,10.0,1
26537,0.0,0.0,116.25133660277602,0.9930930893391963,1.4105646242891337,0.0431865287142909,0.1847723004118197,0.0,0.12929029597956693,0.5596918883888553,28.85022459143332,39.0,2
23466,4.824000686513771,0.0,151.49416442844515,0.8067838170617007,0.3234369719304924,0.026953409443536608,0.29435554691593196,0.14070430209966772,0.062121579541474924,0.1933173511187911,24.916131446847718,13.0,1
118431,6.117892928831929,0.0,78.2290543414403,0.24839849456539587,0.339287251038444,0.039448600807730404,0.3688765901854031,0.14866510521289292,0.05366577368042376,0.03781648672357541,23.78315296388061,38.0,2
126818,2.81870192439919,0.0,106.15727023719835,1.7599522449896807,0.7650306132434314,0.08171337117473375,0.22760737007515214,0.0,0.08307607176161669,0.6231300200369565,25.07300469900797,15.0,1
6663,2.81870192439919,1.0,75.12512170700872,1.1246497122921346,0.8688796649587435,0.029178943760520885,0.2300164851229946,0.0,0.08268848505094586,0.7727530213566,25.805567433446804,58.0,3
7734,0.872923795046736,1.0,97.54884066048281,1.6809968297595563,1.1151419433655108,0.0614711458158501,0.15694397548208475,0.0,0.11277808358501228,0.591501237117933,27.63230252303361,71.0,4
20053,4.359420279727952,1.0,60.9565577576328,0.7667130778006805,0.593835151024814,0.10915407460466377,0.3370088762442755,0.0,0.12644056977927082,0.5348231690526993,21.939610359404373,40.0,2
42926,3.3619271977508447,1.0,99.90318255890743,1.563060875323366,0.5783000164936618,0.05531977924046881,0.2489155364887245,0.1473544828317745,0.07253143383276514,0.5809184321198676,30.999213373762995,21.0,2
27908,3.3619271977508447,1.0,122.48232296441557,0.7163267310388866,1.8275257219533083,0.11683196736370616,0.00855893663879571,0.00022680327441702307,0.07523239892816581,0.25493008433871256,32.74509815870628,27.0,2
137247,1.5954046671017168,1.0,130.60482800907937,1.6144853188230401,0.9696927940084842,0.03684347528477961,0.11803442510194988,0.0,0.10107366171887236,0.5499355690315485,25.30176274474021,36.0,2
156381,6.117892928831929,0.0,60.630703808151566,1.1675486338704655,0.5309102739761682,0.06052347948452763,0.009551452921289975,0.0005558166667922165,0.12242178962049771,0.8093691047507907,19.770645318395538,35.0,2
77639,3.873488880460096,1.0,126.50989089696779,1.713043318578456,0.9259172992484815,0.09442669630209094,0.2312091724753965,0.0,0.14425887422200293,0.22280677295746307,22.757529743085854,51.0,3
15574,6.117892928831929,0.0,118.57874101879848,1.2923101708008011,1.7081300168957543,0.05390195258396368,0.00014696771029490462,0.14532578146166253,0.12665284588910405,0.2737217164713884,29.80282428723274,14.0,1
32196,3.3619271977508447,0.0,149.40592915353957,0.6939649337958178,1.2814265310363273,0.05009339799691467,0.06816401280319169,0.0,0.1005400101632899,0.4910249444225651,24.84089214874739,24.0,2
14978,5.701060861471607,0.0,80.96504580466053,2.085130386455116,0.4529526963721108,0.10188625402023829,0.03737387823890016,0.0,0.12381154675558945,0.686731754906846,27.279965578631035,3.0,1
155050,0.0,1.0,91.58704436887585,1.0743027900555246,0.7900082832763979,0.05960492037036571,0.34570735067700653,0.07299273513137654,0.07567160824092482,0.16651198557114857,23.755724246326956,30.0,2
118513,5.701060861471607,0.0,107.88335177013695,1.9165779889820305,1.3562599631415344,0.08226457702046334,0.131070708116066,0.01479936545329019,0.10785844760529659,0.6571964343496536,21.705527697320818,60.0,3
135679,2.81870192439919,0.0,84.49266684309008,1.4112216109464688,1.1421322571741443,0.10859994509028802,0.22393328775948465,0.0,0.12441380069370117,0.28870060070904596,22.514152674954726,24.0,2
145829,3.3619271977508447,1.0,125.18295201507512,1.1303197887629002,1.7355427726221995,0.06657208594270177,0.006407970177793581,0.09406430598007999,0.08111111514562246,0.49371684008158656,31.246543625631872,1.0,1
119833,4.359420279727952,1.0,147.0163586553163,0.5687461083073212,0.47366004718920107,0.028369916082223195,0.2343516206207626,9.166788433017777e-05,0.07066635954166857,0.1942716743024051,28.32580791105995,46.0,3
61895,1.5954046671017168,0.0,133.94888234897394,1.068784255159413,0.449793561881308,0.053799353682425805,0.2951518841877521,0.1336820874880729,0.07344443758622808,0.1443692107658123,26.853913613746183,21.0,2
57583,5.270402895934253,1.0,89.71871311259422,1.1617788655968144,1.1151419433655108,0.11145548955579519,0.1926598498780871,0.0,0.10133787158252591,0.5259137815807644,23.556687078299966,21.0,2
79760,1.5954046671017168,1.0,91.25305801737373,1.8899300099487994,0.4930415516733339,0.10530426513964988,0.12463698198191898,0.0,0.06894210541559317,0.5259137815807644,30.4079974666772,19.0,1
103688,5.701060861471607,1.0,109.45567261163231,0.8675408250285294,1.057646406189738,0.10024912841460783,0.3129707791704974,0.0,0.041947486398096284,0.7744609539463155,34.03497249057947,48.0,3
26099,4.824000686513771,1.0,143.37925023543,0.9050560474853104,1.656633108457273,0.04597896911406768,0.00574027909703723,0.013729197166331633,0.08716837634649345,0.17226981097642582,27.024674644869624,22.0,2
61793,4.824000686513771,0.0,156.92508529713035,0.8924617548512922,1.3981349919391537,0.10200572894442908,0.14041716978012045,0.0,0.13091639863629476,0.3684149667388865,28.61008182441043,59.0,3
29700,3.3619271977508447,0.0,128.86007163132388,1.2559580752183774,1.5979622149768788,0.04673112473458526,0.03594595641034841,0.0,0.13266566878612343,0.6231300200369565,30.406915801366083,57.0,3
152260,5.701060861471607,0.0,187.97564891780516,0.7830919477975231,1.8190668370535943,0.04245477455583468,3.7797864615705906e-05,0.14827357759696985,0.11122066945651018,0.1607465310562704,32.747496807347254,33.0,2
125026,3.873488880460096,1.0,121.18483200310365,1.573269725078865,0.9760166024735442,0.1047229147856999,0.21764387222561646,0.0,0.11949950664623125,0.5214535572646147,27.259250029983587,24.0,2
15697,1.5954046671017168,0.0,94.84893231642073,1.2984243322312379,1.458269339562285,0.048825403940717715,0.005563311398689893,0.011741916439454663,0.09323773806836998,0.3352063471934248,26.778350239343766,47.0,3
111081,0.0,0.0,139.08503513080396,1.0251752790418884,0.9654866865759476,0.09677083598355257,0.18825977665822002,0.0009961907158109078,0.0682595902191365,0.20380363962376757,25.962251649043885,44.0,3
26516,2.234779091684268,0.0,80.27419829950816,2.129607708071913,0.7234872037486205,0.04837833558986775,0.34035375587736744,3.099632905708589e-05,0.07523239892816581,0.4604200635633939,24.60230302645405,1.0,1
142481,4.824000686513771,1.0,80.74924648155928,2.0174878286975386,0.971798776571637,0.10304203740104016,0.045631865334373974,0.0,0.09600744425199255,0.6693762543425813,28.72132775691471,38.0,2
34190,0.0,1.0,134.37043363024844,1.2831687122254798,1.0664045786492466,0.07154319726812285,0.1658841956233759,0.0,0.07389614600927014,0.4928196937814543,25.975368888620718,36.0,2
15599,0.872923795046736,0.0,98.9183751570771,1.2260981136938247,0.6007871602881386,0.11581015490288862,0.29646898691495843,0.0,0.06627170617944157,0.5463834888224122,23.583700415774985,23.0,2
98243,3.3619271977508447,0.0,111.35985621307235,0.5327757286296287,0.5443052610488156,0.028221954072082344,0.2774134827438235,1.399992512248375e-06,0.10212019116983716,0.31479963689727203,25.53454276377403,4.0,1
116535,0.872923795046736,0.0,143.9755812536614,0.8284037357211327,1.810627357456136,0.05165622795245239,0.0001889466261210333,0.09106104626622927,0.12306481658547469,0.379434781026071,28.556919950303453,37.0,2
35420,6.117892928831929,1.0,60.88354304761536,0.8749797475547563,1.0057605767148683,0.044982288551343556,0.05919019669413417,0.13351964003816363,0.1291997447414657,0.7838460522181683,30.914805064821405,20.0,1
49961,2.234779091684268,0.0,133.86856533512366,1.6633439737814455,0.8850217453836101,0.053024146441152956,0.26331043601343235,0.13969012819201734,0.07782218133052284,0.49461383429655437,22.60762863833638,47.0,3
25775,5.701060861471607,0.0,98.40970918999123,2.02537712708786,0.8369642726908375,0.041591168205692086,0.12069608348726522,6.4398415629137964e-06,0.031596331140158744,0.5276968367130614,24.608828232193908,31.0,2
95410,0.872923795046736,0.0,120.56336909493876,0.8381035217009131,1.8162515217920812,0.058006636984868125,0.0006563554364133126,0.045719184925385015,0.04282853481517823,0.12889791880300963,28.308646644619916,28.0,2
9650,4.359420279727952,0.0,102.35918084022624,1.104924423867234,0.9404137982053083,0.04438898378389238,0.17129658598427597,0.0,0.062121579541474924,0.17993512852399263,22.11702382519392,75.0,4
4108,5.701060861471607,1.0,88.86231745267726,0.7901631590571356,0.014148908096184002,0.041342447356368994,0.375466997075387,0.1488048488491456,0.07298954199416931,0.47394426546045465,23.01209701351402,50.0,3
42705,6.117892928831929,0.0,135.04251663882877,0.9202876017469687,1.4734897236080668,0.040085503505564654,0.006927442155667886,0.0,0.14463271183176316,0.4059657136933484,25.973762937785587,54.0,3
11717,3.3619271977508447,0.0,126.1808751158418,0.16380977315825557,0.050834993175017114,0.03345331143459896,0.3638086632494495,0.14867172392528688,0.08497450704940865,0.0477083815054258,19.711729359822016,50.0,3
155030,1.5954046671017168,1.0,123.38685683257042,0.7760517866541442,0.5510461517347672,0.050636785623080244,0.26099785296917244,0.0,0.06874779249788905,0.36657593878089856,26.360325932336977,35.0,2
78842,0.872923795046736,1.0,131.18902669679775,1.2142637860645362,1.1241067643567022,0.10639383282620979,0.0008120132068895552,0.0,0.08229821707572699,0.3601339240615556,28.19932919492805,61.0,4
88034,5.701060861471607,0.0,107.83157525747117,1.2923101708008011,0.9508267515704789,0.0858828442467042,0.05316478711952442,0.013010360238434363,0.12883231270653828,0.30363192158696917,27.034834423988347,27.0,2
121397,5.701060861471607,0.0,36.648881951200906,1.338555201025666,0.37758067059571104,0.09370898039945591,0.2599964583587398,0.1485905385235853,0.06627170617944157,0.648480779421834,22.808859211505997,28.0,2
147100,2.234779091684268,0.0,186.85151752657472,0.6373823175983337,0.3163008607122087,0.030629476337651843,0.36609606149188056,0.14861803168969095,0.09917475099732172,0.13760742289418632,26.191024739746606,42.0,3
24115,2.81870192439919,1.0,45.80276570683116,1.4112216109464688,0.6377667747259554,0.053024146441152956,0.1997904096162951,0.14860433983858176,0.09259922813974525,0.2755967034714958,20.32131667629429,9.0,1
8284,0.0,1.0,102.75031249513628,1.1995585970342593,0.6574613049083465,0.04730387785758131,0.23396181207368982,0.0009961907158109078,0.10533879505897356,0.4278171081723786,27.524891706832413,29.0,2
60498,1.5954046671017168,1.0,60.838604747165284,1.7965377462689096,0.8972092364676427,0.039448600807730404,0.0017056396636227118,0.10419795979212136,0.09227673809299898,0.5053659477481252,26.633891706582844,12.0,1
14628,2.81870192439919,0.0,61.50657859373757,1.3354442055656686,0.7842157988769721,0.10816339972175154,0.08288171875137863,0.0,0.07523239892816581,0.22280677295746307,29.774180056624377,15.0,1
150934,3.3619271977508447,0.0,96.40283182540863,0.9000075885026969,0.6449025530655125,0.05833953340702714,0.2548947328680451,0.00424958269439273,0.06561335504490168,0.35552730403390576,31.00182264802765,7.0,1
118777,4.824000686513771,1.0,92.27567448162,1.3667351240154904,1.3587067315067167,0.06404428680812961,0.21891869809742429,0.0,0.05962517592933622,0.6266333978237972,31.592392156897347,62.0,4
64300,3.873488880460096,1.0,48.185836879541405,1.2649927397327414,0.5044662873129322,0.05276348676969412,0.2599964583587398,0.0,0.08422295110813957,0.5348231690526993,24.87853106505519,36.0,2
51758,5.701060861471607,0.0,102.07221523832615,1.5393873568146128,1.0532791897548954,0.09692880978339921,0.05702843021108917,0.012829972861040866,0.06427818044461425,0.2755967034714958,23.188997105511046,32.0,2
68487,1.5954046671017168,1.0,110.73080769508971,1.0798363793789911,1.01218429027079,0.024666575841302687,0.14465841868461957,0.0,0.08823206529773955,0.7005791303777831,25.122319095289235,60.0,3
48791,5.270402895934253,0.0,142.10090897872345,0.7095829213622472,1.2933635885898236,0.05009339799691467,0.28357130992224394,0.07879148666691815,0.08497450704940865,0.49461383429655437,24.29904510234303,5.0,1
102253,0.872923795046736,0.0,144.77013925954418,0.9667630100669081,0.20916362909390335,0.039448600807730404,0.3559634355811405,0.004905852458809698,0.07113757653068406,0.11239761144098635,25.78876074004186,39.0,2
148127,1.5954046671017168,1.0,110.72564945175567,0.1731968029207907,0.0021535047514265686,0.031487324236659966,0.3735420189563072,0.14772552432777777,0.06776790858233991,0.07203765208503626,17.574551031626655,57.0,3
36741,1.5954046671017168,1.0,100.94933040577814,0.8308234223741906,0.34802053343545675,0.040085503505564654,0.2791991299722246,0.0,0.07019179955184995,0.5259137815807644,32.40532338488806,55.0,3
153830,6.117892928831929,1.0,108.0748940007174,1.7023222984191564,1.2108708886987363,0.09984812356667594,0.0114985463733897,1.6698934618706465e-05,0.09323773806836998,0.49820029281298683,30.996129491684734,28.0,2
9423,3.3619271977508447,0.0,77.17104792643265,1.2559580752183774,0.5359198474324859,0.040842348236498134,0.001586229567352342,0.14861803168969095,0.07389614600927014,0.03890579573189729,24.629090554793084,48.0,3
70103,5.701060861471607,0.0,142.56866388978474,1.9978443082733723,0.8074882515588501,0.0973955388973874,0.3087379533602607,0.003939573289650818,0.0807099107755365,0.4892295852117562,25.845336079816633,27.0,2
510,4.824000686513771,1.0,54.01333462602561,0.0674208723572279,0.15155503421599448,0.03414355059055638,0.30583674985983916,0.14768326310243535,0.10510074374136276,0.029885246556063557,9.405857835016704,75.0,4
18756,1.5954046671017168,1.0,110.76175643365686,1.3168623695632067,1.1534632002710248,0.037503497957860635,0.013712425199831665,0.1426646660720693,0.10627575941954966,0.31665838257302165,26.50130959044663,20.0,1
47673,2.81870192439919,0.0,129.54627288336746,1.3045544042799484,0.6592628138396347,0.03317547616112335,0.31273927947477687,0.14011884095148622,0.07948948280021469,0.2755967034714958,24.04316249612905,33.0,2
131474,0.0,1.0,135.03750287102636,1.5427567021324977,1.1421322571741443,0.029178943760520885,0.24566192079379473,0.00681651852218226,0.0807099107755365,0.7100803242379972,25.182229942937713,12.0,1
32662,3.3619271977508447,0.0,67.1193017263929,1.7382106712178036,0.882997246197953,0.04954523409962817,0.35890541083679917,0.0009961907158109078,0.08571582562284803,0.7565036843130809,23.426041931759084,40.0,2
51226,5.701060861471607,0.0,104.81198692315087,2.0571171201967116,0.49466828604235225,0.11204863260618833,0.08981251686689971,0.0,0.06845528709351664,0.49551067655190706,28.93846564680903,24.0,2
133884,2.81870192439919,1.0,27.698975983229136,0.18958077544120372,0.014148908096184002,0.036177528458350545,0.3687395914417553,0.14856962913636654,0.07389614600927014,0.05165830741002074,22.97401862382313,79.0,4
131708,3.3619271977508447,1.0,138.06100834338451,0.6939649337958178,0.7997003756155685,0.023890353676344383,0.2517559697250103,0.05390299172119349,0.11220324037571663,0.43961424622178924,25.847887377682373,45.0,3
40808,3.873488880460096,1.0,89.83564537367218,1.2083700310814445,0.5061055596071057,0.024589270636504634,0.2900298579758404,0.0,0.08716837634649345,0.601184514321482,20.479902004273622,23.0,2
9699,4.359420279727952,1.0,97.17581139323524,1.4273029632982537,0.6755598265644066,0.10235887299442069,0.13919151447689318,0.0,0.06727271957900667,0.5008885459395205,25.538604262862172,11.0,1
15523,3.873488880460096,1.0,105.57582688634655,1.6598262815654952,0.6324343108852805,0.10974151508476628,0.23551596238262423,0.001984806558653298,0.0878799146864748,0.28776582155373864,25.45715513471733,57.0,3
113437,2.81870192439919,1.0,159.7136227999923,0.5406808071146674,1.1308513369073827,0.044982288551343556,0.19744118313193104,0.001984806558653298,0.1403243313282355,0.2680922205501752,27.730214291818456,4.0,1
1015,4.359420279727952,0.0,127.4254292911272,0.9075856561859189,1.4939002107471904,0.03684347528477961,0.08073762434352733,0.0,0.07344443758622808,0.42509082013318533,28.897666163634906,43.0,3
6750,0.0,1.0,138.73548929161237,0.24542568544294574,1.5170216896823014,0.0708133464056408,0.06444481959247031,0.0048577128330050965,0.05873728712785969,0.08595895986566385,19.369597488957986,4.0,1
28642,1.5954046671017168,1.0,75.7299210458686,0.8724965562789044,1.3709714197337277,0.03482762600454365,0.12463698198191898,0.12602863839372966,0.12654701746975344,0.47484463488452405,25.45064242337234,30.0,2
86837,3.873488880460096,1.0,70.61326082122065,0.8091720843236079,0.3956501443205973,0.10501676070355577,0.35129560712583835,0.13690638332063543,0.07948948280021469,0.3250138217148678,18.336881751144926,29.0,2
57279,4.824000686513771,1.0,119.07406449606616,0.8503073162091651,0.2923571692648311,0.03624439140222119,0.3265356852367424,0.0,0.08190524688566762,0.15401045902161728,27.785345970139584,42.0,3
50191,4.824000686513771,1.0,65.91007064411171,1.3698863849283012,0.47848134249935176,0.07331527306353508,0.3676359756782717,0.0,0.1236889362795961,0.5941437966272379,27.205209657755503,29.0,2
92111,0.0,1.0,134.3854855265535,1.7635911034941345,0.7612162633794276,0.050636785623080244,0.1071041786982304,0.14706309375535034,0.0682595902191365,0.5017843279773949,25.97122004434836,35.0,2
101736,0.872923795046736,0.0,121.21538396983462,1.1560244956058299,1.1331035227505035,0.049600266743561945,0.08341518447987438,4.639917752413698e-06,0.07948948280021469,0.5437179067418695,30.034818510676445,35.0,2
74897,2.234779091684268,0.0,106.39075761383872,0.8625992772181287,1.6032536372686526,0.11246303557064592,0.1642345639618373,0.0,0.07389614600927014,0.6875981751909847,20.20551862555664,35.0,2
84917,2.81870192439919,0.0,103.04221877035035,1.1021217240069057,1.0554618093302919,0.03724019604240859,0.007514538225146627,4.57991986566041e-06,0.06291794151879873,0.4059657136933484,26.49774500952595,29.0,2
15390,4.824000686513771,1.0,108.6078509891076,1.7818509781400034,0.8628581206184712,0.032756846992377936,0.1964938211855431,0.0,0.0642263303982092,0.8034231654125819,23.66361761722079,25.0,2
9055,2.234779091684268,1.0,129.4453936376627,0.8259875510638431,0.2798798920988196,0.034005997818489966,0.3381352494969032,0.0,0.07948948280021469,0.5285881430572061,20.83410542200431,23.0,2
1048,6.117892928831929,0.0,134.4005371813705,1.8112948160060567,1.730043125748694,0.059279675784777434,0.10780091166141967,7.977567801707269e-05,0.12242178962049771,0.8794437592650981,28.810337413752993,27.0,2
90951,2.234779091684268,1.0,144.86445145089593,0.4237021425873922,0.1100219716449971,0.030629476337651843,0.37302130041070103,0.06025753825061772,0.08307607176161669,0.23984141670888795,21.50624354819382,4.0,1
79778,4.824000686513771,1.0,123.71185029088754,1.354170443691811,0.3745934592462297,0.05170941569813888,0.20667737463872096,0.14855554980531355,0.07523239892816581,0.43144989461358074,28.562941668036437,20.0,1
140422,3.873488880460096,0.0,101.64416138649453,0.9382217518481557,1.3416224885557462,0.08867623283039489,0.23160499351003486,0.0,0.14369685907447036,0.6327591102779849,21.26024720462627,18.0,1
32605,1.5954046671017168,1.0,79.19304814376078,1.382531875836705,0.5544274649064301,0.11596747678849868,0.006917648361437152,0.0,0.07739805058592603,0.15401045902161728,26.365360422353774,12.0,1
40781,1.5954046671017168,1.0,137.04089538153784,0.9667630100669081,1.7135954813782412,0.05042000076824561,0.0188516733432927,0.0,0.03332527798751437,0.6797957612726563,30.999925008962567,28.0,2
42431,3.3619271977508447,0.0,129.58157796150988,1.3635879022326585,0.8448971249366763,0.08867623283039489,0.16533566327191976,1.4899915187239214e-06,0.07782218133052284,0.1075322378998024,32.39266653559712,4.0,1
76935,0.0,1.0,90.31377896967352,1.818699770638293,1.6620176809780942,0.09998279941324975,0.1696866721569423,0.02699811235013734,0.0944893301378407,0.37300954001041753,26.762223508347613,30.0,2
10460,6.117892928831929,0.0,193.71053431058778,0.4997366955494057,1.4406068112877073,0.04954523409962817,0.08606729572137231,0.14712892389044713,0.11717145598614156,0.4387077377800461,25.267688607897902,43.0,3
32658,5.270402895934253,1.0,148.97591654759216,1.4176418973042995,0.8448971249366763,0.0708133464056408,0.24747716982900486,0.0,0.09417957066797655,0.6240060675375,24.61882202133316,53.0,3
1863,0.872923795046736,1.0,95.37608221472325,1.7418233789384563,0.3049719219434852,0.10482157753073958,0.13485229153255027,0.0,0.10937167434329613,0.38768360549391373,18.881984220548674,18.0,1
36567,6.117892928831929,1.0,149.16870279385034,1.2862118976616896,1.7631694513334089,0.03809250140100743,6.069449374110137e-05,0.14840837001970544,0.0682595902191365,0.428725547103319,29.79758441189298,2.0,1
64133,3.3619271977508447,0.0,91.05152161709132,1.6528037535325126,0.7422576704438388,0.10961413721893093,0.2351286933140305,0.013280431973232367,0.07253143383276514,0.5366032848165226,24.457474986538827,54.0,3
117038,0.872923795046736,0.0,118.0626770121013,1.9434457150353295,1.224836140286072,0.06169427769733084,0.22269219649736002,0.0,0.13533946857592175,0.5623496876972396,23.19029765733189,49.0,3
19418,5.701060861471607,0.0,44.67805897902813,1.8039074821054202,0.5903701182783821,0.06567548522514584,0.3132018552457221,0.013729197166331633,0.07113757653068406,0.22943896094336566,19.049289186848664,11.0,1
339,3.3619271977508447,1.0,152.97760642047308,1.310700409278527,1.0164765902676833,0.05117544300866493,0.03950348483126515,0.06457782994261635,0.12476668575403163,0.5650062005971751,25.705289355492425,73.0,4
33007,5.270402895934253,0.0,41.66483951847611,1.1617788655968144,0.7517134112457518,0.036444621844153466,0.17395390653627266,0.1213579650404024,0.12665284588910405,0.21711427425888152,30.266435622278927,20.0,1
99575,6.117892928831929,0.0,133.41163088465453,0.915196032112578,1.1923635900503382,0.0461533086282955,0.2659129107407421,0.0,0.09689431395432624,0.7846985293539909,29.95195728671439,21.0,2
26077,3.3619271977508447,1.0,96.00284930102798,0.6610483277676394,0.6901723993940194,0.029907481693841425,0.20757782895809845,0.14318458314541363,0.1028873097127769,0.5419401255638323,23.249781479900786,47.0,3
30252,4.359420279727952,0.0,105.27454249500768,1.886141037519727,0.18494878351229402,0.03331451855029561,0.3349135553065067,0.14762942407511653,0.07782218133052284,0.33335476170646205,20.16348788684891,13.0,1
108453,0.0,0.0,107.57781893111277,0.3476708652754541,0.03910154581459426,0.03880600336970576,0.37130700566282,0.14879875578746896,0.0652563208801996,0.11919967432341062,18.992033045465885,30.0,2
42203,4.359420279727952,1.0,124.14836795704466,0.7574292631964193,0.729098628509576,0.025435779189136993,0.0421449613639152,0.09898343511000066,0.10133787158252591,0.30363192158696917,25.276141898132288,73.0,4
53402,5.701060861471607,0.0,113.1822672680697,1.3354442055656686,1.6298375202430835,0.04954523409962817,0.05836061652265536,0.0,0.10186112363500793,0.6728515002130602,29.4683997155371,58.0,3
85073,4.359420279727952,1.0,89.91004550835208,1.9089419001378047,1.0337244907542096,0.09239789907154937,0.29803299985297993,0.0,0.06494886800397695,0.8356329859662347,27.540970088603153,1.0,1
84960,3.873488880460096,0.0,82.44108350000258,1.3920585419964056,1.4913416009490772,0.09495055493920068,0.06928653062543827,0.0,0.13572879064426424,0.5062609762137036,27.288507620787815,30.0,2
16591,4.359420279727952,1.0,40.76268951556113,1.837289396713911,0.6737416234012596,0.11566973581071192,0.3145794733439592,2.24998066014778e-06,0.11497228316209064,0.7539340114733682,28.924041057875716,41.0,3
17498,5.270402895934253,1.0,92.59854798735667,0.8749797475547563,1.616519151327676,0.08612600426799331,0.013712425199831665,0.11673313857593273,0.12556619701215935,0.37117222363207886,27.81345868638125,9.0,1
136478,5.270402895934253,1.0,94.78037215155871,0.3560274796766916,1.4305595995732223,0.05728648091811103,0.0009985074216367666,0.11145892708385836,0.12189331958493682,0.47664490956611383,32.16194563711441,31.0,2
49002,6.117892928831929,1.0,132.9544721628084,1.3888789288233903,0.5973074966131857,0.02844379682282684,0.3023688437772764,0.0,0.09227673809299898,0.3858517145013685,26.672685082692997,32.0,2
102823,0.0,0.0,152.36181063768828,1.1133552989984767,1.366059372813981,0.05531977924046881,0.29408908075890394,0.0009961907158109078,0.1340154924426626,0.8280193672926581,22.12627207864025,46.0,3
117114,5.270402895934253,1.0,137.63109284355434,0.5707745631218841,1.730043125748694,0.10139935755464843,0.0019940376062208094,0.0,0.13888537433227763,0.4059657136933484,30.636598891721604,20.0,1
153675,2.81870192439919,0.0,98.02140221155327,1.789185585833376,0.8074882515588501,0.09901837159570151,0.23041492083456172,0.012377812595437692,0.128645412749902,0.6780604729547725,22.61585970559735,53.0,3
126548,3.3619271977508447,1.0,83.84359592935385,0.21915210979586114,0.008848647940411103,0.03737196454856716,0.37341213421007735,0.14872374146642076,0.0681124523302435,0.047510783132368596,18.410830558365,54.0,3
15762,5.270402895934253,1.0,112.18406891835888,0.6373823175983337,0.7012100698643479,0.05895246626212586,0.3529300906205135,0.0,0.05704457738396264,0.35460545987661984,33.28980460757559,47.0,3
12964,4.359420279727952,0.0,114.5950878735165,1.2801294904916005,0.5209398115245241,0.080004802065222,0.19601848270027006,0.0,0.0626534392312979,0.3203737089709441,28.111666527616972,57.0,3
86990,2.81870192439919,0.0,117.88376769476181,1.837289396713911,1.1716969445284566,0.05170941569813888,0.18122637916738668,0.0,0.0571585712331885,0.7915140840670115,20.68529728624484,50.0,3
66737,4.359420279727952,0.0,145.21680339606203,0.6807085260360416,1.0707955444139763,0.050202456143815376,0.30729544118504715,0.001698883967040156,0.1274776608148665,0.581801103291445,25.974967407234843,30.0,2
14126,5.701060861471607,0.0,73.29559138946945,1.818699770638293,1.5041555271287885,0.04373026595070187,0.00944456102606642,0.0024566706993695026,0.13091639863629476,0.4123487785843696,24.320741150593882,53.0,3
7918,6.117892928831929,0.0,132.62779236379194,0.6099237123615296,1.5273522784822862,0.047871617065426426,0.03772983306760561,0.0,0.12429477370514681,0.44595533372469104,28.832778591861807,58.0,3
25375,0.872923795046736,1.0,104.0889841086356,2.137754682254632,0.4450681356611424,0.07911856488323085,0.06444481959247031,0.0,0.07434469244013149,0.3619753613456227,25.968676981779915,6.0,1
66943,1.5954046671017168,1.0,73.06576176670355,1.6528037535325126,1.810627357456136,0.0853906261142464,0.3122750050704796,0.03341150046598758,0.06913586784584445,0.15401045902161728,22.469752268394835,27.0,2
7138,4.359420279727952,1.0,118.34885128541428,0.6309968373439115,0.08121699136401636,0.04426969272819861,0.3649594956866977,0.14856962913636654,0.06884501787787135,0.06909045859164027,19.52616671366842,24.0,2
109161,3.3619271977508447,1.0,114.17407246920492,0.7436060858271775,1.0100410881731547,0.08386550447689363,0.0949714230421777,0.0,0.11315533132292098,0.3739279421988962,22.490705987368788,11.0,1
33908,6.117892928831929,0.0,108.46300655343006,1.6668659552267933,1.0642120665634267,0.04046493489461378,0.013520509800854421,0.029283779457454334,0.04215155867294839,0.37025330913284016,23.338383657897676,45.0,3
17568,6.117892928831929,0.0,110.24062087947287,1.1995585970342593,0.8055384298711078,0.041962598355487504,0.05248771370758104,0.0,0.08030591854684666,0.5116279940761842,24.047392921127923,48.0,3
72835,4.359420279727952,1.0,160.56495854997053,1.4273029632982537,0.986595383828515,0.08911637209763554,0.1297971916212612,0.004905852458809698,0.0560111652642022,0.4023146165258838,28.179076916754983,42.0,3
2840,1.5954046671017168,1.0,133.51207523306752,1.1762322066763853,1.3125689770901088,0.08636722143496323,0.030167916868414035,0.0,0.11667954399222695,0.28776582155373864,32.374480743923705,31.0,2
6841,0.0,1.0,91.6453416129771,1.4597729435754092,0.3582878358476109,0.05009339799691467,0.3190644659471356,0.14816401752722969,0.09660065570186806,0.25775370012333004,24.376949998266657,53.0,3
7090,5.701060861471607,0.0,145.1522974236742,1.2923101708008011,0.9321184334126422,0.10337243046019386,0.05585783783563089,0.0,0.11041192561352685,0.24927765074655053,24.70296632578506,59.0,3
115304,2.81870192439919,0.0,79.27420700506491,1.499281057085816,0.5309102739761682,0.06102200408319748,0.3587527883203148,0.1469821876529933,0.08680895131871912,0.20856198321458377,20.321790351512146,41.0,3
111099,5.701060861471607,0.0,97.62762358009392,1.5528898930012174,0.5143288414977084,0.0756753591574628,0.14704857682625724,0.14825709864946238,0.0692325431781873,0.3922603925171521,27.069852712157598,13.0,1
38146,3.3619271977508447,0.0,114.40514494812646,0.8503073162091651,1.7410509764195912,0.058717534870942424,0.03144101174407487,0.08170657774213805,0.10160035464617702,0.20475571420411642,30.404151425731815,36.0,2
67563,1.5954046671017168,1.0,142.84722183831073,0.5646987472473326,0.9238541349219103,0.08029540932132537,0.20349305848707883,0.004905852458809698,0.13123702703825046,0.384019149597404,23.118114886202974,38.0,2
19212,3.873488880460096,1.0,122.57891980220923,1.2831687122254798,1.2861952396200695,0.04730387785758131,0.1902268730920707,0.0,0.1005400101632899,0.5800356203400376,26.576485913566046,44.0,3
95364,3.3619271977508447,0.0,144.80488688061718,0.6437972553886573,0.2078743290301418,0.038157654766122096,0.3669392649501902,0.12408277541575233,0.10627575941954966,0.3064263084600735,27.927499752587742,45.0,3
46117,0.872923795046736,1.0,91.52344133627133,2.16230715593104,0.6342099553792683,0.11505198726839158,0.08447906470967452,0.0,0.06652329787396519,0.25493008433871256,27.929028343633725,22.0,2
124365,4.359420279727952,0.0,69.79308236815119,0.25437647934640445,0.1625543829221118,0.02770197444137078,0.36609606149188056,0.14808467352381494,0.05884883476647055,0.0850780231491007,30.126111941474786,4.0,1
43473,0.872923795046736,1.0,138.61561596555305,0.6162115293567928,0.5921017208742838,0.04438898378389238,0.3499686469037859,0.14452390911729715,0.13273675530204682,0.23417030061314106,22.860548722647348,48.0,3
9635,4.359420279727952,1.0,111.46293038697823,1.1474217637968984,0.6956828410527327,0.02844379682282684,0.3026195839231112,0.0009961907158109078,0.05366577368042376,0.6380044771041449,25.783919032941665,43.0,3
21397,6.117892928831929,0.0,72.66057330583017,0.8405372437315713,1.0294007007666441,0.10838398143894828,0.2247560956944594,0.029205777483379724,0.07697095147323091,0.3157291000839103,27.03509489695891,30.0,2
89586,0.872923795046736,1.0,74.91791426626659,1.2680121847925503,0.7593119202228912,0.10747283603763581,0.12069608348726522,0.13591741809252067,0.12973537823509393,0.6910625738607122,27.084033498803805,15.0,1
105405,5.701060861471607,0.0,177.00320111785294,1.4048176378816764,0.666487379299709,0.02844379682282684,0.16089867049836257,0.0009961907158109078,0.0652563208801996,0.6231300200369565,26.033539149413535,55.0,3
508,5.270402895934253,0.0,134.07436387638916,0.7972654942346424,1.716331415385084,0.06492934472932263,0.0,0.14844628185416234,0.12973537823509393,0.25398849438243537,27.717540076328905,29.0,2
134647,6.117892928831929,1.0,172.3353350885427,0.5171158889397719,0.40020676244095,0.032054095044992494,0.31728994901761837,0.05450146477328945,0.07207008747600625,0.114342181214064,27.14044637915389,22.0,2
151760,0.872923795046736,1.0,85.93310924729312,1.4597729435754092,0.7977581590258924,0.054412280663422186,0.1153448023958126,0.0021029345249969733,0.03220109140909101,0.6571964343496536,25.293996581154268,18.0,1
107992,1.5954046671017168,0.0,107.29288843803184,0.2077507315211093,0.2001732032125568,0.032756846992377936,0.3538980881621852,0.14864509091371522,0.08680895131871912,0.06741943508517165,23.569124384930095,41.0,3
85409,5.701060861471607,0.0,65.2208465445528,1.4926549618789116,1.7465677416668217,0.09424935215065408,0.025486241740571458,0.06776294636391217,0.1220266290353647,0.6780604729547725,27.285531055348592,20.0,1
111576,3.3619271977508447,0.0,90.40936231126071,1.1474217637968984,1.0773968561658953,0.10401173324475396,0.1558014307814477,0.0,0.07866163055322024,0.44414439156625246,34.360898167969914,33.0,2
74309,4.359420279727952,1.0,94.76982380567813,1.2439669833584739,0.9156208630438081,0.027103665101560117,0.06719837402725257,0.00010495789435948806,0.08229821707572699,0.6493529401476361,29.187262791131673,24.0,2
27961,0.0,1.0,93.3653910125231,1.8484962499838813,0.8153065731672732,0.10778520225113049,0.28067097514130473,0.0009961907158109078,0.10894620868502075,0.6910625738607122,24.869297248566582,47.0,3
57830,3.873488880460096,0.0,94.75927529220782,1.2710355796097998,0.9238541349219103,0.1136779434484796,0.1796884828622201,0.0,0.07654086052747315,0.567661430117058,28.983821333953312,20.0,1
27902,3.3619271977508447,1.0,73.7276126682379,1.9204027589315948,0.5748678265386208,0.10816339972175154,0.060677587560737135,0.0,0.08823206529773955,0.6371305844385486,31.588879820619763,16.0,1
29488,6.117892928831929,0.0,130.40833237570288,1.6423020601527738,1.366059372813981,0.04937984661545867,0.29803299985297993,0.0,0.0875253578926078,0.5888574238226963,24.74710942861682,50.0,3
142160,1.5954046671017168,0.0,119.44663931243542,0.6675719032394865,0.817265915439901,0.10421865593665172,0.05702843021108917,0.0,0.07344443758622808,0.09172933443486284,20.158091032027297,4.0,1
59781,3.873488880460096,1.0,129.83875912989183,1.347912282370425,1.393177598252768,0.044982288551343556,0.049079250964874775,0.02603785273729381,0.08680895131871912,0.7324773129381172,31.142500460455707,45.0,3
37702,5.270402895934253,1.0,114.7593265262052,0.7854455645604872,1.4155509487585505,0.032054095044992494,0.11056948609566525,0.0009961907158109078,0.09029545927515505,0.5463834888224122,28.996611559261787,61.0,4
16769,5.701060861471607,1.0,132.6529256675735,1.7818509781400034,0.334943843105283,0.03482762600454365,0.36322782224080397,0.0,0.062121579541474924,0.4123487785843696,24.831924807617625,22.0,2
88802,4.359420279727952,1.0,102.96925329021286,0.8552135014387723,1.4532125165491048,0.08636722143496323,0.012751715278126845,0.09658827078456002,0.09600744425199255,0.7092172109919126,29.374481801567757,9.0,1
62105,4.824000686513771,0.0,100.4787564601418,0.5249208133713501,0.016194558689205236,0.03134499269087866,0.3753400103877654,0.1487044273562236,0.07479010183432175,0.4169031817689732,24.63394628415351,50.0,3
6978,5.270402895934253,1.0,96.59747438059615,1.382531875836705,1.3513725909920593,0.03345331143459896,0.16033788778722907,0.0009961907158109078,0.05884883476647055,0.8828013528870368,24.391337660745776,5.0,1
35199,1.5954046671017168,1.0,77.01896003447304,0.6610483277676394,0.6846787275032765,0.026198033914667747,0.13296876435285718,0.1485905385235853,0.12079744792434513,0.5259137815807644,23.911202563425093,53.0,3
101015,2.234779091684268,0.0,91.51284021780484,1.4532460742582065,1.0186256893922574,0.10986713521603828,0.21025463587619359,0.0,0.10999979085255757,0.6134845293745955,27.992287441622945,64.0,4
92909,0.872923795046736,1.0,110.41093155706848,1.3323372212749316,0.7593119202228912,0.09901837159570151,0.06001745175361135,0.0009961907158109078,0.07253143383276514,0.25775370012333004,30.809518444447022,21.0,2
118363,4.824000686513771,1.0,115.47747621403691,2.0174878286975386,1.088438717875863,0.07154319726812285,0.29139601967277307,0.03258394399063037,0.07344443758622808,0.708353971685764,25.02170280305934,22.0,2
81819,3.3619271977508447,1.0,114.65668131130951,0.3695477264804424,0.3597615049766524,0.03414355059055638,0.36637800143413035,0.1488048488491456,0.0692325431781873,0.46853879156411365,22.03890664449293,15.0,1
33449,3.873488880460096,0.0,99.55237366422129,1.818699770638293,1.3758917009694793,0.03570780928036591,0.15637341109399755,0.000647393905435191,0.06791578006764001,0.6858652061907988,27.29109575876737,28.0,2
47611,2.81870192439919,0.0,82.69389267413523,2.1541043833322413,0.5143288414977084,0.11114030478122258,0.1912034946595629,0.0,0.05222541553625711,0.6615493185898008,28.69207450803428,56.0,3
149556,6.117892928831929,0.0,124.02657120554832,1.789185585833376,0.8870481719091188,0.02829596852094633,0.27408364899257415,0.002024194557509011,0.09162520541474937,0.8516759405752526,25.965196727276986,14.0,1
101078,3.873488880460096,0.0,156.08075804472296,1.3416702104497014,0.5731544633651487,0.03557306247571486,0.15637341109399755,1.659894733920132e-05,0.11200919934125854,0.4586141796681728,29.807698023597617,41.0,3
34878,5.701060861471607,1.0,69.51203594647409,1.532661226759913,1.03805616547117,0.0708133464056408,0.16033788778722907,0.10288698952167864,0.07654086052747315,0.08644828776442141,31.00561768706677,38.0,2
97466,5.701060861471607,0.0,191.18965899101045,1.0523187556135853,1.4230459552752195,0.04379041442699696,0.2247560956944594,0.0,0.13115754517295558,0.5782695745186084,31.126654601777467,37.0,2
75928,0.872923795046736,0.0,135.81431939807405,0.5748410348239007,0.4063067360061781,0.032756846992377936,0.3250784302488298,0.0,0.11161742520075171,0.2624558909370821,21.7556473273131,20.0,1
80941,0.872923795046736,1.0,112.4208696127315,2.0412105181439637,0.7517134112457518,0.05431056943270107,0.09055548875425853,0.0001239412806431945,0.08384328428839721,0.057575934581328994,25.967338459850065,40.0,2
99501,5.701060861471607,0.0,112.09138832425454,1.3014873780326923,1.0358893422160114,0.03247650422115219,0.15000270958900153,0.0,0.07654086052747315,0.7341966756319006,30.525022139563095,5.0,1
93349,4.359420279727952,0.0,154.68519933674065,0.702869376209742,1.3391900932368495,0.03345331143459896,0.1200332692849557,0.0009961907158109078,0.1457914451508909,0.45771100209068194,23.173531219631315,59.0,3
4857,4.359420279727952,1.0,108.45265946457265,1.0632807525460788,1.1062090211057984,0.09080883719607807,0.13857634901143603,0.002965912600349943,0.09747580878089683,0.6073378881905973,31.229435970021477,36.0,2
14450,6.117892928831929,0.0,116.0207932514656,1.3857033743699478,1.234186749955301,0.07971180677246352,0.12069608348726522,0.0,0.10673525114395638,0.5809184321198676,27.37408635644612,49.0,3
10301,5.270402895934253,0.0,97.95316345570005,2.0372453139730755,0.34948211203382207,0.07941640169894552,0.2903041499614681,0.00046716439778496594,0.06479464666176499,0.4378010692265794,27.303904580074004,2.0,1
14656,6.117892928831929,1.0,95.70270625729967,0.8576718908979484,1.0250847906186369,0.061916456303725574,0.29408908075890394,0.13903471949599652,0.10979175009966557,0.3305760518370182,25.60677204899105,13.0,1
81948,3.873488880460096,0.0,130.65016714131934,1.1907821343351075,1.3489319860322233,0.09352603656759394,0.03861793216455963,0.0009961907158109078,0.11667954399222695,0.49640736697300886,25.403255542608772,36.0,2
79816,2.81870192439919,0.0,66.6315472515394,0.8356733126244692,0.3865840447244628,0.030269292847822718,0.37036978544523835,3.5595158850651634e-05,0.07907699494507488,0.23984141670888795,21.73618234724847,43.0,3
79353,5.701060861471607,0.0,92.54033678384182,2.0972051206970237,0.858853361084863,0.0856377240318309,0.0330702889675393,3.309581488312611e-05,0.054788337986521475,0.8076708475842831,21.71474224505284,26.0,2
98907,1.5954046671017168,0.0,189.3902045531001,0.544652211466266,0.4419266939684234,0.036177528458350545,0.1926598498780871,0.13954276129820778,0.08111111514562246,0.2671533079347595,24.938563174080667,29.0,2
23923,6.117892928831929,1.0,142.30993308103808,2.0972051206970237,0.9115158496685433,0.09957570687151389,0.035677488152756114,0.0,0.1294698537927405,0.146299191059229,28.559052741193504,30.0,2
84526,3.873488880460096,0.0,111.23099430685185,2.1541043833322413,1.2695403925683402,0.06697413709052649,0.07585283791037223,0.14659064762779658,0.07207008747600625,0.10558450346639123,26.766681965136666,26.0,2
118383,0.872923795046736,1.0,77.09500931906962,1.2984243322312379,1.5067245784156227,0.02785087616681932,0.0018548421676852947,0.14851985496221193,0.058513707912555175,0.038014565068204276,24.88955347755237,37.0,2
153837,5.270402895934253,1.0,105.53427773094673,1.0550536357269065,1.6539440066230873,0.10656644096509568,0.05333381640356864,0.0009961907158109078,0.12135199042106064,0.3110799737441455,23.207200358480986,25.0,2
86424,3.873488880460096,0.0,79.51220480586625,1.3447892366328362,0.7650306132434314,0.10831097267156785,0.12398442007630957,0.026838662246328037,0.09861591438912895,0.36657593878089856,28.820936124950848,1.0,1
51811,1.5954046671017168,0.0,73.67294637674806,1.1502855016786524,1.5637735081033628,0.07632487083264694,0.16478578751621065,0.0,0.07948948280021469,0.6248819796008633,27.792503774292808,38.0,2
90650,4.824000686513771,1.0,126.02898026271316,0.7620643196394106,0.9508267515704789,0.07154319726812285,0.15058911051770973,0.0,0.07697095147323091,0.482042029581441,19.964595429572412,7.0,1
11334,3.3619271977508447,1.0,96.85515811866134,1.2083700310814445,0.3671558141896562,0.029907481693841425,0.3168422941571802,0.0,0.08111111514562246,0.684131723091564,26.986487088323752,14.0,1
33545,5.701060861471607,1.0,20.454702796321765,1.7635911034941345,1.1511930062111049,0.11263934222691065,0.27530300231186905,0.033036169012816585,0.08229821707572699,0.4999926128156961,26.663220411503257,50.0,3
53857,4.359420279727952,1.0,163.1980553312294,1.0826088263724851,1.0510985468541778,0.040085503505564654,0.04822107664482468,0.08005785534492274,0.11889944029238214,0.5178827095260955,27.04290829165467,44.0,3
73,3.3619271977508447,1.0,114.09189725051291,0.6961860220856041,0.666487379299709,0.03590947778731781,0.26396506912166884,0.0,0.06776790858233991,0.30363192158696917,21.698728397301615,53.0,3
10459,1.5954046671017168,1.0,120.16580012418646,2.053133596177965,0.6810255875210611,0.11544896132527968,0.32919477649516676,0.0,0.07654086052747315,0.6945249250145904,28.822556869451407,34.0,2
62241,0.872923795046736,1.0,102.76073975769962,1.2559580752183774,1.637853941661252,0.10845647711077161,0.3197233365022114,0.0,0.1282651059706081,0.6310095803516407,20.7904397370781,9.0,1
27656,5.701060861471607,1.0,30.118955148430857,1.1502855016786524,0.46088154821066385,0.036177528458350545,0.19217553698332104,0.1360539185263149,0.07739805058592603,0.5160963935823022,27.305327529726146,9.0,1
127557,2.81870192439919,1.0,128.41578024680373,0.7208394540873487,0.776519017031305,0.03880600336970576,0.23590238986591258,0.0,0.10212019116983716,0.28870060070904596,23.084068330766453,66.0,4
448,4.359420279727952,1.0,112.82223835326116,1.6318388174675127,1.236529463082332,0.06408679225719048,0.12398442007630957,0.12027383939465348,0.10807879371529658,0.4784445662216481,26.58992326280821,76.0,4
55949,3.873488880460096,1.0,82.3926606390586,1.5562760176399235,1.1218625664872488,0.04678862706739734,0.12069608348726522,0.0045974423698693445,0.13042169024990238,0.6719828838800403,22.260229713086407,48.0,3
141064,5.270402895934253,0.0,140.82091752559197,0.9984031852273931,1.288582650538607,0.03345331143459896,0.2694224671709391,0.011468359494094787,0.08858182813778119,0.5044707688151407,25.247365596183304,29.0,2
137185,5.701060861471607,0.0,85.5693097734439,2.16230715593104,0.7309728561567572,0.09141646816813875,0.013904227484345454,0.0,0.07298954199416931,0.7659164955773288,22.459270478170556,45.0,3
84768,6.117892928831929,0.0,156.7336962345859,1.5495079674127066,0.9844757146265559,0.03756917664631072,0.02861505615907119,0.04996960951481374,0.04535588072282271,0.8769244076321755,27.285660475837332,47.0,3
35444,3.873488880460096,1.0,119.31906394516268,0.702869376209742,1.1017545099034765,0.06279572776316904,0.1580808751609178,0.09534286919131267,0.08229821707572699,0.31944514756429193,28.691324156775753,38.0,2
136455,0.872923795046736,1.0,139.37456348948862,0.7344587426213406,0.8192271637225136,0.06038669954827626,0.1988539897807107,0.0,0.08229821707572699,0.14147261013649215,26.100292632929076,18.0,1
101851,6.117892928831929,0.0,74.98881018813098,1.7202123044997546,0.5044662873129322,0.09901837159570151,0.3233907084761867,0.00022879979376867757,0.08307607176161669,0.7341966756319006,30.34329150603083,22.0,2
28850,5.270402895934253,1.0,160.59919412235013,0.7574292631964193,1.730043125748694,0.06408679225719048,0.1580808751609178,0.14636849726653992,0.11161742520075171,0.5428290888758212,27.56475435823396,10.0,1
138092,4.824000686513771,0.0,140.59163841551418,0.633122062221687,0.3880907013868155,0.026953409443536608,0.35966488890428205,0.14696849671790746,0.07389614600927014,0.18089235141197046,26.073738657256875,55.0,3
103128,0.0,1.0,141.67276964342577,1.573269725078865,0.7178926528129836,0.10786191730577435,0.0341517760422906,0.004905852458809698,0.11532226495594795,0.5844482742465293,27.509321732908592,45.0,3
145169,3.3619271977508447,0.0,94.3688622605045,1.0171047814103484,0.7328489612337938,0.032054095044992494,0.32381489060734037,0.0,0.09259922813974525,0.39957455327271907,25.388851091328167,43.0,3
52527,4.359420279727952,1.0,90.61110205514694,1.8559896484373444,0.7784403718217229,0.10051148267888103,0.16478578751621065,0.0,0.11684452751132064,0.40961416743273077,23.91332571972152,42.0,3
10466,2.234779091684268,0.0,92.02679312019004,0.6120164099140819,1.5900409064989947,0.05581785744347516,0.0019940376062208094,0.09341227693443308,0.08961697180144913,0.6073378881905973,24.755821041144287,40.0,2
682,4.824000686513771,0.0,108.52508612394912,1.0632807525460788,0.7842157988769721,0.05009339799691467,0.1696866721569423,0.0,0.09479702346996888,0.4990965284816648,26.7076319890442,75.0,4
91543,2.234779091684268,1.0,81.36944899976669,0.28336604953808886,1.1900592475800453,0.06492934472932263,0.056694445884583236,0.14351928423463087,0.14038557465398255,0.00399793783833783,20.980660344625175,47.0,3
120060,1.5954046671017168,1.0,115.35441031155112,1.4016217618309161,1.2553441352295662,0.09060308225465417,0.2569545847468735,0.0,0.10363955969640551,0.659808559089989,21.983529574375645,26.0,2
70738,6.117892928831929,0.0,56.55302127957278,1.9204027589315948,0.8668705620052803,0.054513815382196025,0.3669392649501902,0.13114101035934003,0.07948948280021469,0.5330424673029763,22.458532199898784,8.0,1
84527,0.872923795046736,0.0,110.69469927012926,1.2801294904916005,1.2790452321863144,0.05680116751690537,0.08606729572137231,0.008698409363821236,0.10413295990069908,0.6090947568251034,28.562314446236755,16.0,1
82821,3.3619271977508447,0.0,138.34085020486975,1.0171047814103484,0.8133491362738893,0.05728648091811103,0.20395110310415332,0.0,0.0652563208801996,0.3684149667388865,25.842784610922404,36.0,2
111430,6.117892928831929,1.0,136.36021567356784,1.9978443082733723,1.5299401608787968,0.09529309823863626,0.22269219649736002,0.0,0.04235517802093845,0.7496487913794742,22.461632858940966,17.0,1
133878,4.824000686513771,0.0,121.47503122980957,0.8308234223741906,1.5299401608787968,0.10763012901892503,0.11936872550991845,0.0,0.1279740703260935,0.6606790044748683,22.15802453398346,9.0,1
141392,3.873488880460096,1.0,174.2800403242038,1.7490618513824774,1.1331035227505035,0.07600145917456508,0.20757782895809845,0.0,0.0652563208801996,0.7770219563481559,22.506191491959363,39.0,2
42321,0.872923795046736,0.0,109.1249274869738,1.792859470542298,1.0729939993093416,0.10348094851633399,0.11936872550991845,0.0,0.11617843095528736,0.4059657136933484,25.800727867891343,57.0,3
17684,0.0,0.0,142.42935566981123,1.0660306262012467,0.9570978852161511,0.06169427769733084,0.04109109367034031,0.0007200126931766804,0.07697095147323091,0.08008248164197351,27.036657698898825,23.0,2
143034,6.117892928831929,1.0,117.00399008357141,2.093175597478864,1.1466586274561965,0.1059512892555724,0.13547693088861773,0.0,0.07479010183432175,0.2915038241674874,22.467095224418866,12.0,1
6811,1.5954046671017168,1.0,124.54916158375549,0.8924617548512922,0.25264221537756204,0.038157654766122096,0.3575229982578859,0.14321575249320587,0.07344443758622808,0.6134845293745955,25.211056641212817,43.0,3
139446,2.81870192439919,0.0,115.11335181876618,1.9165779889820305,0.9238541349219103,0.06235797169475681,0.013808340475834706,1.6999889596049085e-06,0.1087314302634894,0.6632895533953425,22.89671373897508,22.0,2
108499,3.3619271977508447,1.0,90.55801886681006,1.8899300099487994,0.8389446157210648,0.05655693300079654,0.27530300231186905,0.0,0.08190524688566762,0.8760844031087931,25.48577053449402,51.0,3
115965,5.701060861471607,1.0,96.07128420637055,0.7051038664063272,0.19889545459857308,0.03134499269087866,0.3699650424587189,0.1480023296960682,0.05940416375632923,0.4910249444225651,23.650500880788996,32.0,2
103517,4.359420279727952,1.0,129.04176395299143,1.3952422166886544,0.3205773944213085,0.04954523409962817,0.25069643121022134,0.0,0.0682595902191365,0.5437179067418695,25.15953538644807,27.0,2
151431,0.872923795046736,1.0,115.24158340082238,0.6459421267605535,1.8416670275191742,0.07261531317345733,0.0,0.0,0.12093734207546923,0.3536834419639886,28.434163777543947,39.0,2
4593,4.359420279727952,1.0,115.67741830979948,0.8824506569237538,1.234186749955301,0.060112080397729396,0.011788166338059581,0.0009961907158109078,0.08268848505094586,0.417813571389132,27.419516290793748,54.0,3
104178,1.5954046671017168,1.0,68.65687993622231,1.2350149125555943,0.643115839399645,0.03550559855419764,0.21891869809742429,0.08601671280632918,0.1268626611347868,0.643245026323755,25.593121314346813,39.0,2
92235,4.359420279727952,1.0,147.81349652832532,0.7643869846402107,1.6351796831827423,0.03684347528477961,0.0,0.14532578146166253,0.1236889362795961,0.23889672081580507,23.883306612499105,48.0,3
143293,3.3619271977508447,0.0,102.64081710668945,1.2649927397327414,0.7067541031969141,0.037503497957860635,0.2300164851229946,0.001984806558653298,0.0834609979772711,0.5383828155329159,21.027610898860694,13.0,1
37664,3.873488880460096,1.0,116.77877887501928,0.8211656767816108,1.03805616547117,0.08058365006988354,0.16860685887279303,0.0,0.08995736455673303,0.43689424042349,23.40335826140663,67.0,4
70943,3.3619271977508447,1.0,126.64146289803071,1.3920585419964056,0.8890765263984753,0.11114030478122258,0.1926598498780871,0.0,0.09510266620308695,0.7410691930752554,22.3619723019698,23.0,2
141006,2.81870192439919,1.0,145.35076421913536,1.3888789288233903,1.5455114753399843,0.059651224241981105,0.1964938211855431,0.14342976024920992,0.10186112363500793,0.27465930423277096,26.408656555365333,41.0,3
92311,5.270402895934253,1.0,89.43692331070407,1.237995013338512,0.850866867530047,0.023812342699229164,0.04179407419342824,0.0,0.12356559458620506,0.2980382035009999,21.6401952817011,11.0,1
88347,5.270402895934253,0.0,116.47157248907325,1.7855160893099271,0.9908405959351675,0.08612600426799331,0.0672789670198246,0.0,0.12242178962049771,0.5658914195524049,27.28643698998728,20.0,1
3226,0.872923795046736,1.0,105.90813610562533,1.8112948160060567,0.811393604128813,0.080004802065222,0.04302042519222398,0.010552014101597989,0.07523239892816581,0.7204278830259115,22.58866010801421,47.0,3
57819,4.824000686513771,0.0,100.21195818670701,0.7367404825678648,1.2506282976724197,0.08438210118699253,0.09642761173667264,0.0003455431090492133,0.06153210601814461,0.5923822294541841,29.48448287291252,16.0,1
86188,6.117892928831929,0.0,84.90534190786006,1.9204027589315948,0.8290620173475927,0.10452341798063405,0.2652662918471982,0.0,0.11296729991626979,0.567661430117058,29.129501060890902,16.0,1
9925,3.3619271977508447,1.0,102.87542967328102,1.0144220302914997,1.1443944415571772,0.11562174646509024,0.17553296004468336,0.0,0.11549563035956101,0.6476084860628607,25.234948097897295,52.0,3
121608,0.872923795046736,1.0,123.79307955186468,1.4208581649724286,1.095087666887929,0.07851550707857491,0.0009985074216367666,0.10693883981742594,0.12344151675057939,0.6257577563290178,29.286524250719285,15.0,1
118126,4.824000686513771,1.0,96.92876405771885,2.33460570267036,0.5126805935065077,0.11406662280616449,0.08341518447987438,0.0001638972987816528,0.05461212066190795,0.29056960183628,27.28682524141659,1.0,1
62526,1.5954046671017168,1.0,173.0710149411053,1.2350149125555943,0.7593119202228912,0.03414355059055638,0.21764387222561646,0.0,0.07479010183432175,0.379434781026071,26.56343935946087,24.0,2
5191,5.701060861471607,0.0,59.572770629283696,0.9356488839762348,1.4532125165491048,0.09442669630209094,0.2247560956944594,0.0009961907158109078,0.13433043687704121,0.5348231690526993,31.507552748766937,44.0,3
43862,2.81870192439919,1.0,146.47632972940661,0.9904435638128387,1.0100410881731547,0.03684347528477961,0.004962882796202298,0.09809986301748602,0.09917475099732172,0.3157291000839103,28.345231955049517,8.0,1
123151,1.5954046671017168,0.0,155.7516859661087,1.237995013338512,0.42787759020018756,0.03134499269087866,0.33587087999133947,0.10341642761842723,0.06776790858233991,0.372090967206333,25.074238359909078,28.0,2
123782,0.872923795046736,0.0,94.05742178908979,0.4308966917757894,0.07342577544332642,0.037174223482640885,0.37470221175114343,0.14856962913636654,0.07160547706998972,0.037717443855920754,20.602802806663675,32.0,2
6819,4.824000686513771,0.0,107.97654054375042,1.3076254137645986,0.6042741472907891,0.06534527571603274,0.25865153931348445,0.0395858627494188,0.1228099104642298,0.388599298650405,21.402704542399416,48.0,3
118918,0.872923795046736,1.0,109.6158259027727,1.5495079674127066,1.3464934343650294,0.11175808059298264,0.25661306681080637,0.0,0.10107366171887236,0.5800356203400376,26.357013411312092,12.0,1
65293,5.701060861471607,0.0,84.06360900086513,0.3214089108850625,1.5481140364786548,0.060112080397729396,0.005946621798604477,0.12421788637162054,0.1268626611347868,0.13664057928942153,25.408010512787342,8.0,1
87400,5.270402895934253,1.0,122.22298276523077,1.1360051413715428,0.7123149584016482,0.026198033914667747,0.32360298822239997,0.0,0.0682595902191365,0.7436443582672503,29.209382008160855,53.0,3
124739,0.0,1.0,113.55755161486384,1.437000860302872,0.7612162633794276,0.09677083598355257,0.04502452687954758,0.0,0.11061603839739241,0.18854264528804643,27.302999040352024,18.0,1
150238,5.270402895934253,0.0,129.11745827381898,0.37125076488833264,1.2671692686441056,0.040085503505564654,0.0019940376062208094,0.11371429612479432,0.14074054689723264,0.43144989461358074,27.902014825934156,34.0,2
62831,1.5954046671017168,1.0,116.52278159573561,1.1303197887629002,0.650273779481411,0.04071676728200563,0.2972532295256157,0.11673313857593273,0.10829773278800112,0.5508232274881332,29.786493292367826,2.0,1
12667,5.701060861471607,1.0,106.97674805571931,0.2021130503443883,0.010888567016346481,0.03557306247571486,0.3752128331966564,0.14889916773163792,0.07160547706998972,0.05215177523811163,26.94356364730478,44.0,3
11355,5.270402895934253,1.0,73.35576791355159,1.573269725078865,0.8870481719091188,0.10874140811719965,0.0822707938427152,0.0,0.07907699494507488,0.4359872512326654,30.99185915351088,69.0,4
149532,5.701060861471607,0.0,79.66901152386654,1.8484962499838813,0.49629680953734306,0.08707938669215522,0.1941059981153935,0.04895769756178725,0.090631273449164,0.37300954001041753,24.052891721752264,18.0,1
124876,0.872923795046736,1.0,154.4934150012722,0.35435041645980364,0.2078743290301418,0.032756846992377936,0.36832732859560113,0.13892991401941193,0.0652563208801996,0.08116046522221033,24.54101998694769,13.0,1
48990,5.701060861471607,0.0,90.05881944358029,1.3076254137645986,1.5015885652972079,0.02717869094408675,0.06784249099466885,7.779768770923844e-06,0.12892496155362296,0.39683299385755855,25.98353142948468,33.0,2
113109,5.270402895934253,0.0,129.7227845051717,1.6075736872862627,1.0818076464946016,0.029178943760520885,0.08150525731732736,0.0009961907158109078,0.10413295990069908,0.6493529401476361,26.67820508579466,29.0,2
81008,4.359420279727952,1.0,49.298779499719515,0.5229649023558965,0.2117471892219363,0.036177528458350545,0.3726286889175506,0.1481114486462506,0.08927426336727629,0.16747215160921813,23.456598382525783,49.0,3
114842,2.81870192439919,0.0,134.1797553602853,2.137754682254632,1.2766659695073987,0.093155845558655,0.16914742208479003,9.819631613556528e-06,0.12556619701215935,0.27465930423277096,22.90560327109114,37.0,2
81938,6.117892928831929,1.0,132.0344480085509,0.755116866294833,0.48009200488394477,0.0431865287142909,0.24234522406641582,0.0,0.08268848505094586,0.14243836135642088,25.310753125658973,29.0,2
34383,3.3619271977508447,0.0,151.06500809432558,2.0017639122572035,1.5118689516687127,0.055966441356183075,0.09055548875425853,0.0,0.07434469244013149,0.8415483063097657,26.769566579661998,11.0,1
4755,4.359420279727952,1.0,112.31277380569637,1.4208581649724286,1.3391900932368495,0.05117544300866493,0.04649739313307388,0.0,0.09660065570186806,0.7161185947953245,24.54588750270007,84.0,5
111523,3.873488880460096,0.0,101.64938310462757,1.6075736872862627,0.9445731428547706,0.08360405773041377,0.26623522842521585,0.0,0.05519802078648407,0.44142678332063784,22.46812854441616,1.0,1
78505,4.359420279727952,1.0,121.60228028391123,1.5427567021324977,0.9424924981597133,0.03564046603117301,0.24419571757330444,0.0,0.08608269509259017,0.5454951065995263,31.461082439846436,6.0,1
157004,5.701060861471607,1.0,119.40581731715945,1.0770677015296135,1.2016011071995636,0.03684347528477961,0.04736046046136347,0.12758300963765337,0.09259922813974525,0.816157487791309,27.285919315560147,14.0,1
91943,0.872923795046736,1.0,128.6329046249742,0.9356488839762348,0.5359198474324859,0.0311310141664868,0.2517559697250103,0.0,0.06323409511285039,0.6858652061907988,30.958987757598358,29.0,2
132292,6.117892928831929,0.0,112.01414612429954,1.5360221992945484,1.1129057238060638,0.10247485139026782,0.05493484251953905,0.0,0.07523239892816581,0.31479963689727203,28.56958964076742,31.0,2
156803,4.824000686513771,1.0,74.0281743601559,0.41477597498612506,1.2695403925683402,0.09708557810085501,0.21849470962927253,0.0,0.12107639339864908,0.39683299385755855,16.586651726916852,8.0,1
14077,3.3619271977508447,1.0,177.2009260093087,0.8454152376174606,0.8668705620052803,0.045100322270586475,0.228815907594239,5.528831915941808e-05,0.06307618828727586,0.21521517345479477,19.788168732221283,8.0,1
12765,6.117892928831929,0.0,98.99175998069595,0.8503073162091651,1.7493293362478723,0.041342447356368994,0.0,0.0,0.11443906789033216,0.58621235383743,27.72803819234066,47.0,3
146302,6.117892928831929,1.0,103.72981703841732,0.9798822134503042,1.262433119818314,0.10511329257752373,0.14764237027396704,0.0,0.08961697180144913,0.6797957612726563,30.79975058114659,64.0,4
32048,5.270402895934253,1.0,182.02819876890595,0.6036650358901219,0.9053728438287705,0.02844379682282684,0.05248771370758104,0.0,0.13115754517295558,0.23227835647910366,27.706398865954775,16.0,1
109592,5.270402895934253,0.0,115.29287031811262,1.313779393613908,0.7842157988769721,0.10604107796538681,0.241972737467687,0.0,0.07434469244013149,0.5711997449849593,21.434258528182102,29.0,2
55448,0.872923795046736,0.0,91.71423153529533,1.3667351240154904,1.3587067315067167,0.03162939973567415,0.03243768840813622,2.4099778117058396e-06,0.11220324037571663,0.3352063471934248,26.637575440481793,16.0,1
154182,3.3619271977508447,1.0,113.24911173573558,0.41122628964620644,1.7659439067404081,0.04379041442699696,0.011788166338059581,0.1427984781155386,0.0682595902191365,0.12696004704742558,35.51431318662164,42.0,3
44804,5.270402895934253,0.0,163.3932174830802,0.463866698007316,0.7123149584016482,0.03414355059055638,0.3122750050704796,0.12165947486732004,0.05186136939192016,0.3628958211781966,26.03674597258309,31.0,2
5555,4.824000686513771,1.0,83.81675944145003,1.684540299697343,0.43722778157262376,0.09929914618218678,0.3341417403785182,0.0002737134162963722,0.104861145959801,0.4423328122524797,25.695583980073906,57.0,3
40066,2.234779091684268,1.0,75.56108252241042,0.7505023214854164,0.05514825866042605,0.040085503505564654,0.37470221175114343,0.14867172392528688,0.07824336696718033,0.35737047171995895,23.285249633604398,33.0,2
28560,0.872923795046736,1.0,107.43795745905737,0.6697530468859387,1.716331415385084,0.07971180677246352,0.02502350614647099,0.14121151839898802,0.11141967447734964,0.19236282222973636,23.31045888025108,53.0,3
6119,0.872923795046736,1.0,63.11337482396755,1.0632807525460788,0.6042741472907891,0.11281100403753022,0.17762069843415543,0.0,0.11935085950785726,0.6423719350959114,27.697176243083522,54.0,3
78680,0.872923795046736,1.0,88.14331370489126,1.670392228724202,1.1854566026281719,0.05951219308668294,0.15637341109399755,0.0,0.13594478859101813,0.5339328914848354,21.713836012457232,23.0,2
115940,4.359420279727952,0.0,137.46107320039633,1.4240785193695762,0.9115158496685433,0.02829596852094633,0.21113880216734304,0.0,0.11700849582798221,0.4658339547302879,21.715799484338262,54.0,3
71585,0.0,0.0,127.12204057599017,1.0063959825440436,0.4466415085671937,0.02844379682282684,0.2300164851229946,0.0,0.11781335401820275,0.6099729853020663,28.80235544878447,9.0,1
148948,0.872923795046736,0.0,69.81511841516438,2.150009981833069,0.46247264093949164,0.10064118982096132,0.010724970060022793,0.0,0.0912961293942096,0.3564489745952911,28.55880183026548,23.0,2
37620,6.117892928831929,0.0,79.65819867945062,2.0412105181439637,1.810627357456136,0.05170941569813888,0.07911873700082504,0.1475855259215049,0.039742232546621695,0.5897388344096739,27.00421694298514,26.0,2
120851,6.117892928831929,0.0,107.36542645078035,1.347912282370425,0.630660508976416,0.04021220559895827,0.20847417397657522,0.00011594861174122757,0.1287391309259475,0.31665838257302165,25.97122004434836,17.0,1
154424,0.872923795046736,1.0,116.60982968964332,1.1820405678953774,1.5953196693962126,0.10698728321032973,0.05585783783563089,0.0,0.07739805058592603,0.4050531875874435,23.756008591397674,34.0,2
113712,0.872923795046736,0.0,141.78231128758293,2.1911638408862575,1.2909720999978591,0.09495055493920068,0.04744663222773818,0.0012836662509159214,0.048764734048788096,0.5285881430572061,25.96774002134979,31.0,2
96179,0.872923795046736,0.0,191.47105067993178,0.7118274915660402,1.6059025151258526,0.07881827414418355,0.31862323659454755,0.0,0.09355379050258464,0.6606790044748683,25.936673471218413,34.0,2
98988,4.824000686513771,0.0,84.01532048565684,0.8332466137621517,0.8488750374661344,0.05824462509301763,0.06904635819192184,0.0022111235913284586,0.051800539853937295,0.8288657823573593,35.972488824496374,11.0,1
20344,2.234779091684268,1.0,82.54329623629319,0.8724965562789044,1.4031006457171435,0.05009339799691467,0.030532185089493704,0.036000550337622,0.10263327184459343,0.6161167520118906,30.39164948876965,36.0,2
124942,6.117892928831929,0.0,113.6654772550635,1.2113149601562354,1.5403126485640692,0.07261531317345733,0.009949561672197385,0.0,0.1287391309259475,0.37759984787925627,29.789784359093357,15.0,1
35332,0.0,1.0,55.33079374581299,1.4467356640090427,1.3343314548273377,0.06417169459392577,0.2900298579758404,1.4799916322457117e-06,0.13208253970582007,0.8381688053614872,26.22866707946441,36.0,2
81125,6.117892928831929,1.0,160.7165652821571,1.0577922600757719,1.234186749955301,0.04257727432062326,0.1941059981153935,0.11709011191129547,0.12816865300364028,0.5508232274881332,23.770365029995236,56.0,3
34627,4.359420279727952,0.0,143.0262536958315,0.6162115293567928,0.5476720855465492,0.04052797693875132,0.2900298579758404,0.0,0.05443551858350137,0.39957455327271907,31.171930691657966,32.0,2
6293,4.359420279727952,0.0,135.18289131582375,1.0826088263724851,1.0100410881731547,0.03550559855419764,0.11056948609566525,0.0,0.07253143383276514,0.39957455327271907,25.189882810656506,72.0,4
14189,1.5954046671017168,1.0,115.65691370460719,1.5495079674127066,0.8568538604471809,0.027776458983118688,0.2445634442629467,2.2798014206050017e-05,0.08422295110813957,0.3352063471934248,23.911344111140785,54.0,3
120913,0.0,0.0,76.65486164669636,1.0550536357269065,0.6810255875210611,0.09724115111165019,0.24819787995466153,0.0,0.07523239892816581,0.6126068486236221,25.821023030033487,5.0,1
139583,5.701060861471607,0.0,55.080194418888034,1.2831687122254798,1.8050118109561257,0.07821024105866159,0.011788166338059581,0.14814663838183756,0.07654086052747315,0.2180635239145109,27.926353271843887,16.0,1
159351,5.270402895934253,1.0,114.24083360580488,2.199450696876145,1.0358893422160114,0.09407062608946572,0.1964938211855431,9.999961796679951e-07,0.051251070043230505,0.8710420542341463,25.295767953771964,11.0,1
24964,3.3619271977508447,1.0,82.66700332107241,0.8381035217009131,0.07931775464716478,0.04071676728200563,0.3749579057766519,0.1486979383007315,0.0642263303982092,0.2521047362767937,23.566551512573426,48.0,3
36264,4.824000686513771,0.0,120.22697681862604,1.2892590495900826,0.811393604128813,0.10954978063179283,0.1750078775205933,0.0,0.04323232230902951,0.563235334781676,30.98058826650993,10.0,1
15646,4.359420279727952,1.0,34.61957698409456,0.29272650377776294,0.28125948326571976,0.08360405773041377,0.24271691165998005,0.14515383250639416,0.10958238112235452,0.10947906558311733,22.513120776609092,34.0,2
27396,4.359420279727952,0.0,88.28718116902613,1.705891647744118,0.858853361084863,0.0769637268850384,0.2619930523580206,0.003939573289650818,0.06971386977315287,0.3315024662333718,22.462075786727954,44.0,3
25307,2.234779091684268,1.0,126.25175042123978,1.4144297135629609,1.2838098666500841,0.0977007986551314,0.15465320359065973,0.0,0.11041192561352685,0.6423719350959114,32.55269805591649,71.0,4
65565,0.0,0.0,112.31277380569637,0.5606640996118144,1.7108616820708253,0.09984812356667594,0.010821767172170031,0.14408424779759432,0.10979175009966557,0.06446889349782105,32.82304948394048,43.0,3
94775,1.5954046671017168,0.0,118.82899289597161,1.313779393613908,1.2909720999978591,0.07226092540897922,0.079196038339907,0.0,0.10237756976806238,0.7753147408630994,29.498596728272133,48.0,3
57409,0.0,1.0,131.03294117712056,1.1907821343351075,1.4658701681640962,0.03134499269087866,0.025948304091180735,0.0,0.10937167434329613,0.5107338658349185,23.43479558696493,36.0,2
117478,0.0,0.0,88.60676707126821,1.0197912380668752,1.1286011489630472,0.0858828442467042,0.3023688437772764,0.0,0.13572879064426424,0.23700674147691309,21.4147505623987,8.0,1
156341,4.824000686513771,1.0,134.64634672262295,0.6807085260360416,0.9383370423726153,0.03550559855419764,0.19071575807816873,0.0,0.06627170617944157,0.31851640614259263,26.461156194686122,53.0,3
110950,4.359420279727952,1.0,106.58786770690504,1.3230403074748542,1.5299401608787968,0.08463728846781318,0.003590615779348501,0.12367263895685356,0.05681609375264097,0.3342806431153462,23.185962293329336,19.0,1
104400,3.873488880460096,0.0,129.18810057402996,1.4597729435754092,0.6792018079786396,0.07261531317345733,0.25315830735000466,0.0,0.0692325431781873,0.22943896094336566,24.3537500169732,1.0,1
130219,0.0,1.0,65.86008087095789,1.2862118976616896,1.3832875724289047,0.10315298150069982,0.12658456236904403,0.0,0.1363631935094853,0.646736059972371,20.547056702100285,4.0,1
59651,0.0,1.0,77.97965790515677,1.8522407310256643,0.6610661750968433,0.07851550707857491,0.054177532011139076,0.02359941253875624,0.0682595902191365,0.5579193060105864,28.679191616877002,18.0,1
38165,3.3619271977508447,1.0,114.51808941644505,0.1262355353348855,0.013128373294067202,0.03730610971165305,0.3613146724313329,0.14651288878424606,0.07066635954166857,0.06938527388908416,18.836848935211275,50.0,3
148760,2.81870192439919,0.0,65.91562473095843,0.9305140056689871,0.5680252931599925,0.10823744678519129,0.17762069843415543,0.0010854753600897822,0.07479010183432175,0.09016528376510163,36.34339456949016,4.0,1
20631,2.81870192439919,0.0,133.63259416623032,0.7299054380798758,1.5221827970798172,0.044982288551343556,0.003976213546291906,0.07437731585469125,0.09029545927515505,0.3867677441611076,26.585312928342834,46.0,3
10971,5.701060861471607,0.0,81.4880195820759,1.4144297135629609,0.448216650415155,0.11681521631132838,0.3089768159015057,0.0,0.07697095147323091,0.3175874845356611,32.40796938725906,3.0,1
114691,3.3619271977508447,0.0,107.50530141443893,1.789185585833376,0.6288885490015691,0.10390712915025974,0.30777806438605254,0.0530579097057936,0.08150955334797905,0.654583124696766,17.797735063751137,23.0,2
717,0.872923795046736,1.0,63.699772150010666,1.8039074821054202,0.9781284470444853,0.10715144929109219,0.12069608348726522,0.0,0.09227673809299898,0.5152030121689768,30.119700960090377,62.0,4
214,0.0,1.0,123.94536385967542,1.354170443691811,1.3857569851549003,0.06450986144918483,0.10500286109376333,0.0,0.06158588724043837,0.6414987105437209,22.889571283099606,57.0,3
96881,4.359420279727952,1.0,101.69637684378047,1.5664596139965252,0.8528606142967284,0.03310586124704776,0.002758574459070547,0.0,0.1236889362795961,0.6371305844385486,22.021106387243965,55.0,3
108609,4.824000686513771,0.0,128.7692117155536,0.6078342526447381,0.5731544633651487,0.026198033914667747,0.29328660272751916,0.0,0.07434469244013149,0.2943053803806194,24.72331476183797,59.0,3
8402,0.872923795046736,1.0,132.8187883752765,1.0332792011007887,1.288582650538607,0.04065389307740725,0.0006244166710528026,0.1308539056356855,0.06260042484656009,0.6815305328788934,35.087208169092605,51.0,3
102020,2.81870192439919,1.0,86.87369178683713,2.0771036036296118,1.288582650538607,0.07007114572550133,0.17022461334284544,0.0,0.11700849582798221,0.8794437592650981,24.60799529242339,5.0,1
27650,3.3619271977508447,1.0,95.37081277777878,1.0090676336197404,1.4456428644832313,0.06776810307407538,0.1098800831673712,0.0,0.09510266620308695,0.45409671780157784,29.356880094869386,29.0,2
38773,3.873488880460096,1.0,96.84990024603819,1.532661226759913,1.3440569354023117,0.039448600807730404,0.0799678872523985,0.0,0.1135278727644392,0.8558909984900992,28.247767808199036,30.0,2
159874,4.359420279727952,0.0,106.87825083802745,1.9822113074352263,1.0078998505255499,0.11314092919575607,0.07056408099918726,0.0,0.0642263303982092,0.539272361790861,29.268886377570357,26.0,2
129138,0.0,1.0,154.0703852084721,1.586940561014816,0.8409268716865445,0.05824462509301763,0.013712425199831665,0.0,0.12051510801643173,0.7496487913794742,24.900159427463123,46.0,3
61401,6.117892928831929,0.0,89.47946572658299,0.7140754272172378,1.1466586274561965,0.09101297716999975,0.0029172191310687574,2.5999741751945183e-06,0.08111111514562246,0.37025330913284016,33.761603294760285,24.0,2
42024,0.0,1.0,153.89325353001783,1.5427567021324977,1.6191785944337034,0.06575768768239226,0.005946621798604477,0.13690638332063543,0.09355379050258464,0.43689424042349,26.46234554162501,18.0,1
53575,5.270402895934253,0.0,77.19277128356795,1.2619772416422685,1.0337244907542096,0.041092841861565026,0.24963015667287333,0.0,0.04704475287557075,0.21331526928243794,25.305985769166185,41.0,3
42574,2.81870192439919,0.0,147.2342713907234,1.0605346314265924,1.1017545099034765,0.024666575841302687,0.08379560804947994,0.1447665332466122,0.10533879505897356,0.6962553346128163,26.601907588456093,32.0,2
52869,2.81870192439919,0.0,57.046531542115254,0.3117473624906743,0.35241044535141897,0.030629476337651843,0.36901337854750693,0.0,0.08608269509259017,0.1732287102697829,19.591117276435543,31.0,2
944,0.872923795046736,1.0,124.47307574410492,1.0798363793789911,1.4080745642651042,0.11574060313084805,0.19601848270027006,0.0,0.13155052839365755,0.6658989234852036,22.54170733336581,50.0,3
77951,5.701060861471607,0.0,155.5650037629137,1.4305314995612604,0.5028288081559448,0.1191520175720293,0.2011869296779366,0.0,0.06642276875193981,0.35552730403390576,25.94511214529009,4.0,1
144561,6.117892928831929,0.0,115.73380329367818,1.1588997572047788,1.288582650538607,0.09460267036318325,0.06001745175361135,0.0,0.13451532550793535,0.44867055468068734,27.4842169774852,10.0,1
16874,6.117892928831929,1.0,118.200666269213,1.1820405678953774,1.691784810850091,0.09121551619797047,0.08906753062547003,0.0,0.10937167434329613,0.7169807027788505,29.057529503516893,63.0,4
25546,5.270402895934253,1.0,116.91186572791592,1.0251752790418884,0.7745995549638897,0.05833953340702714,0.1297971916212612,0.0,0.05772607159203345,0.2426743316518963,20.78157480030624,69.0,4
45950,2.81870192439919,1.0,145.67814956082287,0.7574292631964193,1.8050118109561257,0.07727921957627658,0.0009985074216367666,0.009628717289747853,0.12807164233603202,0.22185852236336234,28.31028736680068,23.0,2
30888,5.701060861471607,0.0,98.9603102936607,1.2953652640842788,0.23529773667628084,0.027028571290768577,0.08019902976976555,0.0,0.07654086052747315,0.7333370560811653,23.198533343866988,35.0,2
151876,6.117892928831929,1.0,138.07600193063172,0.5288420113742089,1.656633108457273,0.11636168141592083,0.0021927874172266238,0.06298619145799794,0.1261174700059207,0.3305760518370182,29.6232118021228,8.0,1
89464,4.359420279727952,1.0,70.12902486394464,0.6632195463963222,0.10057482118550591,0.04804096838564263,0.375466997075387,0.14892184338860762,0.07567160824092482,0.6169938866974617,18.307111502953568,51.0,3
55544,4.359420279727952,1.0,97.70639742285374,1.13316055416276,1.481128021569572,0.06120212285477264,0.16752177592828701,0.0,0.14185402487760038,0.659808559089989,21.563047744951422,15.0,1
74917,0.872923795046736,0.0,114.26650948007187,1.814995089313839,1.0840160182295047,0.06070530573539059,0.1440571078191837,0.0,0.06291794151879873,0.5250220325545847,27.53158109113423,9.0,1
116771,5.270402895934253,0.0,131.0178347141447,1.7094653201885666,1.0164765902676833,0.05631163987576615,0.22841394966772371,0.004905852458809698,0.062121579541474924,0.7761684083032372,25.697201715430086,43.0,3
2857,3.873488880460096,1.0,114.08162475305123,1.789185585833376,0.6271184303094184,0.04557037994341877,0.1482346753096205,0.024418278472219074,0.05658694707312501,0.7565036843130809,27.857633156635977,50.0,3
117863,1.5954046671017168,1.0,161.16148601295848,0.21058529260489836,0.14188798591922372,0.036177528458350545,0.3653873670030248,0.1485905385235853,0.07434469244013149,0.04177618440531738,19.0063990895193,46.0,3
78423,1.5954046671017168,1.0,25.325505180848133,1.6528037535325126,1.0467431886384175,0.08867623283039489,0.3450089936356306,0.0,0.10133787158252591,0.7787286945775497,23.211244218502717,27.0,2
1819,4.824000686513771,1.0,116.21035590167986,1.4827469254218961,0.9696927940084842,0.06931636345747896,0.2892037810752459,0.0,0.08571582562284803,0.4123487785843696,25.70124575140789,24.0,2
49151,2.81870192439919,0.0,134.78176532528846,1.5562760176399235,1.057646406189738,0.039448600807730404,0.056694445884583236,0.0,0.043567445932203255,0.7573599992273963,23.694109315449772,28.0,2
39977,3.873488880460096,0.0,118.22621730542416,0.4308966917757894,0.1263991383510244,0.039448600807730404,0.34588121390485244,0.14827357759696985,0.065765824499414,0.0880137468287464,23.765532823454713,29.0,2
124379,0.872923795046736,1.0,101.14792305913801,2.045180298001813,1.3562599631415344,0.05312809297365113,0.07780136378093551,0.00029167454303844924,0.12910867417091867,0.5782695745186084,25.972558430395733,4.0,1
145202,5.270402895934253,1.0,110.17868039869329,1.313779393613908,0.6288885490015691,0.10763012901892503,0.1580808751609178,0.0,0.12093734207546923,0.5232380909858012,26.007741183005876,16.0,1
28079,3.3619271977508447,1.0,116.05153614878957,1.0468602170294494,1.319804715011444,0.026953409443536608,0.18020234098276874,0.0,0.08961697180144913,0.5044707688151407,23.76297432781195,21.0,2
135021,1.5954046671017168,1.0,103.17249591578053,0.8749797475547563,1.640530318907042,0.06697413709052649,0.05652731267140999,0.000942590481390945,0.06297072826400497,0.4730437411412784,21.725464071047842,64.0,4
121474,4.824000686513771,0.0,137.75108859247587,1.8597430050557224,0.6218191154126793,0.10127534682474977,0.3277705115616283,0.03838153689926329,0.06776790858233991,0.6064592478239177,20.94849572246541,22.0,2
153097,4.359420279727952,0.0,80.18238153459856,1.486045460471644,0.23529773667628084,0.04954523409962817,0.34862413654409774,0.14866510521289292,0.0652563208801996,0.482042029581441,24.97843862524329,14.0,1
116156,5.270402895934253,0.0,103.84955911031545,1.0414166221981487,1.5144442747914244,0.037503497957860635,0.0009985074216367666,0.032281348581267556,0.09570786137811908,0.4784445662216481,22.75313899310652,46.0,3
24062,5.701060861471607,0.0,152.91850546864464,1.3952422166886544,1.0229297889556126,0.10961413721893093,0.18527405936558464,0.0,0.12356559458620506,0.4023146165258838,20.55959271493681,19.0,1
62706,3.3619271977508447,0.0,144.15441148476785,1.4208581649724286,1.1017545099034765,0.09200993864114734,0.07499123038645801,0.0,0.07434469244013149,0.2737217164713884,32.848587046763285,46.0,3
7820,1.5954046671017168,1.0,148.35282389314216,1.2024918523025487,0.6520678855900447,0.09258961304742667,0.056694445884583236,0.12027383939465348,0.12344151675057939,0.5160963935823022,32.34511542863409,35.0,2
104288,5.270402895934253,1.0,105.2901291897455,0.8899536272626166,1.1511930062111049,0.09563039090246964,0.1941059981153935,0.09627997572786516,0.12717284007352847,0.5035754392914052,29.199497740975957,12.0,1
23780,6.117892928831929,1.0,144.7552470560172,1.456507450130662,1.3562599631415344,0.03482762600454365,0.0978759997682047,0.0,0.05940416375632923,0.652840258681475,24.70130472793508,34.0,2
141533,4.824000686513771,0.0,113.42390906367858,0.9589353474702558,1.0773968561658953,0.03684347528477961,0.21891869809742429,0.0,0.09227673809299898,0.509839587862524,27.84116907390043,29.0,2
346,6.117892928831929,0.0,148.5902366784734,1.767234330366132,1.32222071931342,0.06969534196105091,0.015148191303851427,4.67991632822811e-06,0.07113757653068406,0.8178534252352518,27.289284079741087,27.0,2
98738,0.0,1.0,91.20002828482636,1.3604447167824396,1.3440569354023117,0.04140471036841923,0.004163906726849221,0.0004711500627276627,0.07298954199416931,0.1065584841555173,28.55729633307292,38.0,2
145485,6.117892928831929,1.0,81.36944899976669,1.2529544013102096,0.776519017031305,0.11285320965981253,0.3521161806147746,0.0,0.11566792219410234,0.8626292624718457,33.11171777951121,13.0,1
153240,2.81870192439919,0.0,175.45406037455035,1.0881650388686348,0.9675887642154379,0.1135669959430541,0.25729539104543686,0.0,0.06438176933966647,0.6248819796008633,27.469661938354772,24.0,2
2080,2.234779091684268,1.0,120.82831084655936,0.9305140056689871,0.5973074966131857,0.03482762600454365,0.2626531020560216,0.016823724306544618,0.07567160824092482,0.4658339547302879,22.191830379832982,75.0,4
89874,2.81870192439919,1.0,120.77227241488278,1.7023222984191564,0.3850791304369432,0.04965525120671698,0.3386941269429667,0.0013331667289528135,0.08892922146119757,0.4883316765960209,22.239724763129153,42.0,3
94333,6.117892928831929,0.0,76.59506079829254,1.0305741753174436,1.6809306175645167,0.0426995572243835,3.819978190945174e-06,0.14729357010239952,0.04806811573180839,0.5738519916568867,32.166455564710326,14.0,1
63211,0.872923795046736,1.0,121.4953923599543,0.5687461083073212,1.4684079384441668,0.04071676728200563,0.04822107664482468,0.1481025603478846,0.100270542490563,0.3305760518370182,27.930302125906596,42.0,3
52131,0.0,1.0,156.69443279787347,1.1502855016786524,0.7803636199698412,0.11375070569540104,0.10570515998144205,0.0,0.10829773278800112,0.6780604729547725,21.729691420572017,34.0,2
123676,3.3619271977508447,0.0,121.86689731152067,0.6141123480098922,0.9508267515704789,0.07821024105866159,0.16312805578940295,0.0,0.0560111652642022,0.6458635010518889,33.929975897396865,20.0,1
154067,4.824000686513771,1.0,148.76331588661745,1.2409790360109807,1.0532791897548954,0.06616661355998277,0.005828727450959072,0.00014691748292448308,0.12215914027194473,0.7255949080509491,25.962385521159096,1.0,1
115874,0.0,1.0,115.14412926111298,1.7708819284359916,1.2155178905375075,0.05223874875548161,0.28299581488152875,0.0,0.11061603839739241,0.7496487913794742,26.4581165873358,10.0,1
24530,0.0,0.0,160.21276040808928,0.4219109607463171,1.7687205075946664,0.09258961304742667,0.0009985074216367666,0.0,0.1261174700059207,0.15112035188052228,25.83969576179889,29.0,2
86773,3.3619271977508447,0.0,147.2293193422084,1.2892590495900826,1.3808202212133387,0.047871617065426426,0.0799678872523985,0.14538864290523457,0.07479010183432175,0.5959048078477117,28.791003488631876,13.0,1
116916,5.701060861471607,0.0,179.58560672618867,0.755116866294833,0.5093894862776464,0.024511895173556893,0.36524496536941464,0.0028094376285933147,0.07434469244013149,0.31386999284176065,29.325720912425023,39.0,2
12279,5.701060861471607,0.0,117.89399213036093,1.9705341629668967,0.850866867530047,0.11281100403753022,0.20667737463872096,0.0,0.09417957066797655,0.5472717260619129,28.351662589890793,63.0,4
94590,5.270402895934253,0.0,125.42620540311738,0.5229649023558965,0.6646784571795217,0.037503497957860635,0.2838582084562178,0.1445486878845403,0.11479565148345594,0.24456196630091115,24.338508159778588,29.0,2
2644,5.701060861471607,0.0,164.76329200732502,1.1560244956058299,0.6271184303094184,0.038157654766122096,0.2671982360325522,0.0,0.06985760413807163,0.29337171326094935,22.62467646944451,4.0,1
31573,4.824000686513771,1.0,168.56270062393182,1.2559580752183774,1.0928693631362019,0.03684347528477961,0.06248535294461734,0.14168902352521107,0.06727271957900667,0.2999035103297946,27.54971404162792,23.0,2
2279,2.81870192439919,0.0,136.25506738104426,0.9459621033695175,0.46725657598435466,0.03414355059055638,0.3099278600381149,0.0,0.06474316603131854,0.3287226888922308,21.479477322748128,75.0,4
32792,5.270402895934253,1.0,140.37227781574958,1.6214139493243716,0.6883393129818888,0.08731300249953422,0.3323855330835508,7.099807424520663e-06,0.052285935053547644,0.36381610868103414,19.82719752507755,26.0,2
112800,4.359420279727952,0.0,126.89948962732011,1.2559580752183774,1.3636064357556406,0.041342447356368994,0.10429869371523375,8.597175234866889e-05,0.09195206939260495,0.23511597741337825,26.500253452317843,34.0,2
110168,5.270402895934253,1.0,104.48438359877099,0.7276338680333096,1.3077553750603137,0.07664561864626834,0.1750078775205933,0.0,0.1046199903677044,0.5561461496395317,27.599184617083946,39.0,2
84571,1.5954046671017168,1.0,144.9488285838592,1.2710355796097998,1.1196203641016944,0.1036956043327662,0.09715277734440843,0.0,0.058457712096383514,0.40961416743273077,22.90035727095849,1.0,1
88042,5.701060861471607,0.0,79.53383593523586,1.0224814030232345,1.1877569186390118,0.030269292847822718,0.018473777957743368,0.004288280826953148,0.14346895214072206,0.17993512852399263,24.610910498132185,20.0,1
31295,4.359420279727952,0.0,95.3497346143566,1.4959659338530724,0.6846787275032765,0.039895027311060795,0.020922198374690445,0.0,0.06908747875016392,0.31479963689727203,25.971621565081644,55.0,3
7763,0.872923795046736,1.0,108.52508612394912,1.354170443691811,1.329481015462743,0.10501676070355577,0.1902268730920707,0.0,0.09540627374586548,0.46312771325061475,27.80566573937039,59.0,3
79203,3.3619271977508447,0.0,119.5843988138998,1.5698625629767227,1.4633344786443667,0.04090505509611655,0.08379560804947994,0.0,0.1295588669753996,0.7573599992273963,27.29407191073076,24.0,2
119876,2.81870192439919,0.0,119.34968381261015,1.5259518253987494,1.1762754558995927,0.04263844285355163,0.1926598498780871,0.0,0.0834609979772711,0.5116279940761842,28.54976803370537,44.0,3
3086,4.359420279727952,1.0,86.8950517374222,0.4920930517323875,1.3005502950795864,0.06056899457987591,0.07663385629102275,0.0,0.14071176392956108,0.3101496044938338,27.76335341811414,9.0,1
144195,1.5954046671017168,1.0,82.92508973704953,1.433764130961678,0.8688796649587435,0.09424935215065408,0.20349305848707883,0.0005717477647805778,0.06022968339775826,0.4847385124396228,28.947043459248246,6.0,1
73999,0.872923795046736,1.0,80.65750690005295,0.787802634069226,1.6863534561629305,0.1104113823661705,0.2370566471492302,2.119982830319309e-06,0.05589550698419186,0.45771100209068194,24.540324574215358,17.0,1
11162,4.359420279727952,0.0,132.32111107864142,0.4844986670267884,0.6610661750968433,0.039448600807730404,0.30161378407295175,0.0829140479175491,0.1087314302634894,0.4513843481564584,23.102906775120058,31.0,2
60974,4.824000686513771,1.0,137.67109309136123,0.5789202739654,1.6059025151258526,0.061916456303725574,0.003976213546291906,0.051465821131267325,0.11949950664623125,0.2915038241674874,28.27139740120951,12.0,1
99502,2.234779091684268,1.0,124.70638457587248,0.6785107863592905,0.2065866813387133,0.030701318429724542,0.373801201041412,3.2795890398977504e-05,0.07697095147323091,0.12599077882340193,25.95917246097243,11.0,1
23021,5.701060861471607,0.0,122.64500609799731,1.5226033909488335,1.5041555271287885,0.041342447356368994,0.22434514853910228,0.007761030056575878,0.11200919934125854,0.7676263476484754,23.902142331742425,25.0,2
112193,5.270402895934253,0.0,111.76691986090215,0.977251050003743,0.9341893605956845,0.11310063945232358,0.08906753062547003,0.0,0.11141967447734964,0.44504994222165256,24.45203787854711,5.0,1
127222,0.0,1.0,142.1307722610985,1.7309982986371468,1.3832875724289047,0.06931636345747896,0.34359820437596617,0.05766049714057767,0.038053544031178284,0.599425165844399,21.488452582443756,22.0,2
105725,0.872923795046736,1.0,168.45098702369398,1.635322297431103,1.2435697576993787,0.032756846992377936,0.004962882796202298,0.14530463374284022,0.05306868496164823,0.24833490189782328,26.766813088568103,57.0,3
115952,0.872923795046736,1.0,64.58629166136295,1.5596663441426157,0.5028288081559448,0.06657208594270177,0.28975503342092523,0.024336665848053055,0.06344411017050605,0.29243786124942284,28.310665985776502,20.0,1
4867,5.270402895934253,1.0,98.38872522418013,0.8650682795653099,1.314978844489941,0.10986713521603828,0.13980511964077502,0.0,0.11549563035956101,0.6414987105437209,28.06408344353427,58.0,3
41402,0.0,0.0,117.07563518617141,1.4499888131526906,0.9696927940084842,0.040085503505564654,0.0760873691556447,0.0,0.10186112363500793,0.3453774353206826,27.508292101449616,56.0,3
123807,3.873488880460096,1.0,115.856811441038,1.9242320163545066,0.37758067059571104,0.10986713521603828,0.005228780617667272,0.1487173288253286,0.026146425727515604,0.6362565578510048,30.283311996480908,17.0,1
49542,3.873488880460096,1.0,109.87923115185562,1.8002204158456978,0.8251223509347365,0.09800143618007766,0.0993166428042023,0.0,0.07479010183432175,0.35921294629456185,28.26722845298101,15.0,1
71646,0.0,1.0,125.98340669703721,1.4176418973042995,1.486230640455675,0.05531977924046881,0.018473777957743368,0.003939573289650818,0.10979175009966557,0.654583124696766,28.727200954284662,33.0,2
14956,6.117892928831929,1.0,133.48194306539145,1.6492989120715298,0.9074185780413175,0.056605864430572014,0.07294428524369923,0.0,0.06291794151879873,0.7701902243557449,22.901814574415166,5.0,1
19943,0.0,0.0,150.10246976744864,0.6225285599873925,1.85017773398087,0.07759212050764247,0.0,0.001984806558653298,0.11617843095528736,0.079200284378457,25.604339606483933,58.0,3
84716,0.0,1.0,110.58636388712493,1.3698863849283012,0.8389446157210648,0.11694644472949735,0.3221090549720343,3.019965158072731e-06,0.0692325431781873,0.31665838257302165,19.68367896422831,57.0,3
3191,0.872923795046736,0.0,113.12570215458905,1.440241690388494,0.8931390217637617,0.08911637209763554,0.13795961794494901,5.1589829837984634e-05,0.07298954199416931,0.40779027040891674,21.55394153510325,3.0,1
69015,5.701060861471607,0.0,103.31316883933846,1.928065764092387,1.7659439067404081,0.08253683745040954,0.03683917775901111,0.0016297733692249503,0.04639900998989982,0.8381688053614872,27.28682524141659,38.0,2
142380,3.873488880460096,1.0,154.78353705016605,1.1560244956058299,0.5176307295664182,0.028369916082223195,0.3289923790540922,0.0,0.06510275914425293,0.21711427425888152,25.97791150618865,4.0,1
68840,5.701060861471607,1.0,92.95828331606397,1.2923101708008011,1.1241067643567022,0.09200993864114734,0.24927322505169477,0.013280431973232367,0.08858182813778119,0.6213775183157527,20.650951361463843,31.0,2
118281,0.0,1.0,98.18409803757393,1.5461302380608775,1.0620215341973758,0.09181366582891372,0.17076124987887595,0.0,0.10363955969640551,0.4359872512326654,25.122319095289235,1.0,1
95253,0.872923795046736,1.0,113.11027460348953,1.5226033909488335,0.6865080892331454,0.03184203401148653,0.20757782895809845,0.03400916657682467,0.07389614600927014,0.3766821266125737,25.974432092163386,55.0,3
13355,4.824000686513771,0.0,118.27220717979421,1.1617788655968144,1.236529463082332,0.0431865287142909,0.005946621798604477,0.12527070615428185,0.1282651059706081,0.28870060070904596,30.16238291177498,52.0,3
61967,3.873488880460096,0.0,122.7720808072737,0.9305140056689871,0.8548562783934225,0.03345331143459896,0.22598348239194627,0.043719125023246166,0.10557531116723944,0.2980382035009999,23.727420409292154,53.0,3
123446,1.5954046671017168,1.0,59.093576963633744,2.351842216783841,1.0057605767148683,0.0897636276352218,0.03594595641034841,0.0,0.07253143383276514,0.4658339547302879,23.620542087293863,39.0,2
143313,3.873488880460096,1.0,126.41372973759682,1.6528037535325126,0.5325783271168508,0.05354207446940765,0.0036202930481015706,0.14394803502789175,0.07019179955184995,0.25775370012333004,26.49563251138008,5.0,1
44573,1.5954046671017168,0.0,59.62347673478294,1.4630425573980839,0.6359874431092684,0.054817363853910714,0.35063430160122416,0.1487173288253286,0.07344443758622808,0.3110799737441455,29.071908772901345,13.0,1
21071,6.117892928831929,0.0,110.94742291543513,1.382531875836705,0.7669406212233013,0.11590089074027247,0.2180697686246851,0.0,0.08927426336727629,0.2718459746407351,20.442809784322165,39.0,2
113195,3.873488880460096,0.0,104.51038921967178,1.6144853188230401,0.4387923199218749,0.10224203121314437,0.20577278583815367,0.0,0.06830856655814778,0.5685462219497042,23.0546306331996,16.0,1
123505,5.701060861471607,1.0,75.31589874081378,1.6110273795933783,0.4592922305015822,0.11945668637898718,0.05036195414614965,0.0,0.07739805058592603,0.25681268701775833,19.839874873921957,4.0,1
91650,0.0,1.0,116.88115530179698,1.2710355796097998,0.5612118533538111,0.027552803013641613,0.3472617649024948,0.0,0.06869912804803781,0.531261178626178,22.904437563232673,20.0,1
128410,6.117892928831929,0.0,97.3492165769674,1.2290664655179893,1.160285808401269,0.1069043158630909,0.1220165471564242,0.004819187954229082,0.11979409945598393,0.5276968367130614,29.82840531882334,33.0,2
8001,5.701060861471607,0.0,97.87966797232205,1.573269725078865,0.9466557329092349,0.0964512307573751,0.007905355412165744,0.0,0.10363955969640551,0.5561461496395317,26.466970434202366,15.0,1
91037,5.270402895934253,1.0,84.72315707977091,1.6318388174675127,0.44035862382797525,0.10200572894442908,0.3175131692008499,2.5297554867371778e-05,0.08422295110813957,0.44414439156625246,26.902031046569636,31.0,2
56368,3.873488880460096,1.0,65.56558718138719,1.1588997572047788,0.06428724991183415,0.061426404648300695,0.3755937936401596,0.14893304993367745,0.07782218133052284,0.755647248105166,25.25868783638936,46.0,3
35378,4.359420279727952,1.0,131.82316554608934,0.7208394540873487,0.7234872037486205,0.04071676728200563,0.2524586145099518,0.007761030056575878,0.10533879505897356,0.25681268701775833,24.834960153213817,27.0,2
141626,0.0,1.0,136.3752359098381,1.1021217240069057,0.9053728438287705,0.030844808525263702,0.004903765390087081,0.0017383591729689923,0.14180721870362645,0.27465930423277096,27.532996011228345,22.0,2
100351,0.872923795046736,1.0,105.80949737928272,1.4630425573980839,1.0036232661278224,0.09039569818937865,0.04328257675457958,0.11081655243372752,0.07948948280021469,0.25869452132756765,29.080955303131688,46.0,3
79367,3.3619271977508447,0.0,109.41950432990821,1.310700409278527,1.1511930062111049,0.09724115111165019,0.24963015667287333,0.0,0.09540627374586548,0.6641594742783927,30.98652066295406,3.0,1
108477,5.270402895934253,1.0,161.0294949692107,1.0090676336197404,1.5377163817742514,0.06279572776316904,0.1360999778061121,0.0,0.11061603839739241,0.7135315184130544,26.891445011874648,46.0,3
69628,5.270402895934253,1.0,54.869338230447276,0.8381035217009131,1.5067245784156227,0.04747472386211118,0.013040225843070581,0.0,0.05940416375632923,0.8575762360088297,34.40242740444017,39.0,2
109471,2.81870192439919,0.0,105.13424739379822,1.1762322066763853,0.7347269443802338,0.0457457983419078,0.043718997079984015,3.5799510385180996e-06,0.0346577266520643,0.4359872512326654,20.704015364497604,23.0,2
98093,4.824000686513771,1.0,95.75537264027405,1.1189948897666122,1.5015885652972079,0.03134499269087866,0.03861793216455963,0.0,0.06561335504490168,0.3398322134003418,26.482426801782733,74.0,4
44393,0.0,0.0,108.24051301834078,1.4208581649724286,1.2388742016849947,0.030988040265888892,0.2128951275573229,0.006103417415163554,0.06469164859324981,0.8398587829557217,27.42583627694659,16.0,1
108414,4.359420279727952,0.0,125.93783077108398,0.9719997127794917,1.6138618224161947,0.04071676728200563,0.07135967865258865,0.0,0.1314728113806297,0.46853879156411365,25.198900238851394,60.0,3
57341,5.270402895934253,1.0,92.43448484110277,0.18134249232326047,0.006865397332347377,0.03379920531112484,0.37130700566282,0.14878033257804144,0.07066635954166857,0.14726385588242943,28.18249518540916,40.0,2
74440,0.0,1.0,174.17369450239252,0.4201227557391191,0.22738773227913406,0.05431056943270107,0.37405960254010995,0.040287340300327955,0.08307607176161669,0.09973583900653984,24.158051448692678,32.0,2
45707,5.270402895934253,0.0,113.65519925430878,1.2984243322312379,0.7422576704438388,0.03543807420676252,0.32979984747365504,0.148710890826415,0.1028873097127769,0.41872379767106116,19.767268058924344,41.0,3
85559,0.872923795046736,1.0,65.74341710305848,1.0605346314265924,0.6007871602881386,0.10520912552351953,0.34090136157244855,0.1478679710128337,0.07567160824092482,0.539272361790861,23.83794641152631,40.0,2
38153,0.872923795046736,1.0,58.73805445890757,0.8235748656635028,1.8134383621135695,0.11097780873747112,0.131070708116066,0.0,0.1295588669753996,0.3739279421988962,21.14591148795589,4.0,1
10616,1.5954046671017168,1.0,136.36021567356784,1.4728761491942823,0.8349858419672646,0.09334166241755217,0.04993499265901868,0.1312356419071509,0.08716837634649345,0.4595172001147029,28.68682176761243,7.0,1
20909,5.270402895934253,0.0,81.00280225775053,0.8043990271576443,1.4105646242891337,0.0853906261142464,0.23357115209643636,0.0,0.13724217970329636,0.6029433102477434,27.560255704782822,46.0,3
41363,5.270402895934253,1.0,105.80949737928272,1.0414166221981487,1.5377163817742514,0.07226092540897922,0.19362507690967473,0.0,0.1110204011529758,0.3628958211781966,25.959306343873248,15.0,1
54573,5.270402895934253,0.0,98.7034177018475,1.6075736872862627,0.9012871754952682,0.11310063945232358,0.04993499265901868,0.0,0.057101594944309615,0.6685071173338719,20.398113691470336,6.0,1
36655,3.3619271977508447,1.0,114.75419457743314,1.8937234471278688,1.1831582989482943,0.058717534870942424,0.14465841868461957,0.0,0.11700849582798221,0.8685193840566156,24.506511423590247,57.0,3
141500,0.872923795046736,1.0,28.812673193169324,1.5664596139965252,1.8558623489315549,0.029252093869104472,0.013616481645214139,0.14867831647365504,0.04469764973216377,0.5259137815807644,25.962921004931204,36.0,2
3501,6.117892928831929,0.0,89.98975019425166,1.0090676336197404,0.9466557329092349,0.038157654766122096,0.23551596238262423,0.12735141084815144,0.1199400574388863,0.41417103144871215,23.722724604192507,66.0,4
112332,4.359420279727952,1.0,144.9339390132377,0.9177400165281233,1.4734897236080668,0.08226457702046334,0.12069608348726522,0.014176275640349664,0.14580276934215639,0.5561461496395317,27.17264648084513,34.0,2
138890,5.701060861471607,0.0,121.39358182379928,1.6214139493243716,0.9844757146265559,0.05250168937457113,0.17236337369497504,0.0,0.03582715351822391,0.7906625533781805,22.166963368465826,30.0,2
111158,4.359420279727952,1.0,171.17281615976054,1.0251752790418884,1.3246387704294853,0.029907481693841425,0.020358832082419225,0.1477670802730824,0.12767794942651947,0.3157291000839103,26.808750163155146,1.0,1
15659,0.0,0.0,118.14445120745526,1.1360051413715428,1.5847705774637866,0.040085503505564654,0.12267420854969888,0.0,0.10510074374136276,0.7436443582672503,25.51639604667208,53.0,3
107207,4.824000686513771,1.0,131.51621650308925,2.317445647304941,1.1625640217662516,0.09181366582891372,0.035856492763473816,0.0004273010511339983,0.07866163055322024,0.7014435082779047,27.287989973123306,44.0,3
18745,3.873488880460096,0.0,156.9888742107883,1.0743027900555246,0.4201341924731819,0.11613910404671875,0.1955420346167789,0.1194711125043972,0.07567160824092482,0.3054950288257411,20.868094278623122,5.0,1
89622,5.701060861471607,1.0,104.806788014308,0.7528078866341287,0.8290620173475927,0.03482762600454365,0.20025699425502924,0.042361366366486,0.12727503714890795,0.42509082013318533,28.020639618747712,46.0,3
97687,3.3619271977508447,1.0,49.96946226290058,1.7418233789384563,0.8409268716865445,0.08086954562732294,0.22841394966772371,1.1099952929871343e-06,0.10604378231919075,0.8617873707738007,28.55817454635717,35.0,2
38650,0.0,1.0,122.66025605776831,1.7635911034941345,1.057646406189738,0.0631432497098933,0.016577632105374596,0.0,0.09999929605428569,0.38951482378095875,25.95113862844025,45.0,3
10693,6.117892928831929,1.0,123.95551519431504,1.4467356640090427,0.7104594698327914,0.10520912552351953,0.1955420346167789,0.09071615612822855,0.13099723383694759,0.6231300200369565,25.937611193753888,34.0,2
143847,5.270402895934253,1.0,172.1949239638098,1.1218203956730715,1.7714992544604575,0.036177528458350545,0.0,0.14292969742683373,0.12567774876200102,0.7778753850791839,26.63415484192741,23.0,2
42596,5.701060861471607,0.0,153.70132788011324,1.5159190404539722,1.1854566026281719,0.05728648091811103,0.24566192079379473,0.0,0.07610775407689287,0.5950243716781197,23.208500222441227,4.0,1
99537,2.81870192439919,0.0,106.04309414471413,0.8527586441232778,0.7555088942782333,0.05640988448350998,0.23278726790755302,0.0,0.13115754517295558,0.1732287102697829,24.608411764694193,11.0,1
54729,1.5954046671017168,1.0,105.12385410013368,1.4499888131526906,0.5783000164936618,0.1116585814136889,0.02677832391723622,0.0,0.11651353817190897,0.6606790044748683,29.798924905172054,5.0,1
5394,0.0,1.0,172.05449640626244,1.1588997572047788,0.5375933159347819,0.02770197444137078,0.0993166428042023,0.1255263014773452,0.0875253578926078,0.7872552495643941,26.751206329842223,18.0,1
104926,5.270402895934253,1.0,115.41594560912745,1.3168623695632067,1.476033739652881,0.05328367386024081,0.002986602388962986,0.1336820874880729,0.12816865300364028,0.25493008433871256,24.74323693418107,47.0,3
24782,0.0,1.0,94.03102176917277,0.07223808284088602,0.011600432024136503,0.03697595187732207,0.3744457480405054,0.1484980924115994,0.07019179955184995,0.03563697400027937,19.435058632071392,49.0,3
104863,5.701060861471607,0.0,122.87372702121708,1.573269725078865,0.5921017208742838,0.08115311709967152,0.040121861786722945,0.0,0.0912961293942096,0.599425165844399,27.28397797686083,43.0,3
13646,3.873488880460096,0.0,127.13215520217142,1.2024918523025487,0.9424924981597133,0.07366089915094279,0.2048640371828363,0.0,0.10937167434329613,0.5125219727084062,27.74109304291471,74.0,4
123575,6.117892928831929,1.0,94.8331113679456,1.3635879022326585,0.3177246618719395,0.08115311709967152,0.27830897511718755,0.14816401752722969,0.07113757653068406,0.5232380909858012,21.769974532259738,32.0,2
12825,4.824000686513771,1.0,68.98808662346224,1.8597430050557224,0.5426245627788366,0.10656644096509568,0.15864721974158413,1.4699174514729554e-05,0.05408115636961933,0.31665838257302165,31.004906141526597,30.0,2
91557,4.359420279727952,0.0,166.27773526086355,1.0909488099104507,1.0685990710633249,0.025435779189136993,0.13919151447689318,0.0,0.11979409945598393,0.3858517145013685,25.52086582684209,37.0,2
34318,5.270402895934253,0.0,163.1590188841066,1.4695941574011762,0.5409456729449718,0.05328367386024081,0.08906753062547003,0.0,0.07948948280021469,0.13954045346855962,25.738026650471923,30.0,2
61761,2.81870192439919,0.0,114.65668131130951,0.7528078866341287,0.9074185780413175,0.05223874875548161,0.226390801977457,0.0,0.14566687985133212,0.35552730403390576,28.254845465016302,40.0,2
26429,4.824000686513771,0.0,71.71753748444699,1.3730416877687452,0.7612162633794276,0.10967804756223998,0.24308780253403353,0.0,0.12717284007352847,0.30363192158696917,27.765655520811322,20.0,1
154922,2.81870192439919,0.0,110.42125220861267,1.0550536357269065,1.802207267989014,0.09424935215065408,0.026870414285047127,0.10180746816207006,0.13865361202330673,0.6126068486236221,32.39427759620307,30.0,2
44847,4.359420279727952,1.0,190.52648389061775,1.5835165182702335,1.6351796831827423,0.06056899457987591,0.018473777957743368,0.1483852528753606,0.07344443758622808,0.4004880737342039,28.35216691128747,25.0,2
151971,0.0,1.0,114.12784994998039,1.2892590495900826,1.095087666887929,0.048209874127943704,0.01970031939835326,0.1365855051450979,0.14478568316736246,0.6554543597330946,30.162866322802103,13.0,1
140003,4.824000686513771,1.0,130.5494104528826,0.7901631590571356,1.6620176809780942,0.10786191730577435,0.003976213546291906,0.08931341042848823,0.08111111514562246,0.14726385588242943,29.794659555946396,35.0,2
55758,0.0,1.0,87.8074925734448,1.792859470542298,0.5731544633651487,0.05857608960232434,0.12069608348726522,0.0,0.10413295990069908,0.5472717260619129,19.846612532738273,35.0,2
71758,5.701060861471607,1.0,123.8489202431986,0.7413141514439969,0.04228299070706411,0.04257727432062326,0.375466997075387,0.14887032284599905,0.08030591854684666,0.12211148451059364,17.969614858511896,40.0,2
16158,0.872923795046736,1.0,125.59340293156654,1.3920585419964056,0.14188798591922372,0.03134499269087866,0.37077267711256123,0.07483251025913822,0.12189331958493682,0.25775370012333004,23.3940220645311,73.0,4
151475,5.701060861471607,1.0,96.85515811866134,1.0965276954317247,1.1762754558995927,0.03455473157697528,0.18527405936558464,9.696406520650342e-05,0.07824336696718033,0.3647362240112409,30.269449733440478,28.0,2
49582,0.0,1.0,157.40095920968514,0.9957462955575801,0.858853361084863,0.03414355059055638,0.18376520063227575,0.004905852458809698,0.048764734048788096,0.6169938866974617,23.577127664676002,51.0,3
88714,4.824000686513771,1.0,140.19276442155217,1.310700409278527,0.9760166024735442,0.02844379682282684,0.19458579580402588,0.016823724306544618,0.08307607176161669,0.555259355923415,26.630865522991925,46.0,3
7121,4.824000686513771,0.0,84.98569984919872,2.0690952261837947,1.1173801565958892,0.0492140238184839,0.038529237005250974,1.1299951219407757e-06,0.07479010183432175,0.5366032848165226,26.376884294356874,47.0,3
19976,4.824000686513771,1.0,106.70196026254881,0.6785107863592905,1.1557353982549923,0.05918638842682127,0.2343516206207626,0.002965912600349943,0.07434469244013149,0.24550549161982108,28.20641514699876,55.0,3
38928,1.5954046671017168,0.0,97.0339015589022,1.5293044363985917,0.7631224941741739,0.09039569818937865,0.1680649782500538,0.004905852458809698,0.08608269509259017,0.19045314646990968,25.50257700241519,6.0,1
57689,0.0,1.0,97.93216554990921,1.752687621763492,0.5612118533538111,0.037503497957860635,0.3170663243293415,0.0,0.07207008747600625,0.8550482115234181,26.852605255906447,57.0,3
123230,5.270402895934253,1.0,75.8551537233528,2.0017639122572035,0.3850791304369432,0.1130192548806852,0.10780091166141967,0.0,0.08497450704940865,0.4865354007105218,30.65345480033557,23.0,2
46585,2.81870192439919,1.0,160.96104905939288,0.9407982425356697,1.2742887424067721,0.04385050974019494,0.006868675029235792,6.589834096400901e-06,0.12727503714890795,0.44414439156625246,28.562314446236755,31.0,2
6653,0.872923795046736,0.0,82.80681435870649,1.1704392993079824,1.6539440066230873,0.11268268778192085,0.10359265120566807,0.00013692832580949088,0.0346577266520643,0.8752442881447556,38.449461896304165,50.0,3
80342,4.359420279727952,1.0,130.26219275082602,1.0441365530273317,1.1331035227505035,0.03345331143459896,0.004962882796202298,0.0,0.11935085950785726,0.3008358881800992,25.83754684930717,41.0,3
107869,3.873488880460096,1.0,133.36642739421728,1.8298402910541283,0.3451025488963846,0.11392850201734943,0.1862740142590032,0.0,0.06318149722485808,0.39317524704291157,25.296449228535046,1.0,1
70985,4.824000686513771,0.0,122.91438213663302,1.8039074821054202,1.3981349919391537,0.08660651291880815,0.2089208133144031,4.279930019765932e-06,0.0878799146864748,0.7290371027083983,23.19174265723799,67.0,4
79083,4.359420279727952,1.0,119.60480569713546,1.8823565270014346,1.2529852016303604,0.11058541423287303,0.31180902369825003,0.0001638972987816528,0.14219113972382832,0.6849985289500192,28.68594624698198,14.0,1
105723,5.701060861471607,1.0,108.70095068659298,1.274062926972884,0.08942431325482048,0.11947089270528315,0.3289923790540922,0.0,0.09162520541474937,0.23606145763498151,27.133041871576253,11.0,1
105803,5.701060861471607,1.0,107.93512473095933,1.2201731395132756,1.3611555555156263,0.02844379682282684,0.24009823882222112,0.0,0.06776790858233991,0.6580672741241114,25.90370458416709,43.0,3
120733,4.824000686513771,0.0,80.78701728764432,1.4959659338530724,0.12876435195743602,0.05431056943270107,0.30583674985983916,0.14655975062581145,0.07782218133052284,0.5205610680472806,25.624740239040133,4.0,1
87744,1.5954046671017168,0.0,95.3497346143566,2.1459202330581157,1.1129057238060638,0.08253683745040954,0.047877123713822634,5.8187062028815024e-05,0.07160547706998972,0.4865354007105218,27.93042950195412,14.0,1
40358,4.359420279727952,0.0,80.79780848446828,1.443486624022477,0.6466911138682083,0.10258997345819416,0.2080265135636827,0.03816745169302313,0.07567160824092482,0.3101496044938338,23.81850874330317,8.0,1
27590,5.270402895934253,0.0,111.42170235367117,1.456507450130662,1.2295073977449773,0.03684347528477961,0.24963015667287333,0.0,0.05306868496164823,0.599425165844399,26.89628095984568,58.0,3
22989,4.359420279727952,1.0,109.31615696108074,1.7382106712178036,1.3077553750603137,0.05824462509301763,0.1200332692849557,0.1308539056356855,0.07948948280021469,0.6615493185898008,25.437477867023077,26.0,2
2956,0.872923795046736,1.0,111.96264709272712,0.9563334199741291,1.1969783179741296,0.0431865287142909,0.1765793395003656,0.0,0.11334218617191304,0.6441179843263861,25.20108595260181,33.0,2
102321,1.5954046671017168,1.0,86.86301153073802,0.9202876017469687,0.6395479508797876,0.09754875144648864,0.2247560956944594,0.0,0.07344443758622808,0.37759984787925627,33.29217617019655,20.0,1
48359,3.873488880460096,0.0,155.7516859661087,0.9177400165281233,1.1511930062111049,0.040085503505564654,0.21333172503136444,0.12165947486732004,0.12727503714890795,0.4775448150825342,30.363266623729512,54.0,3
49905,0.872923795046736,1.0,85.5693097734439,1.7346023120600809,0.7977581590258924,0.09579709610988524,0.0017852226426232378,0.0,0.12453212525422737,0.41325998704410216,25.42756747182057,13.0,1
68205,0.872923795046736,0.0,118.45103238101392,1.5026003343861656,1.393177598252768,0.08029540932132537,0.16860685887279303,0.0,0.09570786137811908,0.58621235383743,26.370659179520306,59.0,3
83520,5.270402895934253,1.0,90.53678434862812,1.4208581649724286,1.2553441352295662,0.07296675335244636,0.25420234783544504,0.0,0.13550811454470885,0.5035754392914052,22.94142930230685,52.0,3
80127,1.5954046671017168,1.0,154.83761897355413,0.3214089108850625,1.481128021569572,0.05728648091811103,0.0,0.14462232839907183,0.1087314302634894,0.17418739922926474,30.31547979890747,17.0,1
41816,5.701060861471607,0.0,131.75775876669778,1.246958858166756,1.2719135502914645,0.10442257216654599,0.02502350614647099,0.0,0.12135199042106064,0.38126903601002826,23.770649256778434,7.0,1
151860,1.5954046671017168,0.0,91.88907281444831,0.8332466137621517,1.2648001779253042,0.040085503505564654,0.008880373055813805,0.14490674367913267,0.07948948280021469,0.21141456008304993,25.348461890630745,2.0,1
28222,0.872923795046736,1.0,101.41436781489504,1.5159190404539722,0.8448971249366763,0.08822904207283068,0.15864721974158413,0.0,0.07739805058592603,0.39591880754975406,25.440599777719562,67.0,4
147523,5.270402895934253,1.0,146.7934454558097,0.3510049058496123,1.6972246861723046,0.0851415328131488,0.028706613028225754,0.10367860948018143,0.14329162541908333,0.15689863189189093,31.32586272690486,33.0,2
109645,5.701060861471607,0.0,118.58895685943253,1.4273029632982537,0.7479254660277699,0.11204863260618833,0.0195119247825884,0.0,0.14578002986930755,0.39591880754975406,21.563351240857163,21.0,2
113947,5.270402895934253,0.0,127.5770848588109,1.4597729435754092,1.616519151327676,0.06322975991368103,0.1252878557882259,0.0,0.10785844760529659,0.7607840476203711,26.410906104750858,28.0,2
148320,3.3619271977508447,1.0,107.31879567562046,0.5506329600414857,0.556120840764112,0.023890353676344383,0.34090136157244855,0.0,0.09861591438912895,0.3628958211781966,22.61027455845604,34.0,2
11666,4.359420279727952,1.0,137.0108756230469,0.9433783587917097,0.2923571692648311,0.026953409443536608,0.35612052169949127,0.0,0.08150955334797905,0.29617216065705904,24.14891330539091,1.0,1
97486,3.3619271977508447,1.0,100.60427356806449,0.5606640996118144,0.012109364452542617,0.04257727432062326,0.3752128331966564,0.14866510521289292,0.06158588724043837,0.06938527388908416,25.24436394322989,11.0,1
13874,4.824000686513771,1.0,142.1506806164565,0.6741252782109894,0.585186269256022,0.06450986144918483,0.24963015667287333,0.0,0.10263327184459343,0.3693342235535494,26.712096644208845,53.0,3
54607,2.81870192439919,1.0,127.52653587235879,1.1189948897666122,0.6042741472907891,0.02287065491772914,0.34198828027640027,2.779704778609411e-05,0.06980972660585218,0.2680922205501752,23.18986414552234,40.0,2
88216,5.270402895934253,1.0,107.89888403122832,0.7253656825023128,0.8972092364676427,0.05776762020712451,0.3060809988926816,0.0,0.12488293093845737,0.5339328914848354,32.42177220792047,43.0,3
94838,0.872923795046736,1.0,139.80370564688212,1.705891647744118,0.3021567367357503,0.06459404389736675,0.10359265120566807,0.14434714655798636,0.07567160824092482,0.17802005621458933,28.55328140880816,16.0,1
75845,3.3619271977508447,0.0,177.4902224497854,0.6939649337958178,0.8648633807671563,0.07600145917456508,0.2555842232981101,0.011468359494094787,0.11141967447734964,0.5844482742465293,28.993879990460183,22.0,2
91501,6.117892928831929,0.0,71.67363258688687,1.6388100440527043,0.15764955306624195,0.1090864959917678,0.3349135553065067,0.14597197313733803,0.12556619701215935,0.509839587862524,30.641620465595096,42.0,3
90961,3.873488880460096,0.0,103.22460019197504,1.713043318578456,0.3163008607122087,0.07261531317345733,0.3676359756782717,0.14675578782577492,0.14183067801102356,0.4150819119420289,23.905115475992833,23.0,2
27785,5.270402895934253,1.0,121.79566236208834,1.1133552989984767,1.0840160182295047,0.03414355059055638,0.07842206986670712,0.002965912600349943,0.0807099107755365,0.35737047171995895,26.7664197169624,63.0,4
140376,0.872923795046736,1.0,113.57811001030258,1.2984243322312379,1.2016011071995636,0.02357788366992196,0.011305323735968674,0.01524242497370518,0.13008243038714398,0.8735637266114633,24.880046842914663,48.0,3
124998,0.0,1.0,86.376861336901,1.563060875323366,0.7517134112457518,0.04753157248029405,0.16914742208479003,0.01541918288814323,0.11566792219410234,0.5941437966272379,22.458975168820935,26.0,2
101738,1.5954046671017168,1.0,47.77917681164998,0.5912348122088464,0.47526536432381916,0.03677714815628141,0.37457407629954614,0.14864509091371522,0.07479010183432175,0.379434781026071,22.151914936359976,34.0,2
67751,5.701060861471607,0.0,187.10512964382073,0.6057480280565445,1.5716316228929437,0.029178943760520885,0.0,0.01941222798933369,0.11532226495594795,0.4350801015157789,26.30118797238769,56.0,3
138252,4.359420279727952,1.0,146.21860072896922,0.6567157965186239,1.640530318907042,0.041591168205692086,0.1133089973400213,0.1482817668352984,0.06947363277632812,0.3831026140507271,32.167496255498364,12.0,1
156266,1.5954046671017168,1.0,76.97006556419939,1.3076254137645986,1.5377163817742514,0.040022067903532466,0.06558179554898955,0.11311438262017379,0.12441380069370117,0.5782695745186084,27.02845230231916,17.0,1
125021,5.270402895934253,0.0,152.09074748219325,0.5789202739654,0.6975233845593646,0.026198033914667747,0.29906579540725825,0.0,0.07739805058592603,0.20761071993731683,29.763326889033813,15.0,1
2667,4.824000686513771,0.0,61.52901357172032,1.357305564867754,0.6828512271475592,0.11499614630561956,0.2197638288032268,0.0,0.09355379050258464,0.1703513804874109,22.061031313379136,35.0,2
104106,0.0,1.0,79.64738562600022,1.6179475077937715,0.9908405959351675,0.10793809036212502,0.08165853209348847,0.0,0.1395395837731254,0.3027000936330375,25.280504136662536,30.0,2
48103,5.701060861471607,0.0,144.47721891744288,1.6633439737814455,1.0928693631362019,0.03597658040809012,0.17022461334284544,0.0,0.07866163055322024,0.5160963935823022,25.57135101035237,60.0,3
135188,3.873488880460096,0.0,105.61737370501773,0.8899536272626166,1.420545549682991,0.0719035626650213,0.03772983306760561,0.1283729471921023,0.11497228316209064,0.1999933056484613,29.59579547396696,47.0,3
11196,5.701060861471607,1.0,101.02250260726456,1.357305564867754,0.38057483496004635,0.029178943760520885,0.1988539897807107,0.08713778001551319,0.1005400101632899,0.6108510766913567,24.607717641592135,54.0,3
5750,3.3619271977508447,1.0,107.28252529263638,1.0826088263724851,1.2529852016303604,0.030629476337651843,0.079196038339907,0.0,0.07948948280021469,0.591501237117933,27.106400241501998,58.0,3
37765,3.873488880460096,1.0,109.40917022120863,0.5830123021618808,1.550718696885937,0.06737279893323408,0.0009985074216367666,0.1358486151796995,0.14340550059146004,0.41963386075746517,23.38683866384332,52.0,3
25298,4.359420279727952,1.0,79.61494521108148,1.7346023120600809,1.8416670275191742,0.0689341804959577,0.0,0.14848343783585247,0.052467228893042235,0.47664490956611383,26.10002585012466,15.0,1
116136,0.872923795046736,1.0,109.35233012842869,0.9589353474702558,1.2766659695073987,0.10567800055765059,0.018473777957743368,0.0,0.13193265378338864,0.41143740592545724,25.406380305300566,49.0,3
49241,2.81870192439919,0.0,107.67622438664905,0.6459421267605535,0.22214766867345095,0.03684347528477961,0.32486877333512926,0.14309016173429945,0.09999929605428569,0.11822862398498821,23.643227530156533,42.0,3
20083,1.5954046671017168,1.0,88.0313936343478,0.7528078866341287,1.8445017682915805,0.05531977924046881,0.0009985074216367666,0.14210230681572966,0.11020651288205074,0.38126903601002826,27.587753936778938,56.0,3
157772,2.234779091684268,0.0,122.44164734991742,1.7745339005343035,1.208550416448057,0.06616661355998277,0.036928358599134674,0.0031709967922938084,0.1420368241144519,0.5747357907610485,26.762092369613956,15.0,1
44919,1.5954046671017168,1.0,107.20997926738127,0.8259875510638431,0.9950936437439697,0.03414355059055638,0.12915797286804528,0.14757443468811024,0.10388706186522997,0.20189888019114546,26.26760088975719,49.0,3
122758,2.81870192439919,1.0,110.41093155706848,1.2083700310814445,1.32222071931342,0.03763479673457211,0.2016502871049115,0.0,0.07344443758622808,0.7367747935949783,22.607040627784297,65.0,4
140183,5.270402895934253,0.0,134.11451441186762,0.4165552655321328,0.0036802147042606544,0.03441791698119191,0.37508546512046803,0.14867831647365504,0.05318845094455567,0.2755967034714958,19.996372758114195,46.0,3
151440,5.270402895934253,0.0,119.29865007555173,1.071541642188199,1.448164004953569,0.040085503505564654,0.013712425199831665,0.0,0.10510074374136276,0.7290371027083983,29.875021607492936,45.0,3
46092,2.81870192439919,1.0,135.53874786238987,0.7321803953673356,0.31915017287557573,0.030629476337651843,0.3306016896660256,0.0,0.1085152749541968,0.20189888019114546,25.635544055370715,17.0,1
25050,1.5954046671017168,1.0,91.68243710430013,1.5528898930012174,0.7574094640680615,0.1136042213312547,0.11936872550991845,0.0,0.08823206529773955,0.47124222729765775,28.080331321577724,28.0,2
135948,4.359420279727952,1.0,121.99408776022393,1.6668659552267933,1.0773968561658953,0.07600145917456508,0.1297971916212612,2.929672062111343e-05,0.08150955334797905,0.6406253525679155,29.43019348301006,10.0,1
116456,3.873488880460096,1.0,108.98535141730119,0.7667130778006805,0.24727534436532683,0.0431865287142909,0.37090656488349194,0.14536778553847993,0.0912961293942096,0.22943896094336566,24.93017007978038,40.0,2
82818,4.824000686513771,1.0,119.15063456559938,1.6916401609057337,1.2909720999978591,0.03743776061128075,0.2048640371828363,1.889863543887429e-05,0.10937167434329613,0.7005791303777831,24.047956939789657,25.0,2
64893,0.872923795046736,1.0,62.358296676891236,2.0571171201967116,0.7593119202228912,0.08707938669215522,0.13170501708479113,0.0,0.062068183291391285,0.648480779421834,25.972023081598532,23.0,2
5417,6.117892928831929,1.0,70.34368788885233,0.3460081396049776,0.986595383828515,0.08660651291880815,0.3141219439720771,0.1448604429057435,0.10186112363500793,0.16555160761465107,24.551171494523857,28.0,2
11885,5.701060861471607,1.0,135.74919154233794,1.3014873780326923,0.8911068094754843,0.05680116751690537,0.29594365698262864,0.0,0.0560111652642022,0.5711997449849593,27.172386906571393,44.0,3
79110,5.270402895934253,1.0,93.92541110644014,1.4467356640090427,0.9074185780413175,0.025665182038479516,0.16478578751621065,0.0,0.07866163055322024,0.47214306179705734,25.291271228237058,16.0,1
66988,2.234779091684268,0.0,91.45453093346991,1.5528898930012174,0.30356347791601046,0.1038017549402223,0.34090136157244855,0.00011395036818832258,0.08608269509259017,0.24833490189782328,25.529939201501225,8.0,1
108719,6.117892928831929,0.0,89.72402868679238,1.4597729435754092,0.8890765263984753,0.10823744678519129,0.0788867057325062,0.0,0.09600744425199255,0.7393518023357826,22.267804416453185,10.0,1
70435,4.824000686513771,0.0,139.6490366552466,0.2469107435942193,0.03910154581459426,0.03880600336970576,0.3538980881621852,0.14839298975671497,0.100270542490563,0.12599077882340193,20.852423657726987,54.0,3
93134,1.5954046671017168,1.0,133.96896052447715,0.6763163713235399,1.8275257219533083,0.09060308225465417,0.0009985074216367666,0.0009961907158109078,0.12807164233603202,0.4123487785843696,30.035545733695503,34.0,2
110193,4.359420279727952,1.0,96.85515811866134,1.237995013338512,1.7910106182138636,0.05058266047696567,0.030259023501997245,0.06244813377938165,0.090631273449164,0.428725547103319,28.553155936211024,12.0,1
69354,2.234779091684268,1.0,145.50454927096143,0.44725961555888705,0.6920073491138415,0.03247650422115219,0.3028698528357083,0.12165947486732004,0.07697095147323091,0.4105258689230816,29.873196841706736,23.0,2
65944,3.873488880460096,1.0,125.30965492340988,1.3230403074748542,1.5768808873604883,0.034005997818489966,0.0006713256817424161,1.069995626133356e-06,0.05007913760445216,0.5232380909858012,23.19304310525502,49.0,3
155509,3.3619271977508447,1.0,184.13043984239312,1.310700409278527,0.9508267515704789,0.024666575841302687,0.03325079712840182,0.10994108762794899,0.08608269509259017,0.35276125013630455,24.33263342711954,5.0,1
2262,4.359420279727952,0.0,103.05264180765778,1.4273029632982537,0.41090010214946837,0.038157654766122096,0.3257051775707076,0.14578632070984665,0.07479010183432175,0.4477656398183121,27.245260969789314,65.0,4
96471,1.5954046671017168,1.0,89.38374123133666,0.1664790521552287,0.23662190264723806,0.032054095044992494,0.37367170776866765,0.14825709864946238,0.10627575941954966,0.05461820721445772,23.600555300023927,51.0,3
127020,5.701060861471607,1.0,163.3346723505706,0.33444897803941626,0.14791776419475403,0.032054095044992494,0.37328205313473023,0.12514178463726408,0.061046331132959944,0.1065584841555173,23.09856036100155,8.0,1
153135,4.824000686513771,1.0,105.93409148263045,1.0117429819484791,0.9217929097588613,0.03550559855419764,0.12723040671399632,0.0009961907158109078,0.10413295990069908,0.2332244270349452,30.16153692970368,58.0,3
118583,5.701060861471607,0.0,39.46985459748424,1.6528037535325126,0.6755598265644066,0.08636722143496323,0.11262682189264288,0.018813437469427808,0.05419944900036305,0.5756194484892455,22.76279789024941,1.0,1
24188,4.824000686513771,0.0,92.95299453153133,1.5159190404539722,0.8568538604471809,0.10326311031119288,0.27499908171005494,0.00055482090853811,0.07344443758622808,0.3203737089709441,31.001348245733777,15.0,1
34900,4.359420279727952,1.0,111.06601990815862,0.28803383826667717,0.4930415516733339,0.03482762600454365,0.25385506477255376,0.14845377296858217,0.09689431395432624,0.12114110433570777,20.92636335911855,53.0,3
124027,3.873488880460096,1.0,92.41860555818417,0.3510049058496123,0.4356650081024779,0.02829596852094633,0.3347211001219841,0.0007707223561482171,0.07207008747600625,0.15978487678331918,21.08697078019268,23.0,2
107899,1.5954046671017168,1.0,84.57844110880312,1.232038730877049,1.0229297889556126,0.0711798012622476,0.11669313372009094,0.0004083616950250598,0.09510266620308695,0.5508232274881332,28.54964255056083,68.0,4
36130,6.117892928831929,0.0,130.28739091226015,1.3793644304245756,0.524256092697968,0.10656644096509568,0.0034421896519724205,0.0,0.13301719861630582,0.4865354007105218,30.997552848034715,26.0,2
121349,6.117892928831929,1.0,158.5039977180643,1.7202123044997546,1.450687222114931,0.07434357648268704,0.10918885741547443,0.0,0.13193265378338864,0.6858652061907988,24.420793503356478,21.0,2
88175,4.824000686513771,0.0,134.32025889804123,0.9511404885049599,1.288582650538607,0.05133612464894548,0.0010284165867056653,0.0804742532127414,0.09999929605428569,0.591501237117933,27.79914918110718,19.0,1
28073,0.872923795046736,0.0,78.07183936390072,1.6248846462339144,1.0510985468541778,0.09101297716999975,0.26623522842521585,0.0,0.09660065570186806,0.8727232799003789,22.290963352351028,24.0,2
12294,4.359420279727952,1.0,106.84195911922082,1.0853850452792237,0.6342099553792683,0.029907481693841425,0.300600368224815,0.0,0.07113757653068406,0.639751861069095,22.67430110257855,72.0,4
137268,5.270402895934253,0.0,120.80793366546318,1.1588997572047788,1.1129057238060638,0.05918638842682127,0.24419571757330444,0.0,0.07610775407689287,0.42054376079082423,26.680307739723744,57.0,3
83704,4.824000686513771,0.0,161.36677460266017,1.2984243322312379,1.2108708886987363,0.029105727562491277,0.005612478590052018,0.14784812917141846,0.0834609979772711,0.6571964343496536,28.550144480878522,34.0,2
98391,0.872923795046736,1.0,189.47139976644098,1.705891647744118,1.0489198800185926,0.04954523409962817,0.005946621798604477,0.14833020860305846,0.06971386977315287,0.23417030061314106,26.390655467287576,1.0,1
114544,0.0,1.0,77.94169632511661,1.1077309178046657,1.4406068112877073,0.1147059968869775,0.015816048561053418,0.0014518908549621067,0.14254522982401316,0.539272361790861,28.162994595490606,25.0,2
23490,3.873488880460096,1.0,99.54713637462403,0.9126556457501946,0.7422576704438388,0.03345331143459896,0.30534688216789435,0.002965912600349943,0.11828452903796835,0.35921294629456185,26.234383373712134,42.0,3
110827,6.117892928831929,0.0,114.87222109749852,1.3793644304245756,0.8074882515588501,0.08707938669215522,0.005021989653443959,0.0,0.0681124523302435,0.22849210047277335,22.60424743708191,29.0,2
58999,3.873488880460096,1.0,114.7439305814032,0.9511404885049599,0.5011931214681938,0.053799353682425805,0.3134325087343338,0.0,0.07207008747600625,0.22849210047277335,28.95039952156525,56.0,3
87132,4.824000686513771,0.0,117.60254594642251,1.6633439737814455,0.6077684628587345,0.08280689613768356,0.19506447347566547,0.0,0.07160547706998972,0.4622253199987333,26.01683260465298,2.0,1
146162,4.824000686513771,1.0,65.88229921284238,1.6248846462339144,0.5527359021169996,0.05223874875548161,0.2128951275573229,0.14821530793506596,0.07866163055322024,0.6901966663783777,26.54682834780079,25.0,2
129100,3.873488880460096,0.0,149.21812940969318,1.580096699910016,0.9445731428547706,0.09984812356667594,0.16312805578940295,0.0,0.13375726721458914,0.44595533372469104,28.29791724518156,10.0,1
137377,3.873488880460096,1.0,126.42891377459108,0.7643869846402107,0.9383370423726153,0.06322975991368103,0.03683917775901111,0.0009961907158109078,0.1228099104642298,0.28121715024146815,26.088952729234606,43.0,3
26327,0.872923795046736,0.0,181.67748721849128,1.1218203956730715,1.3029499461191854,0.026198033914667747,0.0009985074216367666,0.14796473604214241,0.05940416375632923,0.1075322378998024,26.24129497095599,26.0,2
148390,0.872923795046736,1.0,105.2901291897455,1.351039350458107,1.788216833479305,0.10845647711077161,0.03772983306760561,0.051465821131267325,0.12757809509702486,0.5196684304319891,25.967472314151973,62.0,4
24495,6.117892928831929,0.0,88.13265552407174,1.499281057085816,0.9823580025054448,0.11371444368703283,0.20025699425502924,0.0,0.12268131026148278,0.5303703138952661,27.46180260834684,43.0,3
106671,0.872923795046736,0.0,137.7010921845006,0.9279519897293446,1.1923635900503382,0.10715144929109219,0.010821767172170031,0.0,0.11781335401820275,0.5107338658349185,20.484928002448324,21.0,2
51355,4.359420279727952,1.0,128.7742597294346,1.5293044363985917,1.2108708886987363,0.10315298150069982,0.1964938211855431,0.0,0.10080771222471868,0.5089451600367382,26.987791024214385,41.0,3
129342,4.824000686513771,1.0,71.69558551354932,1.2892590495900826,0.3926211324811446,0.06816008079340606,0.1926598498780871,0.12180888706043436,0.052467228893042235,0.5357133001241309,24.799486103169187,21.0,2
119879,0.872923795046736,1.0,96.26602240894742,1.2619772416422685,0.6130236887191868,0.0997124288993236,0.021015996623741328,0.0,0.12344151675057939,0.25587148181996267,34.42097184711435,38.0,2
4157,5.270402895934253,0.0,110.65858916094926,0.37809193959369286,0.6025297380460697,0.032054095044992494,0.15694397548208475,0.14866510521289292,0.05884883476647055,0.20856198321458377,22.195402542938425,58.0,3
37881,1.5954046671017168,1.0,105.2797380965619,0.3053624415361816,1.0489198800185926,0.041342447356368994,0.17917339349527653,0.12735141084815144,0.13091639863629476,0.2980382035009999,30.07007494593266,69.0,4
10260,0.0,1.0,108.70612255770249,1.2529544013102096,1.1017545099034765,0.024589270636504634,0.06354836097597961,0.0,0.08307607176161669,0.5366032848165226,27.794420829776808,50.0,3
121234,0.0,1.0,69.23082793634369,1.0909488099104507,0.47848134249935176,0.041342447356368994,0.30656813300272473,0.1462521177174929,0.07654086052747315,0.3435297312064924,24.148350881751913,40.0,2
138578,4.359420279727952,1.0,95.27068557581465,1.0010637611083457,0.5834619703150993,0.061916456303725574,0.22186018419829656,0.02842257543207075,0.07824336696718033,0.15497339791921644,26.773893104876425,1.0,1
2043,2.234779091684268,0.0,131.37025393266615,1.1907821343351075,1.616519151327676,0.04146691814450317,0.07294428524369923,0.0,0.08111111514562246,0.3453774353206826,28.563694321776794,48.0,3
18229,3.3619271977508447,0.0,92.86307862165306,1.0251752790418884,1.4684079384441668,0.045862486478646186,0.0021729177711498765,0.0,0.13155052839365755,0.5853303840742065,28.05836977363019,56.0,3
50390,0.0,0.0,95.3497346143566,1.1105412085910351,1.7218096897646715,0.05385067543189434,0.045284963185797854,1.599990220223578e-06,0.13139465733721323,0.4999926128156961,26.770746588274154,37.0,2
94532,2.81870192439919,0.0,118.2415475479071,1.3888789288233903,1.2957571169063415,0.05631163987576615,0.14764237027396704,0.0,0.09804963764136568,0.7169807027788505,25.020467387315914,43.0,3
10127,5.270402895934253,1.0,105.49272623764502,1.9861127510729824,0.6920073491138415,0.10935399873970236,0.010240554881210949,0.0,0.06612032024679311,0.15401045902161728,22.167410246597104,44.0,3
137209,4.359420279727952,0.0,111.08664362325085,0.9746235506992239,1.5247664907417113,0.08199009495769913,0.13857634901143603,0.0,0.10581030322960991,0.39591880754975406,29.787834127383782,22.0,2
22414,4.359420279727952,1.0,145.09274980207357,0.894973455755926,0.6956828410527327,0.023890353676344383,0.3418078903960608,0.14195463012394316,0.09776367429658296,0.2511625677425661,24.596193261311264,8.0,1
52904,5.270402895934253,1.0,104.57799950730926,1.3635879022326585,1.0598329809424267,0.09181366582891372,0.34588121390485244,3.4499545297032636e-06,0.11161742520075171,0.599425165844399,31.46883076362045,44.0,3
12896,5.270402895934253,1.0,127.81968010366157,0.8924617548512922,1.33675974885698,0.029178943760520885,0.07530484433310232,0.0,0.0846000186739813,0.5463834888224122,26.767337577922785,30.0,2
148118,2.234779091684268,0.0,181.4372177444026,1.0090676336197404,0.7086058516452183,0.04379041442699696,0.22434514853910228,0.0009961907158109078,0.0875253578926078,0.7005791303777831,28.579371528149572,38.0,2
91416,6.117892928831929,0.0,155.96289292685324,1.5528898930012174,0.6701107889329828,0.036177528458350545,0.2521076621480948,3.109630533650716e-05,0.12964737404116164,0.3757642353460366,28.013902982764936,46.0,3
13477,0.872923795046736,1.0,58.19571824776008,1.3199493399191744,0.5028288081559448,0.0431865287142909,0.3003458152426495,0.14469493809036457,0.10999979085255757,0.6231300200369565,28.420949405710957,62.0,4
54198,6.117892928831929,0.0,86.4837409100658,1.6668659552267933,0.8911068094754843,0.08684389572442322,0.1133089973400213,3.089963524187444e-06,0.10557531116723944,0.4667357229045698,27.92176702772377,29.0,2
159673,6.117892928831929,0.0,114.28704958534998,1.0197912380668752,0.9633865604732803,0.10715144929109219,0.005523972383984636,0.0,0.09029545927515505,0.1491925360676931,29.649877097639163,8.0,1
18403,4.359420279727952,1.0,152.8249222622026,0.8235748656635028,1.0294007007666441,0.03880600336970576,0.02409600998560086,0.03672814674600689,0.08680895131871912,0.581801103291445,28.68594624698198,34.0,2
116154,5.701060861471607,1.0,86.99650128331758,0.9904435638128387,0.9424924981597133,0.05425964751920691,0.3214630605513888,0.0,0.12622580018510962,0.5419401255638323,31.47070894784431,20.0,1
144320,4.359420279727952,0.0,90.11194449362632,1.0090676336197404,0.7707663064582774,0.04071676728200563,0.30085444038956244,0.13046348084387843,0.10413295990069908,0.2530467117592156,24.60424682725551,44.0,3
152617,0.872923795046736,0.0,129.36468213519098,1.767234330366132,0.7012100698643479,0.041962598355487504,0.04993499265901868,0.06298619145799794,0.05366577368042376,0.7057634965086762,27.642053026008167,21.0,2
71272,3.3619271977508447,0.0,83.5805454857577,1.8410205856641353,1.0532791897548954,0.10127534682474977,0.027789847142669463,1.8098748509530492e-05,0.07782218133052284,0.47664490956611383,22.313216314456994,35.0,2
22788,5.701060861471607,1.0,69.51203594647409,1.3698863849283012,0.5783000164936618,0.04843439090520536,0.1304347681620652,0.14829804560960919,0.07479010183432175,0.5650062005971751,23.570982452628854,7.0,1
4337,2.81870192439919,1.0,81.27780941738494,2.081114692943841,1.0402249611304715,0.05786335067317735,0.004124401194782626,2.5299755470162807e-06,0.10510074374136276,0.7031718835524514,26.629812882557108,8.0,1
31922,1.5954046671017168,1.0,73.94622023443027,1.8899300099487994,0.4640655093621761,0.11524193609326619,0.049079250964874775,4.4099257041964955e-06,0.11407800504076084,0.3352063471934248,31.01949058628704,40.0,2
98224,6.117892928831929,1.0,137.25100732711536,1.2172165115891747,0.8668705620052803,0.023890353676344383,0.1642345639618373,0.015065401060720823,0.1236889362795961,0.6711141375205762,25.209008087833766,42.0,3
65867,4.824000686513771,0.0,89.39969632893667,1.4048176378816764,0.7384885474384946,0.0708133464056408,0.1786570689416453,0.022774425824096823,0.09917475099732172,0.5339328914848354,24.595221158500806,30.0,2
117300,6.117892928831929,0.0,114.88761458188607,1.532661226759913,0.46725657598435466,0.04367006425923758,0.02148457651345776,0.14747246542893316,0.07344443758622808,0.0850780231491007,29.43302018626418,26.0,2
58847,1.5954046671017168,1.0,81.55807246356417,0.5347472887120701,0.6466911138682083,0.06697413709052649,0.2671982360325522,0.14730585745767594,0.10388706186522997,0.1999933056484613,27.529394298941014,23.0,2
46751,5.701060861471607,0.0,96.71318124468795,1.9089419001378047,0.8972092364676427,0.0814343853848159,0.22516613192824542,0.10069974269607121,0.07866163055322024,0.6962553346128163,27.788541573800924,37.0,2
68228,4.824000686513771,1.0,162.66118659382073,0.9825170437964712,1.486230640455675,0.03880600336970576,0.07294428524369923,0.0,0.10388706186522997,0.475744849543228,26.415669426376642,40.0,2
66639,5.270402895934253,0.0,102.68774574418786,1.5461302380608775,1.1308513369073827,0.06404428680812961,0.016387404122649957,0.0,0.10650624542551308,0.6606790044748683,23.192465134428122,17.0,1
13367,0.0,1.0,105.85622262392852,0.8356733126244692,0.8668705620052803,0.03482762600454365,0.09859728595086668,0.12577893261837986,0.11532226495594795,0.4667357229045698,23.54982321848634,10.0,1
121829,3.873488880460096,0.0,135.43350847164393,0.8067838170617007,1.020776755417497,0.032054095044992494,0.011788166338059581,0.02110588240330083,0.09718602680360759,0.2971052741693927,24.59466565950365,9.0,1
92659,5.270402895934253,0.0,99.08610048303602,1.4016217618309161,0.8870481719091188,0.07600145917456508,0.1827532997044595,0.1059642947024223,0.07567160824092482,0.5143094816331635,25.109585832279734,13.0,1
133692,5.701060861471607,1.0,88.94215544189561,1.4467356640090427,1.1421322571741443,0.041962598355487504,0.24819787995466153,0.0,0.055431191649043365,0.7974715008392304,25.718630186641917,44.0,3
144645,1.5954046671017168,0.0,109.22830071409923,1.5528898930012174,0.4185907878720423,0.0461533086282955,0.31273927947477687,0.05509567954286297,0.11334218617191304,0.3619753613456227,28.083377084464388,48.0,3
19791,4.359420279727952,1.0,153.14504134400252,0.7597450800680996,1.0315616104748004,0.07366089915094279,0.18071497178150703,0.015065401060720823,0.1046199903677044,0.2615158354360752,29.3051409737984,4.0,1
110230,1.5954046671017168,1.0,107.6814032649639,2.0372453139730755,0.8349858419672646,0.09596252188748704,0.11803442510194988,0.0009961907158109078,0.0846000186739813,0.3940899342910126,25.137511136634195,52.0,3
116682,3.873488880460096,0.0,113.38792452975602,1.3888789288233903,0.5359198474324859,0.10482157753073958,0.10217491408483344,0.0,0.07739805058592603,0.4332653199494439,28.37409896691691,3.0,1
131738,5.270402895934253,1.0,110.57604544035864,0.9050560474853104,0.44035862382797525,0.024666575841302687,0.21549995852740508,0.010552014101597989,0.038053544031178284,0.5116279940761842,18.2313573532314,25.0,2
31281,3.873488880460096,0.0,84.63740372440027,0.38670890522831725,0.02009814169897554,0.03296644366899756,0.372759757602228,0.14875542823625373,0.07019179955184995,0.06840247319254529,17.811870406450527,38.0,2
68703,5.701060861471607,0.0,95.14945885994271,1.8039074821054202,0.9053728438287705,0.08029540932132537,0.050788310921096536,0.0,0.09804963764136568,0.5285881430572061,24.321300875323217,62.0,4
6843,3.3619271977508447,0.0,138.5157101803378,1.437000860302872,0.8729036385143312,0.031700341627013295,0.14284992485469716,0.001728491500542951,0.0834609979772711,0.5543724183688273,21.337516194206767,7.0,1
81215,0.0,1.0,141.8370775613007,1.0660306262012467,0.7253558029455678,0.023107041720981665,0.2053189330857846,0.050845532228205655,0.07824336696718033,0.4999926128156961,23.763542898475873,40.0,2
21172,4.824000686513771,1.0,92.53504459719053,1.8224088628135273,0.6646784571795217,0.10293027132491821,0.29435554691593196,0.0,0.06850412453748891,0.17131070112413319,20.39874366796689,17.0,1
138258,2.81870192439919,0.0,104.41676465488617,1.3323372212749316,0.6324343108852805,0.09754875144648864,0.2596612745405304,0.1194711125043972,0.12589889796513168,0.21141456008304993,24.46681375032056,17.0,1
98196,0.872923795046736,1.0,90.3350209588773,1.3199493399191744,1.257705099064472,0.035235138009384284,0.008246940377085855,0.14784812917141846,0.08307607176161669,0.6038225012683465,26.63112867867787,21.0,2
154249,4.824000686513771,0.0,116.12838829620628,0.6459421267605535,0.9550055590897916,0.06816008079340606,0.012944084026269448,0.0018567125581683554,0.04282853481517823,0.09495332313919862,33.3035806321195,37.0,2
86737,0.872923795046736,1.0,117.22913929265111,1.5664596139965252,0.8429110412156785,0.10673658905851677,0.2404747550200633,0.0,0.054376565559365785,0.5446065792778642,22.456907930230237,30.0,2
61639,0.0,1.0,103.3548444486858,1.593801330922556,0.8389446157210648,0.04899224740895944,0.14941484002339908,0.0,0.0642263303982092,0.40961416743273077,23.482113233902915,43.0,3
2362,3.873488880460096,0.0,131.31488274480063,2.2537732683541702,1.0620215341973758,0.04926934653047175,0.2655899324840549,0.0,0.08608269509259017,0.8575762360088297,24.82447334820618,55.0,3
23051,0.872923795046736,1.0,128.5420217412198,0.7459014238100226,1.5221827970798172,0.058717534870942424,0.0,0.015947865155063325,0.12675805909983276,0.529479302078413,24.00915980856227,53.0,3
40127,4.824000686513771,1.0,40.58430349472695,0.9050560474853104,0.5476720855465492,0.040590962981325904,0.15637341109399755,0.14783814588853675,0.07113757653068406,0.20475571420411642,32.400376112258016,22.0,2
28376,4.359420279727952,1.0,104.96793706319274,1.6075736872862627,0.9972231075729378,0.03893498113615136,0.062157495617970404,0.0007100673064075186,0.07654086052747315,0.06397692805515046,26.106161385940972,46.0,3
43375,3.873488880460096,0.0,130.97754959325087,1.0965276954317247,0.3465606792872782,0.040085503505564654,0.37470221175114343,0.14869142354534587,0.07434469244013149,0.22565033036371449,26.72351859773455,30.0,2
86489,0.872923795046736,0.0,88.01540339682029,0.925393585596664,1.3391900932368495,0.11571712821303874,0.23278726790755302,0.0,0.05300873647830464,0.745360522114038,26.05237539475093,24.0,2
128479,4.359420279727952,1.0,137.63109284355434,1.0332792011007887,1.4406068112877073,0.037503497957860635,0.017527096931831115,0.0,0.07948948280021469,0.4568076672489063,28.969287948608244,35.0,2
113442,4.359420279727952,0.0,185.71683470065386,1.767234330366132,1.4939002107471904,0.04438898378389238,0.005946621798604477,0.14840837001970544,0.06776790858233991,0.24739195922341117,25.88063622928655,33.0,2
17996,4.359420279727952,1.0,91.18411850727645,1.6283596013417518,1.1443944415571772,0.10304203740104016,0.1014632060448643,0.0,0.07567160824092482,0.639751861069095,23.05695176527401,8.0,1
21013,3.873488880460096,0.0,130.1916341846237,1.3667351240154904,1.3053516392490825,0.10621872520381574,0.1153448023958126,0.0,0.1295588669753996,0.6745883431787558,26.07934454324397,65.0,4
87113,4.359420279727952,1.0,81.32632632286895,1.94730195698168,0.9972231075729378,0.05036568595552061,0.3038662397214829,0.14540940449185707,0.07654086052747315,0.6240060675375,30.76554631193335,67.0,4
100706,5.701060861471607,1.0,132.96954691465456,0.6632195463963222,1.2435697576993787,0.030629476337651843,0.02129722678586382,0.0,0.09540627374586548,0.22565033036371449,28.222733522061738,16.0,1
58074,6.117892928831929,1.0,87.40213105890831,1.440241690388494,0.3436461415696114,0.040085503505564654,0.23041492083456172,0.14829804560960919,0.07113757653068406,0.25493008433871256,24.146522943760512,21.0,2
40559,6.117892928831929,0.0,125.89225248376243,1.532661226759913,0.7086058516452183,0.03296644366899756,0.25454890318941586,0.0014518908549621067,0.050944243954632866,0.10461029557445183,23.19535489146106,17.0,1
23263,4.824000686513771,1.0,179.41714290190768,1.3793644304245756,1.0532791897548954,0.054817363853910714,0.23278726790755302,0.0,0.062121579541474924,0.8085200343541193,29.35023141820799,7.0,1
109036,4.359420279727952,0.0,102.02524626411615,0.8405372437315713,1.2742887424067721,0.03867679555860176,0.24009823882222112,0.14780794421992247,0.06727271957900667,0.6449908092028069,25.72334551823336,36.0,2
91356,0.0,0.0,153.33706673475325,1.0090676336197404,1.2671692686441056,0.031700341627013295,0.00029486998663642324,0.1476075679077604,0.06903905533154998,0.37851739929939954,26.365757854254934,9.0,1
151281,3.873488880460096,1.0,114.57968877425633,1.433764130961678,0.6060203886768876,0.03550559855419764,0.21934173687650124,0.0,0.07479010183432175,0.5035754392914052,22.661681655330298,28.0,2
36254,3.873488880460096,0.0,127.5417008694689,1.814995089313839,1.4230459552752195,0.04781506738317545,0.1285171062526024,0.0,0.049016659011385064,0.8187012206330496,20.478488293807203,57.0,3
93623,5.270402895934253,1.0,108.19911166212415,0.49018984423203915,0.23927523980075788,0.039448600807730404,0.36860238188452427,0.14858359650791927,0.08608269509259017,0.3370572240184057,20.95344627653463,37.0,2
26819,6.117892928831929,0.0,176.79579704322384,0.897488732723847,1.057646406189738,0.05631163987576615,0.1558014307814477,0.001984806558653298,0.10958238112235452,0.6458635010518889,22.461189925278312,15.0,1
2088,4.824000686513771,0.0,93.988779536658,1.0251752790418884,1.5015885652972079,0.03379920531112484,0.011691654867034449,1.7898776013374206e-05,0.05681609375264097,0.5152030121689768,23.198966746445826,49.0,3
45132,6.117892928831929,1.0,81.08370050365852,0.9202876017469687,1.4734897236080668,0.09661164643050027,0.24711566424780276,0.008698409363821236,0.07697095147323091,0.5071558543350404,25.295222925002797,31.0,2
86101,3.3619271977508447,1.0,112.0089963735277,1.752687621763492,0.6359874431092684,0.06279572776316904,0.28669641558679226,0.002965912600349943,0.0912961293942096,0.47484463488452405,26.55131138060735,4.0,1
99677,4.359420279727952,1.0,122.84831659639184,0.9798822134503042,0.8251223509347365,0.05496854635576409,0.2048640371828363,0.0,0.0580646063484746,0.14050664092053686,32.18345061681904,19.0,1
56185,3.873488880460096,1.0,103.03700719520812,1.338555201025666,0.7745995549638897,0.03041356110871576,0.1133089973400213,0.0,0.08150955334797905,0.639751861069095,27.9208751983534,17.0,1
156319,3.873488880460096,1.0,114.53348970011503,0.5506329600414857,0.5955704093858848,0.04871393084203881,0.3465737819785577,0.14768326310243535,0.1367641872022116,0.44052059468949495,26.130693738161064,40.0,2
14516,4.824000686513771,0.0,110.17868039869329,1.3447892366328362,0.8548562783934225,0.11263934222691065,0.19696805351856575,0.0,0.06727271957900667,0.35276125013630455,23.746481779927574,7.0,1
146894,0.0,1.0,134.64133084425714,0.7299054380798758,1.5092957197361627,0.07226092540897922,0.002996513101405767,0.14695474598007935,0.14430712247184543,0.3361318741060772,28.56080907552759,22.0,2
1395,4.359420279727952,1.0,102.22353871765759,0.9330796361672831,1.0906530470009785,0.030629476337651843,0.15058911051770973,0.0,0.09600744425199255,0.5241301357294121,26.508833746230653,63.0,4
104301,5.270402895934253,0.0,117.62811553257167,0.8429744814568473,0.08491673980274259,0.0769637268850384,0.375466997075387,0.14864509091371522,0.0944893301378407,0.39683299385755855,20.076226292934276,11.0,1
18016,3.873488880460096,1.0,75.01062239892477,0.8749797475547563,1.1625640217662516,0.10739334615536911,0.20936643468293328,0.002965912600349943,0.13433043687704121,0.601184514321482,22.485395020006184,68.0,4
1021,4.359420279727952,1.0,128.03694903898958,1.4112216109464688,1.5041555271287885,0.037503497957860635,0.009852506517610308,0.018555850659359212,0.10133787158252591,0.7074906062297831,24.45608093425873,53.0,3
8707,4.824000686513771,0.0,98.06339192033818,2.0332846826395863,0.6077684628587345,0.1061302215723794,0.024374542771290923,0.0,0.07160547706998972,0.43961424622178924,22.157577528645135,63.0,4
126584,6.117892928831929,1.0,71.3057786388108,1.1733338226503915,1.126352958314032,0.03414355059055638,0.043893390801080984,0.14224708538862296,0.08497450704940865,0.5703153792725135,28.226148180816757,19.0,1
107262,5.701060861471607,0.0,186.4494649493011,1.486045460471644,0.6200563553337668,0.04438898378389238,0.21376733495324746,0.002965912600349943,0.10958238112235452,0.602063981300623,25.111639880375378,42.0,3
53820,5.701060861471607,0.0,68.47461950745016,1.4305314995612604,0.5886403425809775,0.10401173324475396,0.21764387222561646,0.0002806985923616644,0.07654086052747315,0.7031718835524514,32.144942769875826,27.0,2
25030,3.3619271977508447,0.0,66.26539852869273,1.1077309178046657,1.4155509487585505,0.09389050618719966,0.2697376361401066,0.0,0.11889944029238214,0.4477656398183121,23.19188715388998,23.0,2
112238,4.824000686513771,1.0,122.95503532746253,1.0826088263724851,0.37758067059571104,0.03134499269087866,0.315716026570639,0.11995564177216478,0.0692325431781873,0.4999926128156961,21.78746022661818,48.0,3
37510,1.5954046671017168,0.0,100.32706006546819,1.8484962499838813,0.8389446157210648,0.06931636345747896,0.09642761173667264,4.74991380654403e-06,0.059071447418294995,0.3610547290259492,23.18668489194898,38.0,2
101622,3.873488880460096,1.0,107.84193084425617,0.8235748656635028,1.1017545099034765,0.0708133464056408,0.21891869809742429,2.849968970185522e-06,0.14266357326672582,0.22849210047277335,27.416549424308133,69.0,4
54156,6.117892928831929,0.0,28.84386956467567,1.1474217637968984,0.05331208021617859,0.052867886858076925,0.29193879468905093,0.148828983874177,0.07298954199416931,0.43689424042349,35.52738029340503,38.0,2
19272,0.872923795046736,1.0,132.89919597791132,1.6283596013417518,0.5225970518766018,0.10011646490093588,0.06896625627207055,0.0,0.10339044157515012,0.20380363962376757,27.970024246521252,23.0,2
126143,4.359420279727952,1.0,167.9602926346239,0.9000075885026969,1.699947820491657,0.05170941569813888,0.0,0.14783814588853675,0.11935085950785726,0.3766821266125737,32.552009921100364,1.0,1
30405,3.3619271977508447,0.0,127.15744126359198,0.463866698007316,1.616519151327676,0.05531977924046881,0.002986602388962986,0.06964799176973854,0.13829229377990773,0.2952388627866774,32.47855131142516,66.0,4
138688,6.117892928831929,0.0,120.74170442927056,1.313779393613908,0.9466557329092349,0.07911856488323085,0.05585783783563089,0.0,0.07019179955184995,0.4387077377800461,27.593533897710724,39.0,2
150271,6.117892928831929,1.0,73.08765472788862,1.1303197887629002,0.8192271637225136,0.05009339799691467,0.2794946694778553,0.12577893261837986,0.12175920649046457,0.3821859095722139,30.18074880068791,51.0,3
53792,0.872923795046736,1.0,97.48055478077016,2.2748788116945122,1.8416670275191742,0.10462353021933235,0.2382034174387412,4.799911982325331e-06,0.07253143383276514,0.8592610254589722,25.978714402933107,46.0,3
20245,5.701060861471607,1.0,119.54868556909015,0.7299054380798758,0.04016048115018015,0.039448600807730404,0.3753400103877654,0.14852705119053974,0.07610775407689287,0.0909473830636574,21.978436170331523,46.0,3
2517,4.359420279727952,1.0,119.15573898651918,1.232038730877049,1.2131933798627534,0.04257727432062326,0.23743973259256684,0.0009961907158109078,0.07019179955184995,0.3656561673256651,27.24292898402961,54.0,3
75628,0.0,0.0,136.2700892772062,1.0197912380668752,0.7422576704438388,0.025435779189136993,0.1416366259819575,0.0,0.03369720618794504,0.45319275256535035,24.823093282067354,72.0,4
21928,4.824000686513771,1.0,91.55524364060328,0.36276451402596,0.3205773944213085,0.02844379682282684,0.2722361158306361,0.14854135749879283,0.08422295110813957,0.15304730520534188,21.404229606267293,35.0,2
114495,1.5954046671017168,1.0,85.48903022981546,1.698757269387999,0.8153065731672732,0.10235887299442069,0.0034619836341158836,0.0,0.08571582562284803,0.5428290888758212,20.79370512913443,10.0,1
130311,5.270402895934253,0.0,73.41593741659699,1.1617788655968144,0.9321184334126422,0.1038017549402223,0.3257051775707076,0.0,0.07207008747600625,0.684131723091564,23.62525159599348,1.0,1
136843,4.359420279727952,0.0,130.25715303477836,1.313779393613908,0.46725657598435466,0.11223590741304879,0.3170663243293415,0.0,0.0994514137349725,0.39683299385755855,23.305274480703723,8.0,1
9181,0.872923795046736,1.0,141.5980751996677,1.2172165115891747,1.4080745642651042,0.05431056943270107,0.11870244613380132,0.0,0.10581030322960991,0.6222538369971233,21.815026282273045,46.0,3
63730,2.81870192439919,0.0,105.3732526609261,1.499281057085816,1.5795086777003646,0.04837833558986775,0.06485139202588822,0.0,0.08150955334797905,0.5870941836445066,23.764537875031642,38.0,2
5249,1.5954046671017168,1.0,100.71931126973098,0.3936550834673648,1.8473386702586734,0.10212431892508796,0.007905355412165744,0.13734150688490174,0.13083510655997968,0.04276549514233693,25.84439608486097,10.0,1
52666,2.234779091684268,1.0,76.08920552003062,1.0171047814103484,0.0544996821454408,0.059651224241981105,0.1482346753096205,0.1488527443441111,0.09718602680360759,0.28121715024146815,23.906531171164183,3.0,1
88769,5.270402895934253,0.0,92.89481506674777,1.5059237685634277,1.4658701681640962,0.08660651291880815,0.21891869809742429,0.0,0.07654086052747315,0.7005791303777831,25.968810831395427,14.0,1
147167,4.359420279727952,0.0,141.84703474000563,1.3447892366328362,1.1557353982549923,0.041962598355487504,0.12593704731803265,0.0009961907158109078,0.07654086052747315,0.7152563614657733,27.62768304488386,41.0,3
70597,0.0,1.0,109.81726157565922,0.9177400165281233,1.4230459552752195,0.040085503505564654,0.020358832082419225,0.0,0.11843967107822272,0.58621235383743,28.449763922406042,38.0,2
26257,4.359420279727952,1.0,59.46570430701938,0.5932984666691752,1.2695403925683402,0.050636785623080244,0.2404747550200633,0.1418419312071492,0.12293774418845033,0.6927940050087114,24.541993542367813,20.0,1
91255,4.359420279727952,1.0,119.85474961680136,0.8381035217009131,0.7234872037486205,0.030485597741861343,0.34090136157244855,0.14844628185416234,0.04958079604023858,0.1942716743024051,20.6999607413375,7.0,1
90969,0.872923795046736,1.0,113.31080931331279,1.13316055416276,1.2155178905375075,0.05276348676969412,0.13422605430153228,0.0,0.0571585712331885,0.45590417500931824,24.513332253723018,67.0,4
141663,4.359420279727952,0.0,73.06576176670355,1.4926549618789116,0.4656601541525873,0.04257727432062326,0.18224553925865877,0.14779779239226265,0.0682595902191365,0.8051225882576657,26.85456777639593,23.0,2
66402,2.234779091684268,1.0,43.3667259965936,0.8552135014387723,0.28402374109287,0.05640988448350998,0.36969417967895124,0.1486383663644192,0.07989911657905567,0.8811227761113142,25.961448406506033,26.0,2
122141,2.234779091684268,0.0,108.47852692214782,1.7708819284359916,1.0229297889556126,0.09596252188748704,0.16089867049836257,3.2199603903463422e-06,0.0846000186739813,0.44142678332063784,28.56118542328614,17.0,1
114533,5.270402895934253,0.0,133.50705327277055,1.0144220302914997,0.8789540273492653,0.10115040624203152,0.2678369711125156,0.0,0.08680895131871912,0.3082883206301165,24.600775681463272,18.0,1
141806,1.5954046671017168,1.0,137.5760897829867,1.6110273795933783,0.47687246253654997,0.0685487630522728,0.2382034174387412,0.14553199026628977,0.07113757653068406,0.2605755887938996,23.09740122413247,35.0,2
21173,5.270402895934253,0.0,132.02941803672684,0.9000075885026969,1.1421322571741443,0.03550559855419764,0.017527096931831115,0.09071615612822855,0.10388706186522997,0.11628585138727694,26.013891498550468,28.0,2
16414,0.0,0.0,137.37105060471688,1.6951965578252368,1.1946699466487898,0.04438898378389238,0.18677221769714705,0.0009961907158109078,0.11874712021012017,0.5941437966272379,26.764977320747967,36.0,2
4275,0.0,1.0,98.66671097022756,1.104924423867234,1.1489248154734721,0.04843439090520536,0.12593704731803265,0.12565298513121476,0.12883231270653828,0.7547906905198852,26.62283842456525,48.0,3
81845,3.3619271977508447,1.0,154.24256857011292,0.9459621033695175,1.7272965097434245,0.05576824361275641,0.015816048561053418,0.0,0.0994514137349725,0.39683299385755855,28.03194959756932,36.0,2
69590,0.872923795046736,1.0,75.50660703372742,1.6075736872862627,0.8349858419672646,0.06235797169475681,0.013712425199831665,0.0,0.07989911657905567,0.25587148181996267,28.85383750414284,30.0,2
43528,0.0,1.0,27.655053240882822,1.1675486338704655,0.3835759578380506,0.032756846992377936,0.3033689816821263,0.14403015200332228,0.09660065570186806,0.7367747935949783,22.723852732997877,9.0,1
2321,0.872923795046736,1.0,66.22099736678186,1.6214139493243716,0.776519017031305,0.11023371510657519,0.04822107664482468,0.0009961907158109078,0.09972625759298626,0.2718459746407351,26.30185145489327,3.0,1
94314,4.359420279727952,1.0,129.59670828761335,0.9279519897293446,0.6792018079786396,0.023890353676344383,0.1964938211855431,0.0,0.07066635954166857,0.219012573347335,25.79467754405197,45.0,3
62315,3.873488880460096,0.0,109.07323562389682,0.8749797475547563,1.8360040273160725,0.0614711458158501,0.002986602388962986,0.14780794421992247,0.12093734207546923,0.2718459746407351,29.184296214402597,17.0,1
88457,2.234779091684268,1.0,115.69279642250036,1.3168623695632067,0.8729036385143312,0.10076992777346946,0.2011869296779366,0.0,0.11081886050973534,0.3361318741060772,23.75885191570159,16.0,1
71972,3.873488880460096,0.0,93.16979951975034,2.0332846826395863,0.5544274649064301,0.08845352666152759,0.22598348239194627,0.0,0.05001700446081454,0.3064263084600735,19.68529177684823,63.0,4
58517,4.359420279727952,1.0,83.63423882085758,1.347912282370425,1.0014879181509468,0.06657208594270177,0.1786570689416453,0.14859745292575602,0.09162520541474937,0.6353823972414456,29.814642155278406,35.0,2
159039,0.872923795046736,1.0,82.29580274851688,1.2054289960576283,1.1648442414606313,0.10038079826288383,0.3003458152426495,0.0009386192146938439,0.07567160824092482,0.461322770147165,33.989683254614626,70.0,4
122585,3.873488880460096,0.0,120.93528298152238,0.8503073162091651,1.0078998505255499,0.02770197444137078,0.02129722678586382,0.001984806558653298,0.09417957066797655,0.5711997449849593,27.675520466786505,6.0,1
86619,1.5954046671017168,1.0,118.51233498450476,1.2083700310814445,0.8231553808396798,0.039576435131621505,0.03817420153010145,0.09275157909340251,0.07610775407689287,0.3453774353206826,22.461632858940966,11.0,1
124802,0.872923795046736,0.0,105.86660561129992,1.928065764092387,0.8055384298711078,0.057575662834278916,0.03234721238490471,4.029937956180172e-06,0.05873728712785969,0.5543724183688273,29.19171226959803,43.0,3
90442,1.5954046671017168,1.0,109.93603220737076,1.1531530780227583,0.9612883852905215,0.11378673119378105,0.24747716982900486,0.0,0.1299964056903021,0.45409671780157784,26.87771815085879,16.0,1
25527,2.81870192439919,0.0,80.41999419562971,1.4305314995612604,1.3636064357556406,0.08058365006988354,0.029072574942294135,2.9899658468170807e-06,0.13522551579728095,0.45771100209068194,25.971755404389093,21.0,2
122147,0.872923795046736,0.0,172.9113331750109,1.1077309178046657,1.1511930062111049,0.040085503505564654,0.03325079712840182,0.11430318673372832,0.08892922146119757,0.2971052741693927,28.396019452519887,15.0,1
143713,1.5954046671017168,1.0,98.49888391864951,1.4273029632982537,0.8094399761009098,0.10793809036212502,0.17342500988932696,0.0,0.1282651059706081,0.35829179556682933,21.457104288910898,11.0,1
16810,3.3619271977508447,1.0,130.85668358047008,0.7095829213622472,1.3489319860322233,0.030557569463256933,0.008295709301764168,0.09565729007573148,0.041606356345612154,0.23511597741337825,29.7910032095195,21.0,2
27177,5.270402895934253,1.0,102.05655925672825,0.576879057113873,0.6182954332776928,0.026198033914667747,0.20936643468293328,0.0,0.07567160824092482,0.4350801015157789,26.0801453172654,47.0,3
54999,0.872923795046736,1.0,139.39452778418658,1.499281057085816,1.329481015462743,0.059651224241981105,0.018473777957743368,0.0345292486555109,0.03662306332385418,0.5499355690315485,28.419564800139398,63.0,4
141336,4.359420279727952,1.0,145.76245900149013,1.2892590495900826,1.0250847906186369,0.07911856488323085,0.08531212762005844,0.0,0.059955501299521215,0.7031718835524514,25.037210618172175,50.0,3
121902,3.3619271977508447,0.0,85.28560725218918,1.354170443691811,1.0036232661278224,0.06776810307407538,0.2172170175632873,0.0,0.11315533132292098,0.3803519932120896,26.849988410048876,5.0,1
25644,4.359420279727952,1.0,160.31060435530293,0.7667130778006805,0.8310347149247238,0.026953409443536608,0.16533566327191976,0.009628717289747853,0.11497228316209064,0.6823977251492471,28.856951835906752,55.0,3
20923,0.872923795046736,0.0,152.45050719408016,1.9165779889820305,1.1854566026281719,0.10549248652952234,0.16914742208479003,7.51978396744461e-06,0.06952174827474746,0.58621235383743,22.457055594374822,4.0,1
124220,5.270402895934253,1.0,124.5339449482244,1.4273029632982537,0.8608547809331345,0.025359172694512967,0.2800839896815336,1.4199922968874758e-06,0.05945947658976187,0.37025330913284016,22.018113798609818,29.0,2
5104,4.359420279727952,1.0,125.36033095100579,1.7094653201885666,1.3562599631415344,0.033661034023204424,0.04658381043285192,1.629989850082615e-06,0.0834609979772711,0.6117290310971855,25.702458877974944,21.0,2
83862,0.0,1.0,116.947693099835,1.3230403074748542,0.8035905104059599,0.08412484604572,0.2489155364887245,0.0,0.10627575941954966,0.8017232752027754,26.59282090903136,43.0,3
73576,4.359420279727952,0.0,184.87355685282375,0.5406808071146674,0.22476437703283975,0.03414355059055638,0.3741885115496235,0.14597197313733803,0.09259922813974525,0.23511597741337825,24.64337842079551,48.0,3
149600,0.0,1.0,138.57065963937185,0.7367404825678648,0.7574094640680615,0.024356933190339956,0.007622059178592015,0.00020983162834870952,0.0994514137349725,0.1356735164838955,28.302840490877433,17.0,1
43500,0.872923795046736,1.0,97.44903591738255,1.6214139493243716,1.1421322571741443,0.1063065939423024,0.030623186214899293,0.0,0.07066635954166857,0.6205010638904588,28.584763129217567,33.0,2
91624,2.81870192439919,0.0,45.539515071652126,1.6006790321669766,1.7135954813782412,0.08636722143496323,0.00010698289118000414,0.0,0.13107761505746676,0.3463010242500451,26.50685384606671,27.0,2
7167,3.873488880460096,1.0,122.03478469486063,0.9330796361672831,1.0078998505255499,0.0431865287142909,0.21678920175813712,0.0,0.07654086052747315,0.2426743316518963,27.322786889852043,30.0,2
23492,5.270402895934253,1.0,91.08334738182623,0.6873217200952351,0.5990464133621874,0.06816008079340606,0.3611658765558089,0.0,0.11651353817190897,0.5196684304319891,27.02845230231916,17.0,1
152739,0.872923795046736,1.0,100.3375229370867,1.7418233789384563,0.8972092364676427,0.09929914618218678,0.011788166338059581,0.0,0.10388706186522997,0.25587148181996267,30.325113537676632,60.0,3
154153,3.3619271977508447,1.0,179.06088744717724,1.237995013338512,1.079601259342487,0.032756846992377936,0.08531212762005844,0.14213877062417382,0.0642263303982092,0.24833490189782328,26.633365430587908,13.0,1
19475,5.701060861471607,0.0,105.19660407304225,1.440241690388494,1.420545549682991,0.028147872668643843,0.08906753062547003,4.629918106605549e-06,0.0909648244230264,0.7582161929317754,23.468211394164065,33.0,2
46932,0.0,0.0,179.34493716987052,0.18270909412676356,1.2553441352295662,0.05680116751690537,0.04038650080234692,0.14479017562031374,0.12757809509702486,0.1007111868006316,24.59397127381411,32.0,2
3761,0.0,0.0,127.07652333209641,0.9904435638128387,1.5481140364786548,0.058717534870942424,0.0019940376062208094,0.11331559288024014,0.12148854744236103,0.25587148181996267,29.506694767116368,63.0,4
136910,2.81870192439919,1.0,109.39366879649513,0.5190624428324827,1.7493293362478723,0.0689341804959577,0.0009985074216367666,0.04505732222996,0.11425910032408468,0.44504994222165256,27.97409613390012,46.0,3
1780,2.81870192439919,0.0,112.86853697974156,0.6632195463963222,0.6792018079786396,0.11352952530536849,0.07310226462928597,0.0,0.1268626611347868,0.35921294629456185,35.20295940366789,26.0,2
110765,3.3619271977508447,0.0,186.29148167344096,1.1474217637968984,1.2766659695073987,0.030629476337651843,0.1523395503043589,0.1478679710128337,0.09355379050258464,0.24173022192994606,26.63560205471041,20.0,1
110655,1.5954046671017168,1.0,125.84160717145943,1.7781902494919293,0.6520678855900447,0.04804096838564263,0.3310005172617356,3.119628153954374e-05,0.06365352429629562,0.384019149597404,24.470576450953928,41.0,3
100512,5.701060861471607,1.0,125.30965492340988,1.1218203956730715,0.7049042238456557,0.024434449381760884,0.2916676693694916,0.0001808749096544089,0.12578864764343925,0.3287226888922308,23.191598159979016,49.0,3
115716,0.0,1.0,86.54785961421045,1.4016217618309161,0.7049042238456557,0.1110323446790209,0.27560631382197387,0.0,0.0909648244230264,0.4359872512326654,21.253505946467953,20.0,1
67158,3.3619271977508447,0.0,155.02934215651612,1.0523187556135853,0.630660508976416,0.11918007157681418,0.3743172265866471,0.0,0.1274776608148665,0.2999035103297946,26.031534748651115,15.0,1
62547,2.81870192439919,0.0,192.0765569042955,1.1274828423974343,1.550718696885937,0.037503497957860635,0.0009985074216367666,0.14087680222309754,0.1368618113699408,0.05264518254042318,26.504741841692372,34.0,2
88077,5.701060861471607,0.0,102.71381588545479,0.9407982425356697,1.7742801479019172,0.054817363853910714,0.002986602388962986,0.05857343993541009,0.1236889362795961,0.3922603925171521,30.139293852986896,55.0,3
96436,5.701060861471607,0.0,80.72226579355379,1.1560244956058299,0.8133491362738893,0.05824462509301763,0.2016502871049115,2.3199794378550587e-06,0.10785844760529659,0.551710741535826,31.005499096921522,37.0,2
36089,3.873488880460096,0.0,123.66615547676142,1.5562760176399235,0.8349858419672646,0.05581785744347516,0.03144101174407487,0.1341588606671828,0.09540627374586548,0.4928196937814543,27.291872167553297,5.0,1
66007,2.234779091684268,0.0,125.15254058586838,0.7482001681201292,1.450687222114931,0.0614711458158501,0.0009755752471447673,0.0,0.0329519534082417,0.6589379823386252,20.47094740316373,4.0,1
38607,3.3619271977508447,0.0,89.4422412705153,1.6774576631672329,0.9781284470444853,0.10326311031119288,0.2847155259014564,0.0,0.07697095147323091,0.3628958211781966,27.4146143934999,8.0,1
50978,3.873488880460096,1.0,107.60889572765157,1.6075736872862627,0.903329043187519,0.05395318518153418,0.011305323735968674,0.0,0.05923798564063614,0.5906201054722333,24.32787698837552,44.0,3
90357,0.872923795046736,1.0,112.07594049335225,0.925393585596664,1.4913416009490772,0.037503497957860635,0.04736046046136347,0.0,0.0875253578926078,0.5259137815807644,29.880981977217946,44.0,3
2465,4.359420279727952,1.0,116.46645140127379,1.3045544042799484,1.2295073977449773,0.06563433162362835,0.23590238986591258,0.0,0.07824336696718033,0.7324773129381172,20.7944825528794,51.0,3
37616,3.3619271977508447,0.0,121.02186955443733,1.116173191799425,1.1129057238060638,0.08334048687121909,0.18376520063227575,0.0,0.07479010183432175,0.4568076672489063,33.08870177039661,54.0,3
890,3.3619271977508447,0.0,91.56584405844417,0.9537351345706274,0.8429110412156785,0.04071676728200563,0.2370566471492302,0.003939573289650818,0.11583914795584942,0.4513843481564584,25.70475023322938,62.0,4
53532,5.701060861471607,0.0,153.8440450985876,1.443486624022477,0.9074185780413175,0.05684988783241213,0.31134132697229877,0.0,0.060992161803410216,0.7057634965086762,19.37302074206633,13.0,1
118889,5.701060861471607,0.0,71.04207557017705,1.068784255159413,1.3077553750603137,0.05960492037036571,0.1304347681620652,3.229601473090967e-05,0.08858182813778119,0.6388782359477272,20.40220830645452,50.0,3
103534,1.5954046671017168,1.0,110.67922371532396,0.6225285599873925,0.8992472401295339,0.03134499269087866,0.06411915306100532,0.11673313857593273,0.07523239892816581,0.37851739929939954,28.41012307944609,45.0,3
142913,5.701060861471607,0.0,162.91501071678354,1.0197912380668752,1.4836782886015223,0.03414355059055638,0.31134132697229877,0.0,0.0571585712331885,0.7616397573195653,26.583863853757627,41.0,3
32462,5.701060861471607,0.0,67.37406383385726,1.8039074821054202,1.7026730866736057,0.05814955297599888,0.0007910635006148818,0.07157913323006877,0.1199400574388863,0.37300954001041753,22.465766623156856,15.0,1
85690,4.359420279727952,0.0,118.35396063990521,1.3168623695632067,0.22870190427755221,0.061916456303725574,0.02502350614647099,0.14805756513607893,0.0626534392312979,0.6187477473978619,28.185027053817613,37.0,2
2782,2.81870192439919,0.0,138.87532275223035,0.2818156357960493,1.0014879181509468,0.033937128823979576,0.010434406921574664,0.0,0.1252275809854624,0.3647362240112409,33.33947019884154,32.0,2
43478,5.701060861471607,0.0,38.716450813900884,1.486045460471644,1.6191785944337034,0.04557037994341877,0.0009985074216367666,0.1482488086305023,0.07782218133052284,0.762495346225589,25.52032406359709,33.0,2
76538,3.3619271977508447,0.0,124.5035108786468,0.9615409198141054,1.4658701681640962,0.054055516884553956,0.002361631565354244,0.0,0.10080771222471868,0.27653391437213615,29.18268923255768,55.0,3
98173,1.5954046671017168,1.0,111.91629506797095,0.8043990271576443,0.9217929097588613,0.03414355059055638,0.1558014307814477,0.0900194552819806,0.13646504172415788,0.16651198557114857,28.47139316617186,46.0,3
115270,0.0,1.0,120.87415770611942,1.563060875323366,1.03805616547117,0.10051148267888103,0.1304347681620652,0.0,0.100270542490563,0.28121715024146815,20.64048387838198,41.0,3
134114,3.3619271977508447,1.0,86.31806953511543,1.752687621763492,1.5716316228929437,0.03874142824810896,0.09859728595086668,0.0019059945099998503,0.0878799146864748,0.5525981112890355,25.298220484692816,49.0,3
61224,0.872923795046736,0.0,116.07715433996654,1.0605346314265924,0.74981849672868,0.07226092540897922,0.2911238442445418,0.0,0.04951829775385507,0.708353971685764,27.443114438304566,7.0,1
58889,0.0,0.0,138.58065011465195,1.2801294904916005,1.4255484317321425,0.032054095044992494,0.0009985074216367666,0.035267599177157063,0.10388706186522997,0.6380044771041449,25.53914576295975,59.0,3
37727,5.701060861471607,0.0,81.95667204148877,0.7276338680333096,0.7688525187496839,0.11289513551182562,0.3341417403785182,4.9199075266256385e-06,0.13760690776185333,0.43054194018397496,23.012678033872692,46.0,3
141491,0.872923795046736,1.0,99.16470776999168,0.8576718908979484,0.668298156335253,0.05776762020712451,0.221024451677974,0.12527070615428185,0.11020651288205074,0.30735740567019904,24.98668333406835,39.0,2
10785,3.3619271977508447,1.0,140.02818153807027,1.6951965578252368,1.2766659695073987,0.06404428680812961,0.03207562732122864,1.509991289388214e-06,0.12037265058829381,0.7667714817611202,32.394047448061656,70.0,4
27092,3.3619271977508447,0.0,116.59958922003105,0.7690426018513223,0.08716736908845325,0.036177528458350545,0.3749579057766519,0.14861119938559042,0.07824336696718033,0.13277101043652648,24.858958131154267,49.0,3
124505,6.117892928831929,1.0,67.22454617439924,1.3199493399191744,0.42167935448205973,0.04257727432062326,0.3373856175871146,0.14825709864946238,0.07113757653068406,0.5285881430572061,24.655303800669618,43.0,3
76977,4.824000686513771,1.0,69.51203594647409,2.093175597478864,0.7900082832763979,0.09901837159570151,0.12267420854969888,0.0,0.07389614600927014,0.5241301357294121,27.633970538525656,34.0,2
319,0.0,1.0,136.73565055878956,1.313779393613908,0.5359198474324859,0.023890353676344383,0.31818041246442436,0.0,0.11479565148345594,0.33890739350112375,20.65610568388489,45.0,3
47558,4.824000686513771,1.0,62.47024161060509,0.9202876017469687,0.6342099553792683,0.11714672097411001,0.09715277734440843,0.0,0.100270542490563,0.3849355163638353,18.8980629448413,15.0,1
136247,0.872923795046736,0.0,166.63779315026713,1.2113149601562354,1.1106714973128837,0.08911637209763554,0.03144101174407487,0.0,0.06050287974072933,0.6476084860628607,27.708704194587142,25.0,2
32158,3.873488880460096,1.0,162.8173927725052,0.8724965562789044,1.7081300168957543,0.058717534870942424,0.0,0.015065401060720823,0.11041192561352685,0.4105258689230816,27.97091500644414,28.0,2
60183,3.873488880460096,0.0,88.14331370489126,1.8039074821054202,0.9156208630438081,0.07154319726812285,0.3075369769343362,0.08966760967333837,0.09386772939038489,0.3739279421988962,23.190731163677697,11.0,1
156264,3.873488880460096,0.0,123.60014758916732,1.0251752790418884,0.9781284470444853,0.09389050618719966,0.1832598522183656,0.0,0.10696278729458521,0.4586141796681728,29.53674237658962,24.0,2
23807,0.872923795046736,1.0,117.30588056110862,1.443486624022477,1.3513725909920593,0.09677083598355257,0.06622950722037532,0.0,0.07344443758622808,0.6893306308342276,21.166046123532652,3.0,1
47598,3.873488880460096,1.0,98.47265725449942,1.443486624022477,1.057646406189738,0.0459207534589644,0.023445151604939436,0.14366564486079184,0.08858182813778119,0.3101496044938338,27.015554679585208,24.0,2
119053,4.824000686513771,0.0,120.70604037958645,1.2054289960576283,0.5783000164936618,0.11406662280616449,0.18020234098276874,3.13962337162411e-05,0.07567160824092482,0.5711997449849593,26.632181283731743,36.0,2
2847,4.359420279727952,0.0,87.86080972736734,2.2622012929733035,1.1557353982549923,0.08636722143496323,0.1146679813352171,0.0,0.07697095147323091,0.6345081025096693,27.303257768074854,61.0,4
79107,2.81870192439919,1.0,130.2773117314416,0.7095829213622472,1.0229297889556126,0.03345331143459896,0.20622559862988302,0.0,0.1135278727644392,0.27840777189583293,29.454767299436835,13.0,1
14184,3.3619271977508447,1.0,156.272261645406,1.0743027900555246,0.5409456729449718,0.10549248652952234,0.28154710263093813,0.0,0.10080771222471868,0.3231583147981585,29.16290603554004,59.0,3
144527,4.359420279727952,1.0,105.92370944090631,0.5953653373173764,1.4105646242891337,0.0461533086282955,0.005946621798604477,0.1412524173700177,0.11041192561352685,0.4999926128156961,28.434163777543947,33.0,2
103229,4.359420279727952,0.0,95.38662096393949,1.1502855016786524,0.9760166024735442,0.10755176218457028,0.24747716982900486,0.0,0.08268848505094586,0.4423328122524797,28.98556003776319,36.0,2
20592,4.359420279727952,0.0,125.2741799584832,0.8211656767816108,1.4431238001219762,0.036177528458350545,0.051639214901532914,0.0,0.10718886451071041,0.5187756442984244,24.80970394260602,56.0,3
15530,2.81870192439919,0.0,127.3040862291685,1.0387004217770066,1.7026730866736057,0.0711798012622476,0.08606729572137231,0.0,0.10894620868502075,0.6275089041868975,29.838390025068428,42.0,3
150084,3.3619271977508447,0.0,123.72708135870218,0.8115638316796402,1.4658701681640962,0.05776762020712451,0.011788166338059581,0.06964799176973854,0.13671498695509582,0.7881072528363212,30.446079313885505,15.0,1
111838,3.873488880460096,1.0,155.53552468953885,1.4112216109464688,0.9217929097588613,0.050636785623080244,0.17129658598427597,0.051465821131267325,0.12767794942651947,0.5711997449849593,25.107257773415494,22.0,2
31843,5.701060861471607,1.0,110.35932622994483,1.0937363611747035,0.8369642726908375,0.10706965946680329,0.3526053216051421,0.0,0.11122066945651018,0.8085200343541193,21.510347754216635,41.0,3
9730,0.0,1.0,150.41354019356268,1.3984299557000819,1.262433119818314,0.055419740524264245,0.20622559862988302,0.0007637633753344376,0.08608269509259017,0.6624195015311976,23.477957595871885,43.0,3
141545,3.873488880460096,1.0,123.24463367582523,1.4208581649724286,1.3173907569336416,0.032054095044992494,0.06655282238106731,0.0,0.13252230774360968,0.4159926286676566,26.890268610694065,13.0,1
104393,6.117892928831929,0.0,126.45421992277197,1.593801330922556,0.6377667747259554,0.09915929004532116,0.241972737467687,0.005864813330088342,0.07019179955184995,0.388599298650405,25.017447308127736,20.0,1
9406,4.359420279727952,0.0,103.02658393193462,1.6457983485520453,1.042395729804522,0.1061302215723794,0.1862740142590032,0.0,0.10237756976806238,0.4973039056850378,29.039176472053672,65.0,4
76643,1.5954046671017168,1.0,182.47485523503204,0.6610483277676394,1.4130567522589161,0.08684389572442322,0.08981251686689971,0.1332725899563175,0.1046199903677044,0.5044707688151407,27.89194390403251,39.0,2
50987,0.0,1.0,116.43060288460472,0.6567157965186239,0.7422576704438388,0.026198033914667747,0.22760737007515214,0.1370323600818471,0.07113757653068406,0.2521047362767937,24.81136062098075,56.0,3
133257,5.701060861471607,0.0,122.2433260174118,1.1762322066763853,1.6218401523063755,0.11129950713727828,0.06816401280319169,0.0,0.06677399494927812,0.6029433102477434,21.684067263754024,39.0,2
43198,0.0,0.0,102.1661439262254,0.6917471891808397,1.5768808873604883,0.04379041442699696,0.2514035351565574,0.14846866504801617,0.12051510801643173,0.5543724183688273,29.061248746461523,33.0,2
150601,3.3619271977508447,1.0,102.08787087687485,1.6457983485520453,1.4105646242891337,0.0521332511675159,0.07803428836659301,0.0,0.04221948205808308,0.7247340486652429,25.95863692467901,36.0,2
98531,3.873488880460096,1.0,152.74118295401797,0.7051038664063272,0.811393604128813,0.03414355059055638,0.27316267531591903,0.0,0.09972625759298626,0.23795182913777405,27.89156141507273,14.0,1
93632,1.5954046671017168,0.0,108.33883216922862,0.47695336949724787,0.01506869475646569,0.03359185530961047,0.3752128331966564,0.14879263879272445,0.05658694707312501,0.06456727942923021,20.463876132348563,29.0,2
1829,1.5954046671017168,1.0,91.50223892411717,1.5972380637191486,0.7384885474384946,0.039128017443527216,0.35580609640493494,0.14825709864946238,0.07344443758622808,0.5026799590533929,21.409414278663668,29.0,2
17052,0.872923795046736,1.0,124.06717202422699,1.6809968297595563,1.0862263751542853,0.09677083598355257,0.2280111046994741,0.0,0.09660065570186806,0.3240861578407269,29.80294613729299,47.0,3
147903,5.270402895934253,0.0,123.38177783830395,1.6598262815654952,0.7422576704438388,0.11005232819260728,0.018190065300522744,0.0,0.12331669781090818,0.6205010638904588,26.633891706582844,15.0,1
414,5.270402895934253,0.0,100.39506594601451,0.43270279790335536,0.3880907013868155,0.032756846992377936,0.3698297147628703,0.14840069542405054,0.06474316603131854,0.08214020476678746,33.05988788093697,42.0,3
130765,0.0,1.0,104.73399941984697,1.6916401609057337,1.3391900932368495,0.034280856815077226,0.012077529782783506,0.004799921120745399,0.065765824499414,0.3370572240184057,24.61257622502162,37.0,2
118240,2.234779091684268,0.0,82.66700332107241,2.0771036036296118,0.6719252777395165,0.11645799256737344,0.10500286109376333,0.0,0.06677399494927812,0.5017843279773949,26.938733478943032,16.0,1
145085,3.873488880460096,0.0,134.5761219892523,1.1445618616011808,1.5716316228929437,0.036177528458350545,0.079196038339907,0.132766043773996,0.11828452903796835,0.6797957612726563,24.783325050088756,29.0,2
32861,1.5954046671017168,1.0,159.76746211809444,0.4788351013562413,0.21693416964812412,0.03134499269087866,0.36071807460235344,0.10717863528729593,0.055431191649043365,0.2028513616900528,24.456917372078838,39.0,2
115435,0.0,1.0,73.90250608426636,0.6545544784683045,1.4785798387800124,0.04040183679378418,1.959994258579458e-06,0.14881091808359515,0.12162428428057229,0.07164481603432177,32.860211231791226,9.0,1
50594,6.117892928831929,0.0,119.53337942542403,0.7390256179332092,0.9908405959351675,0.05208043333747921,0.29983526196182336,0.0,0.07434469244013149,0.5437179067418695,33.32164160342184,33.0,2
84425,1.5954046671017168,1.0,136.800710912809,0.7367404825678648,0.986595383828515,0.029178943760520885,0.04649739313307388,0.0,0.09747580878089683,0.4568076672489063,22.634078469354563,20.0,1
48144,6.117892928831929,1.0,106.3596301982487,1.2231336726202555,0.9972231075729378,0.06318652327346878,0.03531916938589519,0.14822373451728077,0.09540627374586548,0.5071558543350404,32.182525874792404,42.0,3
127262,0.872923795046736,1.0,72.3592114984425,2.1541043833322413,0.6646784571795217,0.10935399873970236,0.13485229153255027,0.0,0.09889625578485943,0.2596351508210209,28.100505302232296,9.0,1
148701,4.359420279727952,1.0,121.70406580698591,0.7807417810472599,0.7631224941741739,0.05680116751690537,0.33887978585593825,0.0,0.07298954199416931,0.490127341111776,23.92592049511692,23.0,2
154608,0.872923795046736,0.0,91.8996677292542,0.511294898436353,0.858853361084863,0.07007114572550133,0.20622559862988302,0.0,0.1293803312247751,0.2727839400024509,34.32851227428713,44.0,3
48554,5.270402895934253,1.0,115.92855756571821,0.9825170437964712,1.616519151327676,0.04899224740895944,0.002986602388962986,0.0,0.09917475099732172,0.639751861069095,26.192887769250625,49.0,3
104144,5.270402895934253,1.0,121.47503122980957,1.1417057923154803,1.2225035455976938,0.027103665101560117,0.3195041081777926,0.0,0.1261174700059207,0.6806632116178793,27.785345970139584,34.0,2
132174,2.81870192439919,0.0,31.102759554189863,1.5192591302375724,0.6628713893276507,0.07468068007540363,0.03683917775901111,0.1488048488491456,0.07113757653068406,0.1385740475400913,28.77041245855422,40.0,2
720,1.5954046671017168,0.0,111.42170235367117,1.0495876169697003,1.329481015462743,0.04976507577742113,0.051469226810209164,0.0,0.1293803312247751,0.39134537056455715,23.248915947214215,57.0,3
22488,4.824000686513771,1.0,120.76208320938062,1.5026003343861656,0.8330093229215549,0.09661164643050027,0.10217491408483344,0.0,0.11315533132292098,0.406878074585287,30.123571853120144,10.0,1
53551,4.359420279727952,1.0,74.03910060145473,1.1218203956730715,0.23265440637180526,0.03880600336970576,0.3554906567001386,0.1485484678378855,0.08571582562284803,0.24927765074655053,23.90766368652158,10.0,1
76437,4.359420279727952,1.0,107.01303323638261,1.4305314995612604,1.1557353982549923,0.03624439140222119,0.02223288089874668,1.999847198363223e-05,0.05618433838635111,0.39957455327271907,23.476381189532038,18.0,1
3502,0.872923795046736,1.0,108.53025919231129,1.4048176378816764,0.7104594698327914,0.029178943760520885,0.22352051064288078,0.0,0.09861591438912895,0.5330424673029763,22.65419579482757,56.0,3
134227,4.359420279727952,1.0,104.0889841086356,1.13316055416276,1.4330682921235658,0.06248969162613255,0.004992437543275446,0.0,0.059569982643832974,0.7667714817611202,23.336800897021973,56.0,3
28135,0.872923795046736,1.0,155.45199629630036,1.1189948897666122,1.33675974885698,0.03516737135838585,0.08659469250842437,0.0004751356059192302,0.07434469244013149,0.666768452000647,32.86602226315527,17.0,1
10710,5.701060861471607,0.0,96.27128482263196,2.121479287664249,1.1534632002710248,0.07600145917456508,0.22393328775948465,0.0,0.07782218133052284,0.6205010638904588,22.461337570485394,31.0,2
16816,0.872923795046736,0.0,76.55700225291851,1.3045544042799484,1.208550416448057,0.10258997345819416,0.22352051064288078,0.0,0.08111111514562246,0.581801103291445,22.481116126928754,16.0,1
24786,5.270402895934253,1.0,84.72315707977091,1.4794525303974508,0.9135673883268748,0.11023371510657519,0.17022461334284544,0.0,0.07298954199416931,0.4004880737342039,32.0672523757014,28.0,2
123098,1.5954046671017168,1.0,123.33606554303485,0.5426649349516074,0.6574613049083465,0.02844379682282684,0.35485671654693723,0.14694093514392947,0.07948948280021469,0.5410510166898501,24.885696009373277,14.0,1
32553,0.872923795046736,1.0,91.52344133627133,1.8298402910541283,1.0906530470009785,0.08412484604572,0.06976627626521868,0.0,0.08927426336727629,0.3490707404716398,27.596359356000733,25.0,2
16607,0.0,1.0,140.45205098607644,0.7996398684795895,0.7650306132434314,0.04730387785758131,0.1857746293957585,0.11311438262017379,0.08892922146119757,0.3129401677457382,23.07899467131472,26.0,2
102013,0.0,0.0,129.33945831202323,1.4467356640090427,0.08637893082900656,0.027328538996671415,0.3477747674240067,0.14814663838183756,0.0700964840406363,0.16651198557114857,25.963991949970914,11.0,1
106564,4.359420279727952,1.0,105.56024622696988,1.0387004217770066,0.3436461415696114,0.07400365818851558,0.3465737819785577,0.0,0.09689431395432624,0.4059657136933484,25.40366313513638,3.0,1
78214,5.270402895934253,1.0,113.15141407113603,1.7708819284359916,1.2016011071995636,0.05531977924046881,0.21376733495324746,0.009628717289747853,0.09718602680360759,0.8144610876374532,25.6593015810489,32.0,2
39526,4.359420279727952,0.0,102.14527195099306,2.021430197171811,1.0532791897548954,0.08058365006988354,0.19362507690967473,0.0,0.13266566878612343,0.47124222729765775,26.893405602666082,41.0,3
2991,3.873488880460096,0.0,80.9380753740118,0.511294898436353,1.7190694846582937,0.08334048687121909,0.1696866721569423,0.0,0.09386772939038489,0.5588056688922406,29.601794280828045,61.0,4
119491,2.234779091684268,0.0,121.36303628036973,1.1105412085910351,0.6755598265644066,0.10115040624203152,0.1750078775205933,0.0,0.10915962010817792,0.6082163911561125,20.815776405197603,3.0,1
15685,0.0,1.0,82.52715858267945,1.347912282370425,1.2016011071995636,0.07044380416764916,0.17289483365382932,0.00014691748292448308,0.07523239892816581,0.44867055468068734,24.111211318189326,50.0,3
98877,4.824000686513771,0.0,83.38183736858166,1.6809968297595563,0.9259172992484815,0.10747283603763581,0.15407694726749513,0.0,0.13185708096937068,0.6797957612726563,32.178595517352726,23.0,2
71826,3.3619271977508447,0.0,137.16096499720342,1.684540299697343,0.7631224941741739,0.06235797169475681,0.12915797286804528,0.0,0.1279740703260935,0.6563254629183313,27.503658434763665,52.0,3
49636,1.5954046671017168,1.0,124.22955628910263,0.7807417810472599,1.2981526855390904,0.10894991098191154,0.23160499351003486,0.0,0.10212019116983716,0.6292595119241615,22.885635002549087,32.0,2
79681,5.701060861471607,0.0,132.9795966132279,1.3416702104497014,1.1196203641016944,0.11272574519214026,0.1750078775205933,0.0,0.12707004766187593,0.4214534979133966,25.52872051720464,65.0,4
83419,0.0,1.0,147.58580587083586,1.13316055416276,1.3709714197337277,0.051282610873317286,0.0398569950795989,0.0,0.14292711005694902,0.3739279421988962,23.199689071946025,14.0,1
21218,4.359420279727952,1.0,145.50454927096143,1.1417057923154803,1.4130567522589161,0.048209874127943704,0.25069643121022134,0.00039639858033372607,0.1261174700059207,0.8051225882576657,27.668342039218363,31.0,2
63841,6.117892928831929,1.0,108.53025919231129,1.6916401609057337,0.7030562129490128,0.030629476337651843,0.33080127724609326,0.0,0.06879642243195909,0.8415483063097657,26.6257336334743,37.0,2
60070,4.824000686513771,1.0,105.33688729576912,1.116173191799425,0.9279824033589994,0.10928782236190884,0.34126489173914065,2.4899763141373736e-06,0.08307607176161669,0.1866313169426985,23.473228162545954,20.0,1
99434,5.270402895934253,1.0,107.075232312509,1.5026003343861656,0.9993545321705947,0.0769637268850384,0.018190065300522744,0.0,0.0878799146864748,0.3324287028011156,29.798071868771963,16.0,1
47340,5.270402895934253,0.0,114.47188678785449,1.1105412085910351,1.126352958314032,0.10452341798063405,0.06735953760387925,0.0,0.11181393054084698,0.47214306179705734,29.053809935034867,25.0,2
77118,2.234779091684268,0.0,119.80884714576106,1.2231336726202555,1.020776755417497,0.053799353682425805,0.3046086394461067,0.0,0.10212019116983716,0.5694308716311162,22.335009749241888,34.0,2
98142,6.117892928831929,0.0,98.17360269500413,1.698757269387999,1.5247664907417113,0.04798456751842339,0.08682041266096152,0.0,0.13115754517295558,0.6754565700006173,21.714591208049402,37.0,2
79416,5.701060861471607,1.0,83.3872087449028,0.3393858056818088,0.0509425216376798,0.031487324236659966,0.37077267711256123,0.14878033257804144,0.07389614600927014,0.15978487678331918,19.2838849449253,47.0,3
51772,4.824000686513771,1.0,103.38089048522373,1.5972380637191486,1.0862263751542853,0.053335443953215246,0.016006612438359116,0.0,0.07567160824092482,0.7316174461161188,26.22427958164734,54.0,3
137528,6.117892928831929,1.0,99.04941403484152,1.5562760176399235,1.2271707574696977,0.057623714331464716,0.004183657729026378,3.469540052198643e-05,0.05856966329085213,0.25775370012333004,26.633891706582844,45.0,3
125357,0.872923795046736,1.0,88.01540339682029,1.4532460742582065,0.7479254660277699,0.11150678063934065,0.3390651291819761,0.0,0.07523239892816581,0.19904021217904416,23.04331285814606,32.0,2
21195,6.117892928831929,1.0,158.44029663652302,0.8043990271576443,0.7593119202228912,0.030629476337651843,0.16533566327191976,0.002965912600349943,0.1440176487038123,0.2952388627866774,24.20497064261491,43.0,3
22625,0.0,1.0,134.72659713722635,0.7737119535467464,0.8231553808396798,0.03880600336970576,0.10570515998144205,0.0009961907158109078,0.11081886050973534,0.3564489745952911,27.02532599077104,5.0,1
55187,5.270402895934253,1.0,142.60348789613047,0.7807417810472599,1.0186256893922574,0.10482157753073958,0.19362507690967473,0.001984806558653298,0.10133787158252591,0.24361824637685142,24.83164885464758,66.0,4
26280,3.3619271977508447,0.0,121.48521185593013,1.6668659552267933,0.776519017031305,0.03134499269087866,0.09055548875425853,0.0,0.0626534392312979,0.5410510166898501,22.647001928771978,4.0,1
46894,0.0,0.0,127.31925501723946,0.9589353474702558,1.6809306175645167,0.05621322507774692,0.241972737467687,0.00011295123496251468,0.08111111514562246,0.21616482417443889,30.999450586741734,29.0,2
127823,2.81870192439919,1.0,125.40593686856758,0.7231008787618839,0.41090010214946837,0.06279572776316904,0.3304017537119128,0.13206390058035544,0.09833371298734968,0.30176808255591336,23.46935814787516,36.0,2
75503,5.270402895934253,1.0,139.7438366891929,1.437000860302872,1.4633344786443667,0.07821024105866159,0.2343516206207626,0.0,0.12189331958493682,0.6858652061907988,23.20980003731561,22.0,2
5566,3.3619271977508447,1.0,121.40885418301876,0.9228387905195625,0.7234872037486205,0.04557037994341877,0.12135717411903511,0.0009961907158109078,0.07389614600927014,0.6502249683384824,28.33753910287027,29.0,2
155803,0.872923795046736,1.0,58.1504913151198,1.104924423867234,1.6647131528044516,0.039448600807730404,0.10570515998144205,0.14715485934023287,0.0642263303982092,0.7932167916851092,24.677341609334622,27.0,2
4039,5.270402895934253,0.0,132.94944719112485,1.433764130961678,0.9781284470444853,0.03557306247571486,0.06606771457174747,0.0,0.07479010183432175,0.5357133001241309,27.29044873995,28.0,2
67704,2.81870192439919,0.0,52.73144295955969,0.9667630100669081,0.7861447309043834,0.09785169032817521,0.28443031496949606,0.07617943836600849,0.10413295990069908,0.6196244736187164,24.98407270906935,29.0,2
41242,0.872923795046736,1.0,92.39213922142262,0.21628596073801443,0.13948737587497925,0.04071676728200563,0.3651023417513228,0.14833816802967426,0.10186112363500793,0.057575934581328994,22.466504741494408,25.0,2
8824,0.872923795046736,1.0,131.56151051372325,0.6697530468859387,1.1992887046249214,0.06657208594270177,0.0009985074216367666,0.1332725899563175,0.10133787158252591,0.18567534203771005,23.19954460805907,67.0,4
47972,6.117892928831929,0.0,104.4687797822688,0.8874490702428841,1.2719135502914645,0.029105727562491277,0.01781139304250407,4.56992021526813e-06,0.07907699494507488,0.4838398383414279,29.057529503516893,8.0,1
72338,5.701060861471607,0.0,90.55271030386396,1.2862118976616896,0.3291766841448014,0.04096770628370085,0.3046086394461067,0.009906439773153536,0.06401855885443866,0.17610414704469207,25.968409281143025,3.0,1
79991,4.359420279727952,0.0,74.6287781168981,1.313779393613908,1.1218625664872488,0.09495055493920068,0.21201895798104362,0.003832833090093016,0.08150955334797905,0.3509163440956271,21.716403605564857,16.0,1
44477,0.872923795046736,1.0,120.21168306271956,1.7346023120600809,0.7958178421299469,0.0997124288993236,0.003323400990755232,0.14857662675398156,0.09162520541474937,0.6327591102779849,25.968141578631638,11.0,1
57353,4.824000686513771,1.0,149.63816098366252,0.3610759328950257,1.1854566026281719,0.035235138009384284,0.003521358505748933,0.12210505599154542,0.10133787158252591,0.1942716743024051,21.72516209638775,6.0,1
111923,6.117892928831929,1.0,184.14003118787423,1.5393873568146128,1.0620215341973758,0.03127373074081886,0.007895590631981447,0.00013193346107539283,0.07907699494507488,0.7812879084874744,27.2806127668297,4.0,1
74686,1.5954046671017168,1.0,87.52483448927823,1.3292342453589678,0.7328489612337938,0.06616661355998277,0.02456009599912757,9.846294538799454e-05,0.10673525114395638,0.15497339791921644,29.302059293819724,57.0,3
57159,0.872923795046736,0.0,91.38561312157059,1.4761622725906902,1.6836409726368637,0.06816008079340606,0.020358832082419225,0.1479168571466924,0.058233323792872396,0.7126689085118315,29.064347866977172,39.0,2
150215,5.270402895934253,1.0,80.50097564657176,1.1445618616011808,0.716031549250245,0.026198033914667747,0.20847417397657522,0.0,0.065765824499414,0.3361318741060772,24.743098623217964,45.0,3
124663,3.873488880460096,0.0,155.30457754424356,1.6457983485520453,0.7822887621101576,0.08438210118699253,0.2655899324840549,0.0,0.08497450704940865,0.32223029241841084,23.67316693475357,51.0,3
67165,0.872923795046736,0.0,120.51750533754287,1.2984243322312379,1.2814265310363273,0.05276348676969412,0.09055548875425853,0.022774425824096823,0.06971386977315287,0.5650062005971751,24.528083126280745,54.0,3
27971,4.824000686513771,0.0,118.3999434103792,2.166415532745215,1.5221827970798172,0.0916158468366306,0.018473777957743368,0.0,0.11859386596217729,0.6658989234852036,25.74920204969471,22.0,2
101726,1.5954046671017168,1.0,119.50276629667316,1.1560244956058299,1.810627357456136,0.05491819590840773,0.1373413159554467,0.0,0.12644056977927082,0.4023146165258838,29.055917730482413,41.0,3
38224,6.117892928831929,0.0,118.61960362589097,1.3793644304245756,1.6890680687112196,0.09121551619797047,0.1220165471564242,0.0,0.13615621999528407,0.8466141568671022,20.477231607541754,1.0,1
118963,5.270402895934253,1.0,103.67774910832945,1.2142637860645362,1.4785798387800124,0.029907481693841425,0.017527096931831115,0.0,0.11277808358501228,0.8769244076321755,28.51700413869836,49.0,3
109994,2.81870192439919,0.0,123.17351328878979,1.6318388174675127,1.1580096007646004,0.11537254932925099,0.18776509519169676,0.0,0.08995736455673303,0.7135315184130544,20.579170015234975,5.0,1
123572,0.872923795046736,0.0,151.8541266589582,0.6480902820411296,0.0977158452492985,0.029471148318205066,0.3688765901854031,0.0,0.07389614600927014,0.36657593878089856,25.61001506176057,18.0,1
130647,0.0,0.0,150.38391841518316,1.440241690388494,0.9612883852905215,0.029907481693841425,0.06330339403872892,0.0,0.10718886451071041,0.4838398383414279,25.336758550519324,63.0,4
75844,4.359420279727952,1.0,120.47163908231401,2.1093213954162473,0.7707663064582774,0.11218955999206842,0.15349925612982013,0.0,0.09540627374586548,0.3324287028011156,27.304292662262544,3.0,1
57826,4.359420279727952,1.0,124.22955628910263,1.6598262815654952,1.738295804622485,0.09800143618007766,0.1220165471564242,0.0,0.11651353817190897,0.22470267675408148,29.182194764429262,8.0,1
100692,6.117892928831929,1.0,102.1974507469658,1.8039074821054202,0.5697331973345253,0.08199009495769913,0.32360298822239997,0.0,0.13984499294119387,0.5053659477481252,27.27090384523204,7.0,1
103078,0.872923795046736,0.0,184.64347621167482,0.9798822134503042,1.5325301385083494,0.028885681770251494,0.15349925612982013,0.140165266892379,0.04476369155923809,0.7753147408630994,27.027279964344416,8.0,1
27503,0.872923795046736,1.0,122.28909656344234,1.4112216109464688,1.5092957197361627,0.04730387785758131,0.11870244613380132,0.0,0.090631273449164,0.8373236460381878,24.378347110471974,59.0,3
80558,0.872923795046736,1.0,71.38815739631892,1.249954663221884,0.971798776571637,0.03345331143459896,0.0,0.0,0.07523239892816581,0.4694400923118106,27.286566407548573,37.0,2
8457,3.873488880460096,1.0,144.79495911084257,1.9319040049871248,1.4532125165491048,0.045862486478646186,0.005366569539779587,0.04208743885492891,0.06381019169621231,0.6624195015311976,27.028712817167115,21.0,2
83364,4.359420279727952,1.0,109.95668609626226,1.0853850452792237,1.0143294574313837,0.10511329257752373,0.2569545847468735,0.0,0.13042169024990238,0.4865354007105218,20.91800160802935,25.0,2
6973,0.872923795046736,1.0,104.0161239693122,1.3230403074748542,0.6883393129818888,0.09080883719607807,0.07000584991476445,0.0,0.07298954199416931,0.25775370012333004,25.987678938545304,25.0,2
148103,5.701060861471607,1.0,111.36501024567988,0.458303754548283,0.2432677692739327,0.037503497957860635,0.37130700566282,0.14846123398764682,0.08858182813778119,0.5941437966272379,21.152368265267796,4.0,1
130949,0.0,1.0,104.49478595810997,0.17454801168244563,0.16378465410139162,0.030629476337651843,0.3723659549809126,0.1481114486462506,0.065765824499414,0.04375456099840894,23.736241134341896,13.0,1
10567,4.824000686513771,1.0,118.38972523778827,1.6633439737814455,0.6574613049083465,0.041591168205692086,0.21891869809742429,0.0,0.11949950664623125,0.5976652639695638,27.02845230231916,64.0,4
59337,1.5954046671017168,1.0,132.5926045923953,1.2953652640842788,1.2388742016849947,0.10755176218457028,0.09570049597102921,0.0,0.09600744425199255,0.3259413065890475,23.86006678662999,51.0,3
11358,0.0,0.0,129.2032374900727,1.1218203956730715,1.0272417610184217,0.11160832397974157,0.13296876435285718,0.0,0.09972625759298626,0.5561461496395317,20.568521508483837,47.0,3
10755,4.824000686513771,0.0,127.41531800138554,0.47507469484593656,1.2909720999978591,0.04257727432062326,0.002986602388962986,0.002965912600349943,0.07207008747600625,0.3922603925171521,28.848106533304524,29.0,2
90849,1.5954046671017168,1.0,148.9264784169614,0.5526328582336586,1.7054004852858022,0.05250168937457113,2.8899875172841213e-06,0.14844628185416234,0.14574522916349694,0.26433542927204406,29.79356268427929,5.0,1
78814,4.359420279727952,1.0,118.17000398257059,0.3230290224513678,0.6235837141668364,0.036444621844153466,0.07989079752053252,3.669948545734126e-06,0.09479702346996888,0.18854264528804643,20.706978022606176,7.0,1
26352,0.0,0.0,117.97578304919843,1.3168623695632067,0.5426245627788366,0.08867623283039489,0.35721308432696874,0.0008482401305712538,0.06494886800397695,0.7744609539463155,29.908219020106245,21.0,2
117435,4.824000686513771,1.0,150.11234643867837,0.6719375043041697,1.0467431886384175,0.030988040265888892,0.01743227590022353,1.629989850082615e-06,0.07567160824092482,0.32223029241841084,31.00929382720637,34.0,2
9939,0.872923795046736,1.0,116.55862605478453,1.9204027589315948,0.6165363485918351,0.11289513551182562,0.05333381640356864,0.0,0.13245002823797614,0.6406253525679155,22.172772312006398,55.0,3
9626,4.824000686513771,1.0,182.03780593857442,0.47132650642981194,0.4139711117068804,0.02932517795428082,0.325496631491568,7.64977643363135e-06,0.06196127568927948,0.5765029649516105,22.54627302802018,21.0,2
156913,3.3619271977508447,1.0,72.08509126040973,1.277094229670491,1.3489319860322233,0.048546354064810414,5.1496036316223896e-05,0.096894553979929,0.1260085040040869,0.6090947568251034,27.287601732984488,8.0,1
125264,3.873488880460096,1.0,96.87618920166302,0.30695447535215065,0.22870190427755221,0.028959096633576646,0.37302130041070103,0.1345443816655795,0.08384328428839721,0.07988645420151529,20.112655730434685,18.0,1
49946,1.5954046671017168,1.0,133.51207523306752,0.5229649023558965,0.7403721686283902,0.026953409443536608,0.3141219439720771,0.13026494040826553,0.11964725123583841,0.2896351940766277,29.815616681625713,19.0,1
159735,5.701060861471607,0.0,111.07117588826452,1.8823565270014346,0.7403721686283902,0.07881827414418355,0.06330339403872892,0.09839630700281216,0.12929029597956693,0.6327591102779849,24.31416373222641,12.0,1
81229,0.872923795046736,1.0,91.8519892397825,1.8522407310256643,1.1331035227505035,0.060020225724754794,0.06485139202588822,0.0,0.06281225440812803,0.4793441631124205,30.996485334976818,41.0,3
87337,5.701060861471607,1.0,123.47827361377018,1.5596663441426157,1.0315616104748004,0.024666575841302687,0.22557525993315777,0.005864813330088342,0.07654086052747315,0.22091007236670035,25.295222925002797,36.0,2
159454,4.359420279727952,0.0,71.94249016756527,1.7166256457400175,1.1376138905461024,0.09101297716999975,0.06976627626521868,0.0,0.1176543571357466,0.5205610680472806,26.285791982888938,34.0,2
24448,0.0,1.0,149.37627881331912,1.8559896484373444,0.5011931214681938,0.1063065939423024,0.28809482449267676,0.001984806558653298,0.0682595902191365,0.3564489745952911,25.362065819257975,26.0,2
62635,3.873488880460096,0.0,167.9359954937839,1.4728761491942823,1.4836782886015223,0.042085969832141766,7.85907676130608e-05,0.015683822000858938,0.08229821707572699,0.3435297312064924,25.69733652358927,22.0,2
148412,4.359420279727952,1.0,177.42272600460296,1.4827469254218961,1.2201729728079924,0.04438898378389238,0.04649739313307388,0.14827357759696985,0.05828948169065652,0.5383828155329159,27.144083177232076,43.0,3
69341,5.701060861471607,0.0,123.42240895463294,1.5528898930012174,1.6701104704372907,0.04843439090520536,0.051639214901532914,0.14733027444604824,0.08422295110813957,0.8558909984900992,27.55241399774628,7.0,1
33628,3.3619271977508447,1.0,149.14398860548593,1.635322297431103,0.5110341419887489,0.06776810307407538,0.1098800831673712,0.06675055439093701,0.07160547706998972,0.659808559089989,22.31810996371809,17.0,1
97810,0.0,1.0,39.212969380986245,0.26646250553968936,0.09851535901360106,0.037503497957860635,0.36969417967895124,0.14869142354534587,0.07523239892816581,0.07331410814078207,17.756666038080045,18.0,1
19860,2.234779091684268,1.0,93.09048898198725,1.5664596139965252,0.9176762744407007,0.042821623692057054,0.16257276229220186,0.0046553264388578776,0.0682595902191365,0.5062609762137036,25.570133665663384,66.0,4
60984,5.701060861471607,0.0,117.72527270964765,1.6214139493243716,1.0294007007666441,0.11649570054944683,0.15058911051770973,0.0,0.12175920649046457,0.6371305844385486,20.184589860204653,30.0,2
151213,3.3619271977508447,1.0,99.07561883866731,0.536721986690365,1.393177598252768,0.05747943529414456,0.02769802404126529,1.1799946806210339e-06,0.050203267509272856,0.04573195924742369,30.75040229774295,17.0,1
5878,0.872923795046736,0.0,74.84700879697267,0.9485494790226465,0.7861447309043834,0.10763012901892503,0.006515852354826429,0.0012440522682837711,0.07066635954166857,0.039103819918679915,28.82617215197356,3.0,1
115441,6.117892928831929,1.0,112.46719183662195,1.818699770638293,0.5192843709763387,0.11697827856533251,0.18173656703380087,0.0,0.07907699494507488,0.6632895533953425,30.641740019999457,56.0,3
57049,5.701060861471607,1.0,123.84384396565575,1.9242320163545066,1.3101611541437503,0.0415290707388654,0.3075369769343362,0.0,0.053248268515888486,0.7462184204087837,23.194054530836027,22.0,2
155378,5.701060861471607,0.0,130.7509127032854,1.9822113074352263,0.9675887642154379,0.11423429868061653,0.03325079712840182,9.12968156330487e-06,0.0692325431781873,0.45228862939516046,29.79356268427929,6.0,1
57668,4.359420279727952,1.0,145.88643077783007,0.7528078866341287,1.4355790578709804,0.03134499269087866,0.023165805092240477,0.00681651852218226,0.11020651288205074,0.6362565578510048,28.219824516214125,21.0,2
49526,1.5954046671017168,1.0,128.5824152695198,1.351039350458107,1.7603971408092527,0.09370898039945591,0.0004187377590983047,0.1382213959481832,0.04895374704181113,0.326868612631449,32.75115165853498,27.0,2
17677,6.117892928831929,0.0,124.80780370580888,1.0037280259604542,1.208550416448057,0.026198033914667747,0.15751312861954064,0.0,0.07389614600927014,0.7057634965086762,23.54982321848634,16.0,1
75382,0.0,0.0,90.05881944358029,1.8075989478811065,0.48170445036181103,0.09370898039945591,0.34126489173914065,0.0,0.07479010183432175,0.3867677441611076,27.546370988884533,1.0,1
34167,3.873488880460096,1.0,100.54151781186079,1.2142637860645362,1.353815249832546,0.029178943760520885,0.029803226206433615,0.0,0.08307607176161669,0.4468605662115773,24.052468767255494,53.0,3
42292,2.81870192439919,1.0,112.80166031379855,1.1995585970342593,0.49792712282742835,0.026349657147987843,0.36409772189476247,0.0002537537122547623,0.07207008747600625,0.5454951065995263,21.939310366685113,39.0,2
95684,2.81870192439919,0.0,137.5460867856898,1.4728761491942823,0.8850217453836101,0.11268268778192085,0.025393748523096872,0.012105696860054417,0.07066635954166857,0.351838884233596,33.99335690428543,22.0,2
111078,1.5954046671017168,1.0,104.24508844969459,0.30218675085560054,1.6485721689567856,0.06567548522514584,0.00010398383703949376,0.016649078183203728,0.12175920649046457,0.3008358881800992,22.96863771446981,61.0,4
816,2.234779091684268,0.0,107.9920708880782,1.7094653201885666,0.9633865604732803,0.05611463976299588,0.07950503181799205,3.709947418212118e-06,0.0700964840406363,0.27840777189583293,27.275564421437068,77.0,4
35231,1.5954046671017168,1.0,119.04343449569988,1.0632807525460788,1.5690101476162517,0.033036183770423166,0.00014796726952857357,0.03831022732532989,0.06427818044461425,0.7057634965086762,26.767993179781456,28.0,2
83138,4.359420279727952,1.0,130.67031714347942,1.2350149125555943,0.7422576704438388,0.06408679225719048,0.2362879782028371,0.061906270227683344,0.08111111514562246,0.5976652639695638,28.718828275063803,56.0,3
105413,6.117892928831929,1.0,83.66645246384006,1.0605346314265924,1.4305595995732223,0.09596252188748704,0.14525821594835667,0.0,0.12929029597956693,0.7178426855050967,22.073133775056395,18.0,1
76483,6.117892928831929,0.0,101.51882864913432,1.4959659338530724,1.2648001779253042,0.045394496904964325,0.23858402162324605,0.00027770499120979733,0.09630503739313614,0.475744849543228,23.487844334246567,12.0,1
74830,4.359420279727952,1.0,132.16521764701304,0.5035770433788322,0.74981849672868,0.029178943760520885,0.2872574174773506,0.01769303436637822,0.11443906789033216,0.49461383429655437,23.83042799981183,3.0,1
153597,4.359420279727952,0.0,157.26852021005098,1.5562760176399235,1.2790452321863144,0.028221954072082344,0.30849864803585886,0.001728491500542951,0.0929195560165614,0.8440817409401928,28.186039757712628,18.0,1
50127,3.3619271977508447,1.0,108.93365009261917,1.1937037408317457,0.6574613049083465,0.030629476337651843,0.20757782895809845,0.0,0.07298954199416931,0.6650292642763783,27.33106126424961,61.0,4
154274,0.872923795046736,1.0,99.87177401758734,0.4959087055025309,0.5990464133621874,0.06450986144918483,0.22060518339361856,0.11709011191129547,0.12757809509702486,0.26339575548611793,22.441104090785107,2.0,1
155618,3.3619271977508447,1.0,95.34446496957554,1.635322297431103,0.8074882515588501,0.09677083598355257,0.1220165471564242,0.0,0.08030591854684666,0.45319275256535035,29.30686661775507,52.0,3
106833,3.873488880460096,0.0,129.75304018600738,1.3698863849283012,0.5110341419887489,0.10501676070355577,0.12593704731803265,0.006636249972557635,0.07479010183432175,0.36657593878089856,29.185532313102968,5.0,1
128537,0.0,1.0,32.99635649157823,1.6041242390834507,0.6592628138396347,0.0461533086282955,0.22352051064288078,0.13969012819201734,0.0909648244230264,0.5932630825882477,28.56946421710111,9.0,1
65347,0.0,0.0,120.21168306271956,0.9356488839762348,0.6737416234012596,0.07881827414418355,0.23357115209643636,0.00010196026568090847,0.05896022144259537,0.3867677441611076,22.472113907830934,5.0,1
60514,1.5954046671017168,1.0,56.989837067074795,1.246958858166756,0.22214766867345095,0.11017367031918551,0.2728544450274014,0.0,0.08150955334797905,0.6927940050087114,29.73026290248252,57.0,3
50556,0.872923795046736,0.0,123.76769622759159,1.4112216109464688,1.0620215341973758,0.06322975991368103,0.10500286109376333,0.0,0.0875253578926078,0.6493529401476361,27.183028067252554,10.0,1
109309,3.873488880460096,0.0,124.18896307277193,1.7273986281211327,0.986595383828515,0.10881139747315668,0.09859728595086668,0.0,0.100270542490563,0.7307574555284216,33.091536849322324,21.0,2
87717,0.872923795046736,1.0,179.7155490343055,0.7140754272172378,0.9802422468499067,0.026198033914667747,0.2930180791304926,0.13855438495860464,0.09510266620308695,0.4928196937814543,23.0746452219393,51.0,3
39598,0.872923795046736,0.0,80.96504580466053,1.2260981136938247,0.3205773944213085,0.04954523409962817,0.3386941269429667,0.1486383663644192,0.07523239892816581,0.5250220325545847,20.64298389832714,16.0,1
123802,0.0,1.0,106.30774827853482,1.2862118976616896,1.5041555271287885,0.1134918076281394,0.14704857682625724,0.0,0.08268848505094586,0.4504799087144882,23.527220136012925,49.0,3
8989,4.824000686513771,1.0,104.02653300702255,1.6110273795933783,0.8192271637225136,0.05743125917177892,0.24085046066065832,0.0,0.10237756976806238,0.6134845293745955,28.56306711126734,7.0,1
94490,4.359420279727952,1.0,111.94204653168161,1.7023222984191564,1.752093072887597,0.03550559855419764,0.12593704731803265,0.13241887367228128,0.07389614600927014,0.8144610876374532,23.516342545694663,37.0,2
86041,0.0,1.0,116.48181456803962,0.8824506569237538,0.3077939213433398,0.10315298150069982,0.3608675781391939,0.1266403540043594,0.08892922146119757,0.286830856430596,25.888416653079535,39.0,2
11771,0.872923795046736,1.0,97.24938262016671,0.5830123021618808,0.9259172992484815,0.01657653237504772,0.03861793216455963,0.026838662246328037,0.10363955969640551,0.25869452132756765,16.68075761239398,64.0,4
116853,0.872923795046736,1.0,108.73715304573979,0.9126556457501946,0.25398812315516606,0.027552803013641613,0.36552954711300517,1.5599070343120872e-05,0.07253143383276514,0.30176808255591336,27.542127485154047,64.0,4
134791,2.81870192439919,0.0,101.82689873787332,1.258965687733321,0.48817207662737105,0.06093171277971563,0.31818041246442436,0.11847535572365805,0.11200919934125854,0.3027000936330375,20.166027249733627,31.0,2
102964,4.824000686513771,1.0,109.15077210573742,0.4959087055025309,0.5044662873129322,0.04052797693875132,0.28528427046142996,0.0,0.1368618113699408,0.326868612631449,20.070654590067573,23.0,2
155115,0.0,0.0,139.46439958979707,1.440241690388494,0.6324343108852805,0.036644315941649026,0.03950348483126515,0.0,0.07739805058592603,0.08243408107442643,25.579465636849626,8.0,1
73275,6.117892928831929,1.0,188.5588597518836,0.48260774743591484,0.9908405959351675,0.030629476337651843,0.05919019669413417,0.0,0.07344443758622808,0.146299191059229,29.55169705962985,45.0,3
27729,1.5954046671017168,1.0,125.03088428660055,1.0305741753174436,1.1466586274561965,0.0685487630522728,0.050788310921096536,0.0009961907158109078,0.09479702346996888,0.3157291000839103,28.145132073660726,43.0,3
103388,1.5954046671017168,1.0,87.2100241757227,1.310700409278527,0.973906712521262,0.08731300249953422,0.1071041786982304,0.0,0.08111111514562246,0.4604200635633939,29.998927185783128,18.0,1
120088,4.824000686513771,1.0,85.59071583812315,1.4597729435754092,1.5533254571377446,0.03134499269087866,0.025393748523096872,0.007798661760738308,0.11081886050973534,0.23795182913777405,26.76655084126809,28.0,2
138383,1.5954046671017168,1.0,78.85205138765387,1.6318388174675127,0.6324343108852805,0.05631163987576615,0.07135967865258865,0.10994108762794899,0.09510266620308695,0.20761071993731683,28.26684943687295,63.0,4
90968,0.872923795046736,1.0,70.63526030998807,2.0972051206970237,0.8708906902532544,0.09220467864151599,0.26815536298715575,1.1999449901366853e-05,0.100270542490563,0.6099729853020663,26.24541475760705,29.0,2
150761,0.872923795046736,0.0,131.762790222489,1.499281057085816,1.3343314548273377,0.04288257589490585,0.2777125758922266,1.2099944067494728e-06,0.11566792219410234,0.48294101076463797,23.774486093734506,62.0,4
140004,5.701060861471607,0.0,101.38825020512245,1.3199493399191744,0.9929661400695023,0.10715144929109219,0.18122637916738668,1.2299422053303072e-05,0.059348811008672966,0.35737047171995895,23.05492078332172,10.0,1
64924,5.270402895934253,0.0,137.8960634786599,1.5664596139965252,0.9570978852161511,0.0685487630522728,0.040915096803283965,0.0,0.05234641042789342,0.5579193060105864,27.282165975830875,3.0,1
20042,4.359420279727952,0.0,159.01347434994847,0.4509289094337133,0.4093672276915117,0.0431865287142909,0.20622559862988302,0.14588019917183806,0.06874779249788905,0.036825947133042346,25.809062292016346,42.0,3
68112,1.5954046671017168,1.0,87.62617969266357,2.0372453139730755,0.6920073491138415,0.10755176218457028,0.02824856281115648,0.0,0.10510074374136276,0.3342806431153462,19.445629369772895,26.0,2
8095,1.5954046671017168,1.0,98.06339192033818,1.4728761491942823,0.6095183704904821,0.07881827414418355,0.23896380348877203,0.14104584832010492,0.1046199903677044,0.51341580185349,25.225939407616206,14.0,1
93009,0.872923795046736,0.0,126.35805270101089,1.1617788655968144,0.9176762744407007,0.03482762600454365,0.2606647456595814,0.14432141409996868,0.0846000186739813,0.13954045346855962,29.801240205405797,30.0,2
25317,4.359420279727952,0.0,121.20010812424047,0.7783950615769446,1.3758917009694793,0.10567800055765059,0.3223236178244389,0.0,0.07654086052747315,0.4694400923118106,21.068018628603042,7.0,1
24310,0.0,0.0,120.4665426774932,1.258965687733321,0.971798776571637,0.04324715800843056,0.03746290532353106,0.0,0.10807879371529658,0.379434781026071,29.79429393512957,29.0,2
81941,6.117892928831929,0.0,108.29743618730109,1.6075736872862627,0.9487402689416761,0.09529309823863626,0.2972532295256157,0.0,0.07610775407689287,0.4495753109342876,21.717913859293287,21.0,2
14055,0.872923795046736,1.0,122.49249156593606,1.437000860302872,1.2719135502914645,0.09708557810085501,0.06655282238106731,0.0,0.13301719861630582,0.4838398383414279,27.00643261753574,48.0,3
5734,4.824000686513771,1.0,179.95133582421496,1.068784255159413,1.0928693631362019,0.030629476337651843,0.02129722678586382,0.11145892708385836,0.104861145959801,0.3008358881800992,26.845931955872192,53.0,3
124769,5.270402895934253,1.0,68.92738234231312,0.9589353474702558,0.6646784571795217,0.02844379682282684,0.3046086394461067,0.04637627609682684,0.13918353802812325,0.41963386075746517,24.049648942132052,23.0,2
88887,2.234779091684268,0.0,86.04541468183858,1.3888789288233903,1.5926792334280553,0.028812200552599924,0.13547693088861773,0.14772552432777777,0.07866163055322024,0.817005514313588,32.74806789634728,13.0,1
70374,4.359420279727952,1.0,128.94587535138282,1.3635879022326585,1.079601259342487,0.03611060568423348,0.02409600998560086,0.0005279325611805461,0.1283610048523297,0.4050531875874435,26.633760138247357,22.0,2
387,4.359420279727952,1.0,123.61030297715726,0.7208394540873487,0.5714429205166435,0.05824462509301763,0.356590267128926,0.045719184925385015,0.08150955334797905,0.3831026140507271,26.170126022716257,78.0,4
2641,5.270402895934253,0.0,116.56886703914466,0.8043990271576443,1.2838098666500841,0.032054095044992494,0.0009985074216367666,0.004905852458809698,0.09889625578485943,0.4423328122524797,30.11667658774259,63.0,4
9787,4.359420279727952,0.0,134.15466322566292,1.4630425573980839,0.7253558029455678,0.05895246626212586,0.16860685887279303,0.0,0.10437726552568219,0.6388782359477272,22.170240334176036,13.0,1
5116,5.270402895934253,1.0,114.1175779154514,0.7620643196394106,1.799404877793913,0.08754475966298475,0.17183062586123532,5.069018149181639e-05,0.13237734606099583,0.7770219563481559,25.94524607746698,35.0,2
36709,2.234779091684268,1.0,102.24440840939194,0.9563334199741291,1.0337244907542096,0.11564581627380506,0.2562708352527543,0.0,0.12175920649046457,0.5879758736035932,19.504755003758312,53.0,3
154496,0.0,1.0,192.12422290874315,1.274062926972884,1.6112066071270141,0.037765861341979366,0.0015961820420595893,0.11618944016353955,0.1199400574388863,0.5472717260619129,26.766288592219578,10.0,1
152132,5.701060861471607,0.0,107.36542645078035,1.2801294904916005,0.3865840447244628,0.05581785744347516,0.1796884828622201,0.14497539012073252,0.07479010183432175,0.4032276391499472,28.45416613196144,29.0,2
34663,0.0,0.0,128.70358495597625,0.7713755595229619,0.5886403425809775,0.058481589430569136,0.18527405936558464,0.0028290074324687662,0.12511337403336176,0.5941437966272379,28.523031611618528,4.0,1
57842,4.824000686513771,0.0,119.96694506974836,1.4467356640090427,0.9197336231387233,0.04444855031782293,0.21245753954102564,0.0009147890679497588,0.07989911657905567,0.4775448150825342,27.807837693989587,51.0,3
135651,0.872923795046736,1.0,109.54350275541039,1.593801330922556,0.6865080892331454,0.042024311441885176,0.1482346753096205,0.09406430598007999,0.07113757653068406,0.3619753613456227,23.18769650451021,26.0,2
55606,4.824000686513771,1.0,122.2433260174118,1.116173191799425,0.5259169346537883,0.03441791698119191,0.1636819881963965,0.0008084931919698021,0.0607750943259681,0.2802808782739762,20.48414274454412,17.0,1
133611,0.872923795046736,1.0,58.670301356473416,1.7745339005343035,0.5259169346537883,0.09957570687151389,0.11601985112802114,0.0,0.08190524688566762,0.30176808255591336,27.7579813388116,33.0,2
26023,4.359420279727952,0.0,92.63558876163587,0.7643869846402107,0.6810255875210611,0.03880600336970576,0.3023688437772764,0.1375230998498073,0.07113757653068406,0.20761071993731683,25.970416990231918,42.0,3
60184,0.872923795046736,1.0,80.99740863224844,1.4959659338530724,0.9259172992484815,0.1090184426822874,0.013424509655619364,0.0,0.12229085868403589,0.5357133001241309,31.70476247731424,45.0,3
155064,0.872923795046736,1.0,76.80705204257112,1.1388535531640749,0.6253501522484253,0.04557037994341877,0.1529201254059554,0.0,0.12441380069370117,0.551710741535826,22.763529512425766,1.0,1
30801,0.872923795046736,1.0,148.17472855832753,1.0550536357269065,1.3611555555156263,0.11052780242844104,0.16643138894708484,0.016823724306544618,0.12777722757972032,0.3435297312064924,25.075334912843278,32.0,2
5849,1.5954046671017168,1.0,102.34874774288123,1.3698863849283012,0.6235837141668364,0.03414355059055638,0.05919019669413417,0.14378022707720145,0.06677399494927812,0.5720839688793614,27.201189348153736,27.0,2
74076,5.701060861471607,0.0,92.54033678384182,1.2953652640842788,0.7977581590258924,0.11790631372548208,0.20395110310415332,0.0009961907158109078,0.09804963764136568,0.3803519932120896,26.717217241149083,10.0,1
122205,4.359420279727952,1.0,112.37969201105662,2.029328621294194,1.0773968561658953,0.039448600807730404,0.17395390653627266,0.0,0.05186136939192016,0.7522202886606224,26.542476676409716,11.0,1
62393,0.0,0.0,131.85838265593796,1.9588977384166186,1.0620215341973758,0.0389993838943384,0.1098800831673712,0.00027770499120979733,0.04289595725436679,0.8685193840566156,27.283330843047796,27.0,2
112909,3.3619271977508447,1.0,116.54326433688425,0.7925271422579314,0.46885477553086813,0.02770197444137078,0.3101645249866143,0.005864813330088342,0.1005400101632899,0.7505060789938793,25.87003619953757,64.0,4
157299,0.872923795046736,0.0,79.33912557533223,1.5461302380608775,0.7958178421299469,0.08731300249953422,0.22434514853910228,0.0,0.08497450704940865,0.5223458982041329,27.14810924517918,12.0,1
150831,0.872923795046736,1.0,95.02293790657677,1.8410205856641353,0.903329043187519,0.10881139747315668,0.16752177592828701,0.0,0.061046331132959944,0.49461383429655437,30.1307079188815,14.0,1
42423,2.234779091684268,1.0,93.6348943067058,0.41122628964620644,0.019686197721544053,0.03352261446733482,0.3717056213181921,0.14865846021898388,0.06961787706857614,0.058561362280261896,24.906218596454377,39.0,2
131706,3.873488880460096,1.0,117.33657505723792,1.1474217637968984,1.1017545099034765,0.10089770454746333,0.007905355412165744,0.0,0.1295588669753996,0.379434781026071,22.417162523960393,27.0,2
126951,0.0,1.0,96.14497555313531,0.9851555438001129,0.7347269443802338,0.02785087616681932,0.26910665711550336,0.0,0.11600931508282333,0.6143620734538914,28.022800192432857,7.0,1
100430,4.824000686513771,0.0,98.65622297445277,1.1417057923154803,0.46088154821066385,0.03345331143459896,0.3129707791704974,0.14855554980531355,0.07907699494507488,0.29056960183628,19.634284266233994,33.0,2
27730,0.872923795046736,1.0,126.88431366502562,1.0117429819484791,1.2766659695073987,0.06657208594270177,0.05248771370758104,0.0004063679187152684,0.06055740107079281,0.25775370012333004,23.952227708498704,26.0,2
156047,2.81870192439919,1.0,75.27229863006286,0.8405372437315713,0.7347269443802338,0.03134499269087866,0.3327781694329292,0.0,0.10510074374136276,0.7539340114733682,27.944438448670436,39.0,2
54770,4.359420279727952,1.0,88.09002096232747,1.489348138354589,0.9908405959351675,0.02844379682282684,0.3418078903960608,0.036000550337622,0.12175920649046457,0.5196684304319891,25.22757751353363,68.0,4
126561,5.270402895934253,0.0,68.99912294982751,0.3510049058496123,0.10424879068637183,0.032054095044992494,0.3753400103877654,0.14822373451728077,0.07782218133052284,0.563235334781676,19.52227483814056,38.0,2
100739,4.359420279727952,1.0,94.39524877225004,0.7713755595229619,0.9823580025054448,0.026198033914667747,0.25729539104543686,0.12590414877297143,0.1135278727644392,0.4513843481564584,25.2961767201229,21.0,2
127997,5.270402895934253,0.0,80.37679933941185,1.2649927397327414,0.40020676244095,0.10139935755464843,0.2535070519600315,0.1415723233322975,0.06971386977315287,0.26339575548611793,29.93385981334407,19.0,1
14127,5.701060861471607,0.0,111.33408553834225,0.9589353474702558,1.3125689770901088,0.03482762600454365,0.13422605430153228,0.0,0.11296729991626979,0.4378010692265794,26.987269455005496,67.0,4
5044,6.117892928831929,0.0,97.4017548926993,1.9666508341413012,0.24593781307764753,0.03373015066982788,0.372759757602228,0.0,0.06956982969641935,0.1933173511187911,23.378504053826752,61.0,4
1229,2.81870192439919,0.0,116.220601270741,0.5035770433788322,0.3656734882374335,0.028665038788637076,0.36735793741944806,0.0,0.06776790858233991,0.11822862398498821,25.334172434379035,77.0,4
67953,6.117892928831929,0.0,123.94028814772753,1.0387004217770066,1.2648001779253042,0.11289513551182562,0.27890300212052405,1.789987759567176e-06,0.09323773806836998,0.1980869142931519,27.463993067500855,47.0,3
39987,2.81870192439919,0.0,107.30843288787113,0.7737119535467464,1.730043125748694,0.08612600426799331,0.011981103784704574,0.0,0.12051510801643173,0.47214306179705734,23.185528726869514,27.0,2
71,3.873488880460096,1.0,87.22069836230165,1.1966292274711101,1.6138618224161947,0.02770197444137078,0.0001839494124448084,0.0,0.11583914795584942,0.7940679687734105,28.551273802054844,7.0,1
157713,5.270402895934253,0.0,114.13812185227705,1.756317752022725,1.4130567522589161,0.032756846992377936,0.3150353369161678,0.04439064878958389,0.09386772939038489,0.8727232799003789,23.041426198086764,28.0,2
142561,0.0,1.0,108.62854079639429,1.338555201025666,0.7900082832763979,0.041342447356368994,0.1558014307814477,0.0,0.11296729991626979,0.4919223952704212,26.905036440778236,20.0,1
111558,5.701060861471607,0.0,128.9307341126514,1.277094229670491,0.9781284470444853,0.10881139747315668,0.11936872550991845,0.0,0.12777722757972032,0.5685462219497042,29.0923536696383,32.0,2
79468,0.0,1.0,138.60063075564398,0.235105456117044,0.22476437703283975,0.032054095044992494,0.3723659549809126,0.1488761368191702,0.0807099107755365,0.03781648672357541,18.857268256826597,40.0,2
129774,0.0,1.0,116.00542136581586,1.1704392993079824,0.2702700593198571,0.11950162964179269,0.2713039252323279,0.0,0.13050531086363082,0.555259355923415,19.91854631294062,27.0,2
91566,0.0,1.0,105.39403206431666,1.338555201025666,1.1716969445284566,0.05009339799691467,0.1410276701496655,0.0,0.12344151675057939,0.7727530213566,31.17263961852403,54.0,3
65446,4.824000686513771,1.0,113.94293308218256,1.1646618235594426,1.496460907685237,0.10247485139026782,0.04736046046136347,0.0,0.1348168549680558,0.531261178626178,29.184296214402597,54.0,3
1697,4.824000686513771,1.0,123.42748770954594,2.0372453139730755,1.2412209663588705,0.09407062608946572,0.21593067514693054,0.04035720710546913,0.12306481658547469,0.723011956415217,25.840501572698006,51.0,3
95730,4.824000686513771,1.0,121.06770591549673,0.8091720843236079,1.691784810850091,0.03516737135838585,0.0011579920132691814,0.1466817163525353,0.07824336696718033,0.5125219727084062,30.997197013151727,13.0,1
11521,3.873488880460096,0.0,157.82269552020023,1.0993228154521477,1.1808620069999787,0.10706965946680329,0.3033689816821263,0.0,0.06855292732719263,0.4378010692265794,22.350715873869568,26.0,2
95724,0.872923795046736,1.0,89.86221785896217,1.249954663221884,0.971798776571637,0.03345331143459896,0.0,0.0,0.07523239892816581,0.4694400923118106,27.286566407548573,58.0,3
24684,0.872923795046736,0.0,184.32225312967054,1.7818509781400034,1.3907019974812584,0.05918638842682127,0.016577632105374596,0.1458241281023726,0.0560111652642022,0.41417103144871215,26.98296624713362,11.0,1
32095,2.81870192439919,1.0,128.97111018355233,0.8874490702428841,0.8330093229215549,0.02770197444137078,0.21506826913802218,0.005864813330088342,0.08111111514562246,0.4892295852117562,26.547355790150792,9.0,1
50939,3.873488880460096,0.0,127.25352173305777,1.6492989120715298,0.9053728438287705,0.08463728846781318,0.21849470962927253,0.001984806558653298,0.07298954199416931,0.6187477473978619,29.23050196208046,75.0,4
68306,4.824000686513771,0.0,85.69773471890247,1.5461302380608775,1.1831582989482943,0.03441791698119191,0.2569545847468735,1.599990220223578e-06,0.11061603839739241,0.6719828838800403,24.618683237513302,30.0,2
133282,0.0,1.0,164.65121225530345,0.3577074183812535,0.13589855087151345,0.03345331143459896,0.36805142684005404,0.1452406017501765,0.0652563208801996,0.08116046522221033,19.073674923870453,13.0,1
50633,6.117892928831929,1.0,161.90425783741819,0.49018984423203915,1.450687222114931,0.04673112473458526,6.269412492834857e-05,0.0003744633555463451,0.09355379050258464,0.2980382035009999,33.08416529622435,34.0,2
19645,3.873488880460096,1.0,126.31249614947289,0.894973455755926,0.7745995549638897,0.07007114572550133,0.3492986047773872,0.0,0.13091639863629476,0.708353971685764,26.65559443043639,27.0,2
124537,4.824000686513771,0.0,142.2999805504909,1.4794525303974508,1.353815249832546,0.11097780873747112,0.3289923790540922,1.2799937409002742e-06,0.07207008747600625,0.7247340486652429,21.876100442764717,18.0,1
40225,0.872923795046736,1.0,79.39862762003645,1.1704392993079824,0.9508267515704789,0.03012476416116336,0.028523472713086005,0.14789742489322466,0.06757025544188588,0.26433542927204406,28.93597899942576,12.0,1
13034,2.81870192439919,1.0,165.4306712142523,0.40592396093865335,0.3656734882374335,0.032054095044992494,0.21333172503136444,0.13892991401941193,0.12268131026148278,0.09485566336762855,26.52137077926947,56.0,3
22225,4.824000686513771,1.0,155.98744921286414,1.3354442055656686,1.1877569186390118,0.023890353676344383,0.13233770064580988,0.13734150688490174,0.06474316603131854,0.762495346225589,23.751885362881684,55.0,3
71179,5.270402895934253,1.0,125.39073515989796,1.310700409278527,1.0337244907542096,0.03462304693822591,0.21934173687650124,0.0,0.11843967107822272,0.5321518963893909,22.161749342819373,34.0,2
63541,5.270402895934253,1.0,123.84384396565575,1.3168623695632067,0.3701256670861469,0.08058365006988354,0.15637341109399755,0.0,0.06291794151879873,0.25587148181996267,29.414090020637495,29.0,2
65753,5.701060861471607,0.0,91.12047543562257,1.50925136242719,0.6810255875210611,0.11289513551182562,0.1146679813352171,0.0004452410641153595,0.06307618828727586,0.7092172109919126,21.625356083193083,41.0,3
149322,0.0,0.0,114.15352945781954,0.7528078866341287,1.0186256893922574,0.02597008295674694,0.002897392684276353,0.14854135749879283,0.04704475287557075,0.2426743316518963,27.02649838645803,19.0,1
125137,0.0,1.0,59.319148198294485,1.0251752790418884,0.03593400836537351,0.09596252188748704,0.3635186979644739,0.14805756513607893,0.065765824499414,0.4990965284816648,18.54455267109963,36.0,2
144656,3.873488880460096,0.0,140.67139374406602,1.246958858166756,0.6975233845593646,0.026953409443536608,0.3134325087343338,0.05857343993541009,0.11181393054084698,0.4278171081723786,28.559429104762067,49.0,3
47377,0.0,1.0,60.051418567111064,1.7490618513824774,0.42787759020018756,0.10152244608703388,0.1297971916212612,0.11761748361776994,0.0807099107755365,0.07821984253433137,26.157075212685434,25.0,2
15526,0.872923795046736,1.0,116.16425014165138,0.9511404885049599,1.1106714973128837,0.08754475966298475,0.25763548768408095,0.0,0.10388706186522997,0.6476084860628607,32.16472102862194,58.0,3
36852,3.3619271977508447,0.0,125.98340669703721,0.9719997127794917,0.8528606142967284,0.03414355059055638,0.0993166428042023,0.10496463168547732,0.08823206529773955,0.428725547103319,23.365423296919026,28.0,2
7817,3.3619271977508447,0.0,104.40636118513784,1.573269725078865,1.0862263751542853,0.07007114572550133,0.21678920175813712,0.0,0.0878799146864748,0.7316174461161188,30.286686497896465,44.0,3
13757,5.701060861471607,1.0,84.54627721277011,1.6283596013417518,1.3270588689493945,0.0415290707388654,0.04736046046136347,0.0,0.09195206939260495,0.4793441631124205,26.24568053520026,68.0,4
120979,4.824000686513771,0.0,104.48958479693844,2.1953049267990923,0.5817394956459299,0.05074489405505674,0.1153448023958126,0.0,0.09804963764136568,0.7881072528363212,27.287601732984488,11.0,1
48771,2.234779091684268,1.0,52.79449513011742,0.18958077544120372,0.054067609070847594,0.04071676728200563,0.30656813300272473,0.14895520426593578,0.13252230774360968,0.03186954320375656,20.67328055234479,57.0,3
15676,4.824000686513771,1.0,107.7228330099435,1.2559580752183774,1.5273522784822862,0.041342447356368994,0.11870244613380132,0.11618944016353955,0.11828452903796835,0.5596918883888553,24.704074015645023,53.0,3
99729,1.5954046671017168,1.0,132.8187883752765,1.4695941574011762,1.1443944415571772,0.06020377739301121,0.020264841467197262,0.0,0.0912961293942096,0.5782695745186084,31.471295864628438,54.0,3
5607,5.701060861471607,1.0,146.7290392778166,2.085130386455116,0.8749185103672998,0.08280689613768356,0.0596868281862714,0.0,0.0878799146864748,0.4269085074607398,28.564070643566595,20.0,1
6422,1.5954046671017168,1.0,192.00028776351834,1.3604447167824396,0.9570978852161511,0.06931636345747896,0.04649739313307388,0.1438366992484712,0.06971386977315287,0.36657593878089856,27.008387521712812,41.0,3
100676,5.270402895934253,1.0,103.3965176570962,0.2603977600807016,0.10713040666568865,0.030485597741861343,0.3752128331966564,0.14788764785866743,0.065765824499414,0.1933173511187911,18.44099507039818,10.0,1
33357,0.0,1.0,77.31766370915146,1.1791344541649518,0.3956501443205973,0.037503497957860635,0.354058506913551,0.14369449700609652,0.08892922146119757,0.4169031817689732,24.647538880668947,49.0,3
100393,0.0,0.0,120.76208320938062,1.2350149125555943,1.0928693631362019,0.04373026595070187,0.0643634370336894,3.3499571276060607e-06,0.08927426336727629,0.39683299385755855,23.628248226123908,54.0,3
64576,3.3619271977508447,0.0,107.62443364483234,1.0660306262012467,1.3270588689493945,0.04644285264163093,0.060842390389807495,3.069963994736811e-06,0.05973544317921986,0.6624195015311976,29.97041142484228,4.0,1
8417,1.5954046671017168,0.0,148.62485483124297,1.486045460471644,1.2459205763017733,0.05776762020712451,0.06574385880311132,0.12297274213462288,0.09833371298734968,0.7204278830259115,26.585312928342834,25.0,2
146640,3.873488880460096,0.0,155.1374786948871,0.5830123021618808,1.6728123173826326,0.04480484684514999,0.0038477307097229754,0.0006055948859629201,0.1287391309259475,0.3305760518370182,21.709908711215284,33.0,2
120614,3.873488880460096,1.0,129.45043786725486,0.9746235506992239,0.668298156335253,0.08029540932132537,0.2905779107542213,0.0009961907158109078,0.06727271957900667,0.372090967206333,24.3663301746902,12.0,1
75191,4.359420279727952,0.0,76.45912505134005,0.7482001681201292,0.7328489612337938,0.09800143618007766,0.33433519342319357,0.005864813330088342,0.11600931508282333,0.6406253525679155,27.181211484600546,6.0,1
133552,5.701060861471607,0.0,143.27485579308538,1.1907821343351075,0.6271184303094184,0.04065389307740725,0.2048640371828363,0.0,0.0807099107755365,0.03959883734464437,24.20103965935092,2.0,1
14231,0.0,1.0,141.35901501357768,1.1218203956730715,0.9929661400695023,0.03550559855419764,0.23551596238262423,0.0009961907158109078,0.10107366171887236,0.5143094816331635,25.163364356691204,11.0,1
103344,5.701060861471607,1.0,134.97733557704544,0.9537351345706274,0.9823580025054448,0.03134499269087866,0.21593067514693054,0.011468359494094787,0.08995736455673303,0.6745883431787558,24.306885185863173,28.0,2
4580,5.270402895934253,0.0,57.41485160050924,1.0278728688856018,0.7707663064582774,0.04843439090520536,0.15864721974158413,0.13293676335656487,0.062121579541474924,0.2530467117592156,27.864523127767512,60.0,3
58009,1.5954046671017168,0.0,119.06895957430386,1.5664596139965252,1.645889431984084,0.04257727432062326,0.1373413159554467,0.008698409363821236,0.09776367429658296,0.6414987105437209,27.349672369117837,57.0,3
51480,2.234779091684268,1.0,93.24381399650414,0.9511404885049599,0.23927523980075788,0.10808882738822913,0.041618479950598815,0.14764028303043303,0.10557531116723944,0.03930183426633083,20.160948310545706,6.0,1
41232,5.701060861471607,0.0,133.76313877790622,1.2680121847925503,1.0315616104748004,0.036909743172268895,0.21593067514693054,0.0,0.07782218133052284,0.37117222363207886,25.564858050818504,22.0,2
23965,4.359420279727952,1.0,91.24245242268083,0.5830123021618808,0.0024144038628309923,0.05631163987576615,0.3755937936401596,0.14879875578746896,0.0846000186739813,0.37117222363207886,18.06061342456002,49.0,3
20584,2.234779091684268,0.0,144.24878128675624,1.6179475077937715,0.668298156335253,0.05704434847964745,0.11262682189264288,0.0,0.13115754517295558,0.5694308716311162,30.045725589822638,21.0,2
12873,0.0,1.0,101.64938310462757,1.0550536357269065,1.2600680937293525,0.04438898378389238,0.2180697686246851,0.11600597990351828,0.13631186222496286,0.7419277041759904,27.82022839864345,54.0,3
116963,1.5954046671017168,0.0,105.51869619499448,1.5026003343861656,1.1900592475800453,0.058481589430569136,0.20622559862988302,0.0,0.06120860553233578,0.49461383429655437,29.79770627662462,6.0,1
155195,4.824000686513771,1.0,121.91777576974378,1.0798363793789911,1.5979622149768788,0.06235797169475681,0.06976627626521868,0.0,0.1447053323809952,0.329649459445562,26.765370706779674,37.0,2
129702,3.873488880460096,1.0,124.57452205162463,0.7276338680333096,1.2271707574696977,0.029907481693841425,0.07294428524369923,0.0,0.09630503739313614,0.5241301357294121,27.975622987411963,53.0,3
123653,4.359420279727952,1.0,167.79506212705442,0.6459421267605535,0.4032532494108121,0.032054095044992494,0.1658841956233759,0.0,0.08307607176161669,0.22849210047277335,24.980637394540818,2.0,1
102600,3.3619271977508447,1.0,122.97536120141153,1.1937037408317457,0.4640655093621761,0.023890353676344383,0.18071497178150703,0.0,0.10807879371529658,0.37759984787925627,24.067973813337144,55.0,3
86376,0.0,0.0,130.31258837581495,1.0144220302914997,1.2178444213202304,0.02770197444137078,0.08981251686689971,0.0,0.07567160824092482,0.3693342235535494,25.517073320239124,37.0,2
4685,3.873488880460096,0.0,104.41156293852761,1.9165779889820305,1.0229297889556126,0.10915407460466377,0.06816401280319169,0.0,0.055431191649043365,0.3940899342910126,23.192898613458706,6.0,1
76472,6.117892928831929,1.0,88.61741710068408,0.9984031852273931,0.053419966239992726,0.03282677534239687,0.3753400103877654,0.14863161505772862,0.0626534392312979,0.31665838257302165,24.848891925476263,39.0,2
79954,5.270402895934253,0.0,145.97072296036552,0.372956702739835,1.3391900932368495,0.06697413709052649,0.11669313372009094,0.0,0.07389614600927014,0.4423328122524797,31.00205984730659,28.0,2
94913,4.359420279727952,1.0,115.33902575355349,1.408017586653165,1.3053516392490825,0.1189148329279911,0.16478578751621065,0.002985458564888044,0.06028440139859205,0.35460545987661984,23.9003016886553,25.0,2
130986,3.873488880460096,0.0,133.51207523306752,0.8454152376174606,1.6701104704372907,0.03482762600454365,0.008880373055813805,0.14756329632777992,0.09660065570186806,0.3831026140507271,23.24069230266818,39.0,2
120431,0.0,1.0,129.74295507132567,1.3292342453589678,0.7104594698327914,0.029907481693841425,0.16643138894708484,0.0,0.09510266620308695,0.8440817409401928,29.983761540343274,33.0,2
118966,3.3619271977508447,1.0,112.16347417732645,1.1189948897666122,1.788216833479305,0.05133612464894548,0.017242550279474075,0.0010458008677358462,0.1028873097127769,0.4586141796681728,26.23491507897617,31.0,2
122047,0.0,1.0,95.66057017184359,0.9279519897293446,0.23265440637180526,0.10974151508476628,0.25315830735000466,0.1312356419071509,0.10533879505897356,0.5401617621376549,28.779274075259025,23.0,2
55373,4.824000686513771,0.0,116.47669354466125,1.4048176378816764,0.6846787275032765,0.03557306247571486,0.2684731067739852,8.797042339756153e-05,0.12816865300364028,0.2980382035009999,25.428382123673344,48.0,3
158668,5.270402895934253,1.0,88.79843969491877,2.0491546563964507,0.5426245627788366,0.11145548955579519,0.04126698976593212,0.0,0.09386772939038489,0.42054376079082423,29.669559740385843,30.0,2
156477,0.872923795046736,0.0,79.00904417741124,1.7382106712178036,0.19634489859941956,0.07331527306353508,0.3492986047773872,0.0,0.1252275809854624,0.12308164179780615,25.301898978795172,31.0,2
143252,5.701060861471607,0.0,86.74017512009935,1.5393873568146128,0.9633865604732803,0.04071676728200563,0.07128021797356414,0.14794570384085043,0.07207008747600625,0.07910225074530876,21.48799627396818,55.0,3
4949,5.270402895934253,1.0,153.62750117325513,1.408017586653165,0.43254475308730655,0.03482762600454365,0.09570049597102921,0.14824048470688458,0.055431191649043365,0.17993512852399263,27.79493202934192,4.0,1
111693,0.0,1.0,129.59670828761335,1.277094229670491,0.5011931214681938,0.07226092540897922,0.005248468261179619,8.549720736262229e-06,0.07389614600927014,0.4269085074607398,22.158471533261544,3.0,1
14595,1.5954046671017168,1.0,94.89111967104172,1.5293044363985917,1.2838098666500841,0.052449192885192675,0.2370566471492302,0.0,0.07479010183432175,0.7445025014285709,24.57674626090832,15.0,1
101325,4.359420279727952,1.0,122.7720808072737,1.2953652640842788,1.2016011071995636,0.030629476337651843,0.03861793216455963,0.07921649421235842,0.0542585308030303,0.7255949080509491,26.572269322153602,5.0,1
21273,3.3619271977508447,1.0,103.42777098853098,0.8650682795653099,0.8729036385143312,0.030629476337651843,0.28037777348200726,0.002965912600349943,0.06050287974072933,0.8508325917028582,22.822592362355728,15.0,1
6234,4.824000686513771,0.0,112.18921751913518,1.2953652640842788,1.5325301385083494,0.07226092540897922,0.029620722255763815,0.0,0.07298954199416931,0.5579193060105864,25.109175008993724,45.0,3
11321,3.873488880460096,0.0,78.74916990973786,0.9930930893391963,1.4055865716025768,0.047871617065426426,0.03612480643663832,0.0001638972987816528,0.12901708090428082,0.29617216065705904,20.17348539454187,5.0,1
43838,3.873488880460096,0.0,112.39513386449809,0.925393585596664,0.8016444925314857,0.036909743172268895,0.1511740477018857,0.0,0.05167874743694636,0.4468605662115773,25.973762937785587,3.0,1
134737,4.359420279727952,1.0,193.32008477271503,0.2619098650327388,0.3063820695190575,0.04730387785758131,0.32979984747365504,0.14495261451667973,0.07479010183432175,0.10363586022119907,23.963819313056433,21.0,2
129913,5.701060861471607,0.0,123.46303815648653,1.1820405678953774,0.9993545321705947,0.06318652327346878,0.33663084347941513,0.00015390943886724453,0.0638623394299166,0.8744040626692703,32.873199619885376,26.0,2
139839,4.359420279727952,1.0,80.45238816919439,1.4597729435754092,0.9929661400695023,0.10816339972175154,0.000398762190215695,0.0,0.07654086052747315,0.2737217164713884,34.88203809343046,18.0,1
23463,5.270402895934253,1.0,114.82603887374681,0.9877977162194078,0.47526536432381916,0.03134499269087866,0.30411417011148073,0.00681651852218226,0.06370578415960063,0.4919223952704212,23.123617112288763,62.0,4
106715,3.873488880460096,1.0,86.35548316019587,1.5903688309600632,0.9887170107264152,0.0856377240318309,0.14224404248746633,0.12448573823958835,0.10937167434329613,0.8076708475842831,25.973629105504834,14.0,1
102134,5.701060861471607,0.0,102.79723398637248,1.818699770638293,0.6865080892331454,0.0431865287142909,0.21376733495324746,0.00013692832580949088,0.06776790858233991,0.7676263476484754,25.022251863455303,56.0,3
79707,0.0,1.0,119.51297079759402,0.5871171410342558,1.0143294574313837,0.038157654766122096,0.20303395783663156,0.1428644082882285,0.08111111514562246,0.23227835647910366,27.371503567800488,40.0,2
61158,5.270402895934253,0.0,112.90968903434293,0.9984031852273931,1.0014879181509468,0.044090360401503007,0.007142832099613074,0.006683714265971942,0.03495139625177366,0.5071558543350404,23.569839038052898,8.0,1
49336,4.359420279727952,0.0,128.37537921610317,0.9825170437964712,0.449793561881308,0.09334166241755217,0.34518401980879204,0.0,0.1380841908920916,0.6222538369971233,21.48586674849765,47.0,3
75740,0.0,1.0,154.84253537770945,1.1474217637968984,0.24861454952704104,0.029178943760520885,0.36011768658612775,0.14836185351286132,0.0807099107755365,0.41143740592545724,23.80175821756297,43.0,3
121482,5.270402895934253,1.0,114.29218452916649,0.37637728742838533,1.2412209663588705,0.03414355059055638,0.003976213546291906,0.0009961907158109078,0.1261174700059207,0.6292595119241615,30.69491002894971,54.0,3
6855,5.701060861471607,1.0,171.27458169897278,1.532661226759913,1.5481140364786548,0.09141646816813875,0.1133089973400213,0.0,0.12065670517582489,0.6240060675375,21.395230676189183,34.0,2
1112,1.5954046671017168,1.0,103.03179558240373,1.814995089313839,0.9781284470444853,0.10845647711077161,0.1153448023958126,0.0,0.1299098908721293,0.43235768782226963,25.478178051633417,68.0,4
145086,3.3619271977508447,1.0,83.68255862246474,0.6785107863592905,0.8668705620052803,0.02770197444137078,0.1146679813352171,0.12602863839372966,0.12121460761967925,0.5223458982041329,33.09561906922003,21.0,2
56810,1.5954046671017168,1.0,132.2004216906095,1.0826088263724851,1.486230640455675,0.038157654766122096,0.0019940376062208094,0.0,0.0807099107755365,0.2980382035009999,25.790374505263603,24.0,2
49193,0.872923795046736,1.0,124.0164207036326,1.3984299557000819,0.5044662873129322,0.03012476416116336,0.3293968198283105,0.0,0.07019179955184995,0.23795182913777405,26.773237601336977,42.0,3
105565,3.3619271977508447,0.0,154.69011643528717,1.5698625629767227,0.9156208630438081,0.02844379682282684,0.21764387222561646,0.029205777483379724,0.0994514137349725,0.6353823972414456,26.6320497096478,37.0,2
43920,4.824000686513771,0.0,101.90520040172599,1.3199493399191744,0.7707663064582774,0.06340233793787266,0.1285171062526024,0.0,0.0607750943259681,0.6711141375205762,30.992333655467913,17.0,1
71214,0.872923795046736,1.0,131.95899554881353,0.8749797475547563,0.3731024592325629,0.08171337117473375,0.30411417011148073,0.12180888706043436,0.10557531116723944,0.2727839400024509,28.141964152253607,28.0,2
40197,3.3619271977508447,0.0,73.97353971138338,1.5393873568146128,1.0143294574313837,0.10665182007938102,0.23357115209643636,0.09140365257152867,0.13042169024990238,0.48024360588362286,28.64815638186738,47.0,3
5093,5.270402895934253,1.0,146.20372976234137,0.6459421267605535,1.3808202212133387,0.038157654766122096,0.0,0.0,0.07019179955184995,0.33335476170646205,21.33996125507595,71.0,4
30862,6.117892928831929,0.0,105.86660561129992,1.9666508341413012,1.1129057238060638,0.11281100403753022,0.014861545300356743,0.0,0.08384328428839721,0.33798239709523725,22.616153634994774,50.0,3
40765,0.872923795046736,1.0,110.26126660054186,1.5393873568146128,1.0554618093302919,0.09844389461644934,0.13359821373595446,0.0,0.1287391309259475,0.35737047171995895,28.05087731436464,2.0,1
11352,0.872923795046736,1.0,121.76513127281576,1.593801330922556,1.2131933798627534,0.061916456303725574,0.03505015914588083,0.0009961907158109078,0.10363955969640551,0.3821859095722139,25.385860793575343,49.0,3
8530,0.0,1.0,113.46503224613588,1.4663162944046058,0.9781284470444853,0.07400365818851558,0.2916676693694916,0.0,0.09630503739313614,0.6283842755198784,21.72138717543817,33.0,2
88022,0.872923795046736,1.0,86.26461748806398,2.3432143909107492,1.314978844489941,0.05838692623555021,0.05510287280776125,1.9398562287003515e-05,0.07019179955184995,0.2737217164713884,25.297811740736233,18.0,1
52516,1.5954046671017168,1.0,87.72217552207039,1.1733338226503915,0.6810255875210611,0.0858828442467042,0.23667272982350548,0.0,0.11749437973115917,0.4332653199494439,23.964384660261114,72.0,4
2028,5.701060861471607,0.0,33.86424194329479,0.5426649349516074,1.4280529796370869,0.05824462509301763,0.15349925612982013,0.14444886832852719,0.11141967447734964,0.5062609762137036,20.720851965356836,4.0,1
61000,1.5954046671017168,1.0,170.0285666882615,0.897488732723847,1.0818076464946016,0.032054095044992494,0.10359265120566807,0.0009961907158109078,0.11700849582798221,0.3674955385332786,27.529780212049612,30.0,2
39909,0.872923795046736,1.0,119.9210487454921,1.7273986281211327,0.7880755588262914,0.07664561864626834,0.24493038553947208,0.0,0.07344443758622808,0.3315024662333718,24.12655014061025,20.0,1
32856,2.234779091684268,0.0,112.15317660402651,1.4176418973042995,0.7460343185053053,0.11945044991550405,0.27530300231186905,0.0,0.12093734207546923,0.5348231690526993,27.01333951449498,14.0,1
94790,0.872923795046736,1.0,122.94487221014074,1.0993228154521477,1.656633108457273,0.0300524019955432,0.018284663933505536,8.227413039853577e-05,0.09510266620308695,0.5605779646133879,21.715648452269416,12.0,1
76650,3.3619271977508447,1.0,121.12372476224209,0.8799567951318898,0.5990464133621874,0.03550559855419764,0.3096907577362992,0.0,0.07253143383276514,0.6754565700006173,33.76260988676054,6.0,1
32728,3.3619271977508447,0.0,146.51597457314043,1.13316055416276,1.6674107491010164,0.06534527571603274,0.0009985074216367666,0.14195463012394316,0.13042169024990238,0.43417279113429047,27.287860560161846,15.0,1
81780,0.0,0.0,34.388350426116446,1.486045460471644,0.6288885490015691,0.0431865287142909,0.28037777348200726,0.14770448271626585,0.0682595902191365,0.5053659477481252,28.558300003891794,9.0,1
99432,4.359420279727952,1.0,136.3752359098381,0.7276338680333096,0.74981849672868,0.023890353676344383,0.13980511964077502,0.00019685182358311133,0.06632209626065663,0.20570758564253153,31.70896666156085,31.0,2
54026,3.873488880460096,1.0,110.54508927394114,1.6633439737814455,1.1353577070957022,0.04071676728200563,0.1832598522183656,0.00013193346107539283,0.12488293093845737,0.4214534979133966,25.69733652358927,28.0,2
156122,5.270402895934253,0.0,109.98250267739813,1.4532460742582065,0.7861447309043834,0.11228194452486069,0.2552398388978087,0.0,0.06458850317541653,0.35552730403390576,27.816907548138133,7.0,1
79572,1.5954046671017168,1.0,101.50316050322195,1.9434457150353295,0.4640655093621761,0.07501499474701619,0.13672143769829853,0.14651288878424606,0.06899059756252661,0.23700674147691309,28.186546100346547,6.0,1
118409,1.5954046671017168,1.0,87.96743019810003,0.2603977600807016,0.07708917997120883,0.032054095044992494,0.35813985800982173,0.14837748463692157,0.07523239892816581,0.04177618440531738,21.46912983528237,46.0,3
10737,2.81870192439919,1.0,138.03102046895427,0.9641501397610845,0.23794773678388204,0.028369916082223195,0.3648164267122848,0.045719184925385015,0.07567160824092482,0.21046390307817353,29.183678151624402,49.0,3
45319,2.234779091684268,0.0,87.64218003858846,1.9744220162276542,0.8528606142967284,0.09424935215065408,0.09350737751597628,0.0,0.10510074374136276,0.28496036755879967,23.144893734659536,4.0,1
58655,0.0,1.0,108.53025919231129,0.6873217200952351,0.12994936679057356,0.03155839396012166,0.3496341766766264,0.0,0.12499849218571271,0.4667357229045698,30.92882469430287,41.0,3
154996,0.0,1.0,107.7746169885637,0.7276338680333096,0.7822887621101576,0.029907481693841425,0.3595134761796039,0.0,0.100270542490563,0.7238730648159113,25.43883525143475,18.0,1
117006,4.359420279727952,1.0,140.74117434150187,1.4926549618789116,0.7822887621101576,0.0769637268850384,0.26396506912166884,0.0008482401305712538,0.08384328428839721,0.47394426546045465,28.566077635915732,51.0,3
74239,2.81870192439919,0.0,147.86793684306633,0.8924617548512922,0.7309728561567572,0.03127373074081886,0.3150353369161678,0.0,0.12229085868403589,0.3831026140507271,25.95060297954249,25.0,2
119088,3.873488880460096,1.0,127.71355280314569,0.894973455755926,0.9487402689416761,0.032756846992377936,0.23317963820531065,0.0,0.07019179955184995,0.4468605662115773,27.152784168655,24.0,2
47593,5.701060861471607,1.0,97.4017548926993,0.8799567951318898,0.8850217453836101,0.03282677534239687,0.3386941269429667,5.479885277854679e-06,0.08150955334797905,0.8735637266114633,30.116071688303148,42.0,3
6718,5.270402895934253,1.0,143.50848540713864,1.1733338226503915,1.208550416448057,0.026198033914667747,0.025948304091180735,0.10393911617342975,0.09917475099732172,0.6658989234852036,25.34506013474525,41.0,3
47955,0.0,1.0,112.00384658889766,1.3323372212749316,0.9950936437439697,0.07331527306353508,0.008880373055813805,0.004905852458809698,0.1357832242966237,0.4622253199987333,29.05157803764765,28.0,2
47891,4.359420279727952,1.0,145.99055540100576,0.5566421438042738,1.6620176809780942,0.04899224740895944,0.005946621798604477,0.024418278472219074,0.09417957066797655,0.4649320304843778,25.44263566642816,14.0,1
50581,5.270402895934253,1.0,115.04666332169181,1.2054289960576283,1.0973079588623809,0.10442257216654599,0.0822707938427152,0.0,0.09861591438912895,0.5196684304319891,26.415934038231036,29.0,2
37989,5.270402895934253,1.0,98.67719880679807,1.277094229670491,1.1969783179741296,0.037503497957860635,0.23896380348877203,0.0,0.11549563035956101,0.8051225882576657,27.543542035915433,43.0,3
4127,5.701060861471607,1.0,63.800220338485346,0.8308234223741906,0.03593400836537351,0.0897636276352218,0.3753400103877654,0.14861803168969095,0.07824336696718033,0.3656561673256651,30.764354055336383,54.0,3
115957,0.872923795046736,1.0,144.3530744585467,0.6829095930719221,1.6728123173826326,0.03684347528477961,0.002986602388962986,0.0,0.09972625759298626,0.36381610868103414,26.683067301919674,29.0,2
37693,5.701060861471607,0.0,146.05005040615043,1.5766811031181405,1.5874046880354733,0.09352603656759394,0.07373331035081927,0.0,0.07610775407689287,0.6292595119241615,22.90050300411533,47.0,3
12045,3.3619271977508447,0.0,110.59668219623208,1.593801330922556,0.7574094640680615,0.0454531762951517,0.2684731067739852,0.0,0.06055740107079281,0.4023146165258838,26.49391602228856,51.0,3
88033,6.117892928831929,0.0,141.17469990895532,1.6423020601527738,1.5716316228929437,0.047871617065426426,0.2463903411380815,2.5797457270553363e-05,0.14096577772061908,0.3259413065890475,26.636654539499144,3.0,1
25581,1.5954046671017168,1.0,93.71942153639196,1.440241690388494,1.6539440066230873,0.05234406254322457,0.06968637408784202,3.299584013138604e-05,0.11407800504076084,0.539272361790861,26.232123544621658,44.0,3
134695,4.359420279727952,1.0,161.7576969185961,1.2892590495900826,1.0598329809424267,0.0300524019955432,0.1847723004118197,0.015065401060720823,0.11935085950785726,0.3426056156966485,27.197817163467818,38.0,2
36466,4.824000686513771,0.0,127.69839072963426,1.1937037408317457,1.4380918973981762,0.09546239530113286,0.07981368666275858,0.0,0.04535588072282271,0.7496487913794742,20.14665921437973,34.0,2
27578,5.270402895934253,1.0,104.73919884484859,0.6939649337958178,1.8162515217920812,0.06408679225719048,0.013712425199831665,0.0009961907158109078,0.07434469244013149,0.326868612631449,25.891099189655158,60.0,3
44668,0.872923795046736,1.0,54.55569116308331,1.1878644052004304,0.5646149391973504,0.06657208594270177,0.012751715278126845,0.14768326310243535,0.0834609979772711,0.6711141375205762,29.894359434490816,25.0,2
131209,4.359420279727952,1.0,129.4353050940348,0.9330796361672831,1.5118689516687127,0.04438898378389238,0.006927442155667886,0.0009961907158109078,0.0682595902191365,0.5080505822351178,28.143358067657868,49.0,3
3342,0.872923795046736,0.0,142.49901221947817,1.1417057923154803,1.160285808401269,0.032054095044992494,0.06655282238106731,0.033036169012816585,0.09972625759298626,0.5026799590533929,25.877147937438053,28.0,2
20545,5.701060861471607,0.0,121.27139304697481,1.258965687733321,0.9053728438287705,0.06366010318565381,0.08757148586722448,0.0,0.07344443758622808,0.39500445441039295,24.5800807719925,68.0,4
78977,4.824000686513771,1.0,116.963047207102,1.1531530780227583,1.5900409064989947,0.06056899457987591,0.20257379790106939,0.0,0.08150955334797905,0.8651542683548678,27.620752840072548,45.0,3
2980,2.81870192439919,1.0,140.41715102316147,1.3076254137645986,1.2295073977449773,0.025435779189136993,0.2665568873392643,0.0009961907158109078,0.10829773278800112,0.6248819796008633,27.92915572364451,49.0,3
6016,0.872923795046736,0.0,93.58205925806732,1.5159190404539722,0.9259172992484815,0.09334166241755217,0.027789847142669463,0.11291192165026746,0.06627170617944157,0.44595533372469104,27.88837386791111,54.0,3
50741,2.81870192439919,0.0,116.03104101337256,0.9589353474702558,1.2695403925683402,0.10948497434873768,0.2872574174773506,0.0,0.08030591854684666,0.5276968367130614,30.19403512960033,47.0,3
56495,2.81870192439919,0.0,90.1066321897097,0.1882012741463376,1.1196203641016944,0.041962598355487504,0.1744815277128284,0.1488761368191702,0.14452506657201397,0.0,23.006140984771797,38.0,2
59626,1.5954046671017168,1.0,44.131848100317136,1.6110273795933783,0.5342481847143612,0.10115040624203152,0.32486877333512926,0.1479168571466924,0.06185421441045832,0.5623496876972396,23.19029765733189,33.0,2
56499,5.270402895934253,1.0,101.4979377111428,1.0770677015296135,1.33675974885698,0.04140471036841923,0.034421563078832186,0.0,0.12107639339864908,0.3601339240615556,31.02340268557969,18.0,1
111540,3.873488880460096,0.0,133.27099059505508,0.7185814057543572,1.1353577070957022,0.05728648091811103,0.054177532011139076,0.03152094615885867,0.12578864764343925,0.1133700089043509,22.794974303352937,44.0,3
13622,2.81870192439919,0.0,114.42054740532767,1.4794525303974508,1.4380918973981762,0.04021220559895827,0.11936872550991845,0.0,0.07207008747600625,0.6763246671744051,25.436256179040353,25.0,2
109481,4.824000686513771,0.0,103.03179558240373,1.8298402910541283,1.366059372813981,0.08360405773041377,0.22760737007515214,0.012287175764861652,0.12654701746975344,0.8187012206330496,23.906531171164183,38.0,2
7012,0.872923795046736,1.0,84.39615595617639,0.7459014238100226,1.2225035455976938,0.09708557810085501,0.018473777957743368,0.12723460622343344,0.13738074596517424,0.47664490956611383,24.809842001998902,46.0,3
39548,3.873488880460096,0.0,108.18876096925034,2.125541180073894,1.0598329809424267,0.10212431892508796,0.07436296423860875,0.0,0.018957971524828393,0.7744609539463155,29.79770627662462,11.0,1
20421,5.270402895934253,1.0,68.92738234231312,0.9589353474702558,0.6646784571795217,0.02844379682282684,0.3046086394461067,0.04637627609682684,0.13918353802812325,0.41963386075746517,24.049648942132052,24.0,2
131959,6.117892928831929,1.0,111.28769617408621,1.2054289960576283,0.5680252931599925,0.0431865287142909,0.33258202144959215,0.0,0.13349331785811236,0.6919283533734552,20.503140343954552,29.0,2
1587,4.359420279727952,0.0,110.6173184015343,0.6567157965186239,1.2742887424067721,0.03570780928036591,0.023445151604939436,0.1463024408802034,0.12892496155362296,0.20475571420411642,25.62136341240988,3.0,1
17843,4.359420279727952,0.0,40.00080439916765,1.3920585419964056,0.10886415102659006,0.04276061748620796,0.36707903837705214,0.14867172392528688,0.07253143383276514,0.09876026245068067,28.555414385337134,27.0,2
75481,4.359420279727952,1.0,74.46504551494083,0.30695447535215065,1.7854251987023164,0.06776810307407538,0.0009985074216367666,0.03152094615885867,0.12883231270653828,0.406878074585287,30.088116251794148,14.0,1
159393,0.0,0.0,110.52961072593898,0.8503073162091651,0.3436461415696114,0.03880600336970576,0.37050428781081524,0.14859745292575602,0.09861591438912895,0.44052059468949495,23.33478636936264,28.0,2
155298,0.0,1.0,115.68767041742429,0.5210121130737896,1.1900592475800453,0.09424935215065408,0.354058506913551,0.0009961907158109078,0.13921996121601246,0.25681268701775833,24.404323532094534,35.0,2
30243,3.3619271977508447,0.0,52.071619726656515,1.2559580752183774,0.7141723179935984,0.07468068007540363,0.23357115209643636,2.8896809545591904e-05,0.11425910032408468,0.2915038241674874,22.457793905300612,36.0,2
117921,3.873488880460096,0.0,144.6361015199025,1.9434457150353295,0.8231553808396798,0.10567800055765059,0.24566192079379473,0.0,0.11371239933650804,0.7436443582672503,23.025312782035375,23.0,2
85552,4.359420279727952,0.0,30.193359031262897,1.0278728688856018,0.3880907013868155,0.11613910404671875,0.3329739778200281,0.12758300963765337,0.0944893301378407,0.5259137815807644,23.904124455669216,7.0,1
68712,1.5954046671017168,1.0,87.14063742069465,0.25287793074602544,0.007037182438171754,0.06322975991368103,0.348285230433806,0.14403015200332228,0.07479010183432175,0.08409898345945786,19.881399516741965,38.0,2
28434,4.824000686513771,1.0,64.7088182896705,0.3593902352338047,0.029640572774768267,0.03880600336970576,0.37470221175114343,0.0,0.06727271957900667,0.07625825463492976,24.954656051094354,13.0,1
121134,4.359420279727952,0.0,83.74697884037573,1.5903688309600632,0.06275643746977358,0.0431865287142909,0.013712425199831665,0.14804845413788578,0.05828948169065652,0.0850780231491007,28.817943817589924,9.0,1
73711,3.3619271977508447,0.0,91.69303542273938,1.6318388174675127,1.2039155262962848,0.08334048687121909,0.20395110310415332,0.0,0.09999929605428569,0.2999035103297946,26.60335599439594,10.0,1
80131,5.270402895934253,1.0,80.60353549769415,0.9904435638128387,0.6200563553337668,0.06534527571603274,0.16201610323787796,0.14775675667561491,0.07782218133052284,0.40870230130966556,30.991384646568854,23.0,2
139707,2.81870192439919,0.0,106.25067398668547,1.2680121847925503,1.2225035455976938,0.06931636345747896,0.16860685887279303,0.0,0.11081886050973534,0.6266333978237972,25.787953831719374,59.0,3
86614,4.824000686513771,1.0,112.01414612429954,1.8002204158456978,0.858853361084863,0.11801697114443707,0.032618562018153184,0.0,0.07479010183432175,0.7487913817984178,21.776005146570252,26.0,2
24619,0.0,1.0,77.20906323032783,1.3984299557000819,1.0751944363573847,0.11119373451883552,0.2445634442629467,0.0,0.14126138831856755,0.49371684008158656,26.31697577045302,69.0,4
107120,1.5954046671017168,0.0,81.4880195820759,1.1274828423974343,0.5476720855465492,0.08636722143496323,0.1857746293957585,0.11963359540952745,0.08384328428839721,0.5196684304319891,26.525460938921103,33.0,2
49921,4.359420279727952,1.0,158.72447312186367,0.870016916351664,1.2553441352295662,0.026576577269376928,0.07538319383013813,0.0,0.08961697180144913,0.2624558909370821,30.520227180925836,53.0,3
29065,3.873488880460096,1.0,78.11521351133948,0.8576718908979484,1.1946699466487898,0.06559314306306437,0.2128951275573229,0.00029167454303844924,0.06515398295072336,0.7393518023357826,24.47015839243957,19.0,1
49478,3.3619271977508447,0.0,120.55317736465068,1.4305314995612604,0.5886403425809775,0.030197061090221734,0.11262682189264288,0.14471891507251883,0.1357832242966237,0.2530467117592156,25.70097616244778,7.0,1
4307,4.824000686513771,0.0,155.69273715977246,1.1246497122921346,1.8134383621135695,0.10747283603763581,0.004962882796202298,0.12539887678696096,0.1173334149753333,0.3435297312064924,26.370129336379406,28.0,2
92443,3.3619271977508447,0.0,106.12613304421323,0.6523964551813372,0.19634489859941956,0.03684347528477961,0.3743172265866471,0.14847606628565815,0.08497450704940865,0.13083490594461286,32.45028523845506,37.0,2
18996,5.701060861471607,1.0,167.83880188541843,0.7390256179332092,0.895173163886735,0.028959096633576646,0.3315961599830793,0.0,0.08030591854684666,0.8499891302300268,19.176099496359104,27.0,2
43245,5.701060861471607,0.0,103.67254210984848,1.6739227970966106,0.668298156335253,0.11452277064016791,0.03207562732122864,0.0,0.09540627374586548,0.48294101076463797,29.31426144754481,41.0,3
53001,2.81870192439919,0.0,73.81506674486057,1.580096699910016,0.630660508976416,0.08822904207283068,0.05919019669413417,0.003939573289650818,0.1176543571357466,0.4892295852117562,27.206636121951753,13.0,1
53812,4.359420279727952,1.0,101.12179563114931,1.354170443691811,1.6351796831827423,0.08800276332840526,0.017527096931831115,0.002965912600349943,0.0944893301378407,0.5614638976786368,25.170747684164326,10.0,1
84927,4.359420279727952,1.0,109.45567261163231,1.789185585833376,1.6245038255176485,0.06657208594270177,0.05927302668643906,0.0,0.050944243954632866,0.8017232752027754,25.965062865006978,28.0,2
123177,3.873488880460096,1.0,167.1679455410015,1.0117429819484791,1.6432088154910538,0.04899224740895944,0.0,0.029983207994882504,0.05484699175740777,0.5026799590533929,25.39252067574073,14.0,1
35813,0.0,1.0,100.4839867866113,1.8823565270014346,0.5159788866289045,0.11170849943950471,0.1642345639618373,0.0,0.07782218133052284,0.039499838777231386,19.373183744083203,8.0,1
124898,0.0,1.0,155.68291204755417,0.34933645313750256,0.6449025530655125,0.025665182038479516,0.3283830537838016,0.0033270314004693958,0.10958238112235452,0.15401045902161728,33.89184116273435,16.0,1
44849,3.3619271977508447,0.0,81.3640588432301,1.1762322066763853,0.6377667747259554,0.11396337029635963,0.13485229153255027,0.0,0.08534643612555834,0.3647362240112409,30.46396770617988,36.0,2
114175,2.81870192439919,0.0,126.81348907085989,1.116173191799425,1.0729939993093416,0.06931636345747896,0.22310681446648367,0.027633553338831628,0.11549563035956101,0.24644882252897388,28.621357502962724,42.0,3
26180,3.3619271977508447,1.0,124.10269618049132,0.9877977162194078,1.2295073977449773,0.02785087616681932,0.09859728595086668,0.0,0.10807879371529658,0.39774701348203345,26.905167104907616,50.0,3
132781,0.872923795046736,1.0,97.9006674857141,1.767234330366132,0.5176307295664182,0.08997598537939895,0.23667272982350548,0.0008859884818452432,0.07610775407689287,0.2840248434483561,23.04708586600101,13.0,1
16942,5.270402895934253,1.0,158.5774944037339,0.6675719032394865,1.6539440066230873,0.05776762020712451,0.020358832082419225,0.005864813330088342,0.10718886451071041,0.5241301357294121,26.78818036893859,41.0,3
4811,0.872923795046736,1.0,102.30701383388933,1.249954663221884,0.971798776571637,0.03345331143459896,0.0,0.0,0.07523239892816581,0.4694400923118106,27.286566407548573,46.0,3
77286,5.270402895934253,1.0,152.99238114683197,1.0605346314265924,0.7842157988769721,0.025282496644454047,0.036660739087824634,0.0,0.12556619701215935,0.4784445662216481,27.020375493800508,13.0,1
104333,1.5954046671017168,1.0,77.10044100210051,1.0037280259604542,0.6007871602881386,0.0614711458158501,0.1786570689416453,0.14276527041772133,0.11220324037571663,0.26433542927204406,23.68641764880413,43.0,3
13013,0.0,1.0,118.1495618257322,1.3762010353347607,1.0818076464946016,0.04954523409962817,0.1014632060448643,0.0,0.13033759494934527,0.6213775183157527,26.63507580170615,53.0,3
88542,5.701060861471607,0.0,92.70966397109194,1.354170443691811,0.6253501522484253,0.11496795798900733,0.3055920446641296,0.0,0.07160547706998972,0.7109433115136713,20.49277947568728,17.0,1
51363,0.872923795046736,1.0,84.54091639388457,1.1878644052004304,1.5663907762113518,0.10520912552351953,0.25280882888740774,0.0,0.12767794942651947,0.666768452000647,20.48100151178508,23.0,2
58161,1.5954046671017168,0.0,115.12874068705247,1.50925136242719,1.395655262877005,0.0340748050535792,0.13980511964077502,0.0,0.03560895000222179,0.6615493185898008,23.624395368826185,46.0,3
102775,0.0,1.0,142.40447714756553,1.0853850452792237,0.9591921604105726,0.10281767652483301,0.04916493445041518,9.146802424903808e-05,0.10237756976806238,0.7074906062297831,32.823733704014074,4.0,1
57312,3.3619271977508447,1.0,118.63492658426864,1.1474217637968984,1.2957571169063415,0.08334048687121909,0.10780091166141967,0.1314233202205582,0.06022968339775826,0.07468830706149959,35.513665144484264,22.0,2
97088,0.0,1.0,81.54729565529632,1.573269725078865,0.49629680953734306,0.028665038788637076,0.2908511417260666,0.0020537276739067568,0.06801418606516205,0.25493008433871256,22.021405631082004,18.0,1
85868,6.117892928831929,1.0,134.86200418898582,1.4926549618789116,1.0532791897548954,0.061916456303725574,0.08757148586722448,0.0,0.11797137715506432,0.602063981300623,25.19876362747437,46.0,3
95361,3.3619271977508447,0.0,149.55910914423077,2.0372453139730755,1.2108708886987363,0.09424935215065408,0.07135967865258865,0.0,0.07948948280021469,0.6353823972414456,22.86915598854243,61.0,4
34198,5.270402895934253,0.0,182.09544742820998,0.20492665776384308,0.11350499871999624,0.038157654766122096,0.35309207935843534,0.13224237480154125,0.06318149722485808,0.07135016416561014,19.58415936865516,4.0,1
34480,3.873488880460096,0.0,166.21447030109334,0.8020177118754851,1.3734305307687875,0.03590947778731781,0.0012177790953145319,3.859943080353547e-06,0.06458850317541653,0.4269085074607398,28.55817454635717,29.0,2
148340,0.0,1.0,109.26447803886143,1.2439669833584739,1.2933635885898236,0.03134499269087866,0.09570049597102921,0.04098372227098399,0.09355379050258464,0.4278171081723786,23.29115745048051,47.0,3
3882,0.0,1.0,118.60938816296486,0.9356488839762348,0.6235837141668364,0.030629476337651843,0.30136114710807355,0.0,0.07782218133052284,0.3287226888922308,24.92383959480096,54.0,3
23655,1.5954046671017168,1.0,39.88157648503043,0.18270909412676356,0.1100219716449971,0.030988040265888892,0.3599669935990206,0.1488819281952906,0.0875253578926078,0.06771437146215367,20.111065844686273,12.0,1
136158,6.117892928831929,0.0,41.55222204888398,0.465727085769001,0.8429110412156785,0.061916456303725574,0.13296876435285718,0.1365855051450979,0.13322350077449127,0.33335476170646205,23.19275412105544,1.0,1
68035,3.3619271977508447,1.0,138.23092201223366,1.6041242390834507,1.2506282976724197,0.03254668444495259,0.06338507249382487,1.4799916322457117e-06,0.12135199042106064,0.5125219727084062,27.2830719865945,42.0,3
115617,4.824000686513771,0.0,84.18699503166599,1.2923101708008011,1.0186256893922574,0.10076992777346946,0.15637341109399755,1.0999953774752678e-06,0.06771854797781018,0.329649459445562,30.038454505164488,8.0,1
112689,6.117892928831929,1.0,79.77172312711072,1.2953652640842788,1.0100410881731547,0.06697413709052649,0.06166502125087374,0.0,0.07739805058592603,0.49461383429655437,28.73382293736324,5.0,1
65208,6.117892928831929,1.0,107.4897610370011,1.8484962499838813,1.2695403925683402,0.06450986144918483,0.013712425199831665,0.0009961907158109078,0.090631273449164,0.601184514321482,25.02170280305934,62.0,4
52505,5.270402895934253,1.0,111.06601990815862,0.9177400165281233,0.9591921604105726,0.039448600807730404,0.10500286109376333,0.13241887367228128,0.09630503739313614,0.34168132433451065,25.195894672559948,17.0,1
136590,0.0,0.0,130.94733458806945,0.23657173826506164,0.10080396775144336,0.036177528458350545,0.3717056213181921,0.1447665332466122,0.09355379050258464,0.10266119714760535,25.11369381459603,46.0,3
56331,0.0,1.0,93.38124721801212,1.2083700310814445,1.2295073977449773,0.10831097267156785,0.13857634901143603,0.0,0.13099723383694759,0.48024360588362286,26.01429257177444,57.0,3
69175,4.824000686513771,1.0,143.21519693163734,0.33444897803941626,1.7218096897646715,0.05680116751690537,0.0009985074216367666,0.14228283475384637,0.1125876738958727,0.33335476170646205,28.466112642462583,39.0,2
101762,6.117892928831929,0.0,132.82883970681524,1.705891647744118,1.2435697576993787,0.03414355059055638,0.1410276701496655,0.0,0.11061603839739241,0.6380044771041449,27.022850819475753,49.0,3
56537,5.701060861471607,1.0,133.71293147245225,0.8849480810453934,0.19253140681836964,0.080004802065222,0.37183808953849257,0.1317009255800632,0.06918422264604328,0.24550549161982108,33.24630531853958,2.0,1
82436,5.701060861471607,0.0,62.80031364638641,2.150009981833069,0.5544274649064301,0.11423429868061653,0.09203541848258019,0.08448632097646082,0.07824336696718033,0.3564489745952911,27.671162287195795,38.0,2
14535,4.359420279727952,1.0,108.71129439363598,2.283354178785016,0.8448971249366763,0.06816008079340606,0.25280882888740774,0.001491441414683452,0.08422295110813957,0.7402105591570741,22.90487470836296,49.0,3
64641,6.117892928831929,0.0,124.58466603183578,0.8849480810453934,1.2178444213202304,0.11250755524274503,0.10074959601613999,0.0,0.09833371298734968,0.44052059468949495,24.40013505221379,30.0,2
124033,5.270402895934253,0.0,67.83339770662842,0.7901631590571356,0.3248693292889913,0.030629476337651843,0.32858651853078835,0.14790716125883133,0.10413295990069908,0.2980382035009999,22.009583421610905,25.0,2
2185,5.701060861471607,1.0,94.38469429390068,1.071541642188199,0.8231553808396798,0.05776762020712451,0.30945321700189027,0.0,0.09718602680360759,0.2858957051591956,27.800171455219445,72.0,4
26321,2.81870192439919,0.0,102.96925329021286,1.0853850452792237,1.0995302396656046,0.10928782236190884,0.12593704731803265,0.0,0.1220266290353647,0.2615158354360752,22.868280773039892,1.0,1
50383,0.0,1.0,117.4235365593984,0.9511404885049599,1.042395729804522,0.09141646816813875,0.13359821373595446,0.0,0.0692325431781873,0.4423328122524797,25.151739476165123,49.0,3
74587,0.872923795046736,1.0,67.98825394080086,1.2953652640842788,0.34948211203382207,0.03841768798409405,0.17553296004468336,0.1485053757043052,0.11497228316209064,0.43144989461358074,29.18318369495597,30.0,2
8091,3.3619271977508447,1.0,89.30927873633188,1.2350149125555943,0.43254475308730655,0.11276851657666974,0.04144278516704695,0.0,0.053725243727408965,0.51341580185349,32.19581728579168,57.0,3
95715,0.0,0.0,86.73483384417369,1.499281057085816,0.8055384298711078,0.10247485139026782,0.2655899324840549,0.0,0.12079744792434513,0.5729680510664715,26.042223674854956,43.0,3
78523,4.359420279727952,1.0,110.772072405062,0.925393585596664,1.3391900932368495,0.03482762600454365,0.0019940376062208094,0.0,0.06050287974072933,0.5071558543350404,24.8865226437946,53.0,3
12893,2.81870192439919,0.0,97.92691597301382,1.0387004217770066,0.5527359021169996,0.04014888271887748,0.10429869371523375,0.0,0.09861591438912895,0.2530467117592156,26.724568725537775,25.0,2
6990,5.270402895934253,0.0,113.04341840382787,0.8675408250285294,0.9156208630438081,0.05581785744347516,0.16312805578940295,1.2899364294011674e-05,0.07160547706998972,0.553485336862008,21.594292789571742,46.0,3
132516,5.270402895934253,0.0,103.75064316474702,1.0660306262012467,0.9675887642154379,0.04730387785758131,0.22516613192824542,0.12602863839372966,0.08422295110813957,0.37759984787925627,27.264818387286,33.0,2
100648,4.824000686513771,0.0,154.090064702989,1.3762010353347607,0.7880755588262914,0.10176588683583664,0.28528427046142996,9.389663168695461e-06,0.08422295110813957,0.6763246671744051,20.80381012192866,31.0,2
12320,5.270402895934253,0.0,115.57489008244795,1.5766811031181405,0.9383370423726153,0.04926934653047175,0.018379234815624666,6.2984840135894e-05,0.07298954199416931,0.2858957051591956,26.764715061207564,37.0,2
58815,6.117892928831929,1.0,161.73326824719348,1.237995013338512,1.7108616820708253,0.03345331143459896,0.002986602388962986,0.1476185191077602,0.1031396955853106,0.1818493657511305,26.50130959044663,24.0,2
84958,3.3619271977508447,0.0,89.83564537367218,1.6423020601527738,1.0294007007666441,0.0340748050535792,0.011401949328277764,0.0019454065441986944,0.11651353817190897,0.14533430943290376,26.364962986379467,36.0,2
12594,5.701060861471607,0.0,120.01793803890848,0.7459014238100226,0.25398812315516606,0.05328367386024081,0.3341417403785182,0.020262220644609228,0.07389614600927014,0.0899697358108271,26.80691635025009,39.0,2
119512,3.873488880460096,0.0,82.30656553813786,1.433764130961678,0.7900082832763979,0.0393845982534776,0.22434514853910228,2.019984411834724e-06,0.07389614600927014,0.07400126537890077,22.020956764300596,7.0,1
106597,4.824000686513771,0.0,139.71390083218063,1.313779393613908,0.4640655093621761,0.06616661355998277,0.2652662918471982,0.0,0.09747580878089683,0.26433542927204406,24.170419366461168,3.0,1
134885,1.5954046671017168,1.0,122.96011684103433,0.7948945864056484,1.3832875724289047,0.11228194452486069,0.06976627626521868,0.0,0.13605106825188348,0.4658339547302879,27.808987505475784,17.0,1
92023,0.0,1.0,160.3693066119446,0.7620643196394106,0.7253558029455678,0.05581785744347516,0.35309207935843534,0.010827644917144066,0.07253143383276514,0.3693342235535494,25.706098024495848,2.0,1
132917,0.0,1.0,61.27655305531703,1.6075736872862627,0.3656734882374335,0.06366010318565381,0.26331043601343235,0.14748398906460924,0.08823206529773955,0.4838398383414279,24.867505343503648,42.0,3
70792,0.872923795046736,0.0,116.12326504611084,1.0577922600757719,0.09418447770684403,0.029105727562491277,0.3753400103877654,0.14873649112615123,0.05918251295515509,0.03930183426633083,24.477264730048002,5.0,1
78650,3.873488880460096,1.0,123.4173301698061,0.9330796361672831,1.3440569354023117,0.07851550707857491,0.11398938173084487,0.0,0.1291997447414657,0.4990965284816648,20.930543396280978,20.0,1
104055,0.872923795046736,0.0,120.11991467848256,1.2231336726202555,0.8310347149247238,0.03880600336970576,0.1458565046907266,0.06766234264150146,0.08422295110813957,0.6650292642763783,29.579508801264208,33.0,2
41729,5.270402895934253,0.0,107.76943875077619,1.563060875323366,0.5680252931599925,0.09800143618007766,0.27890300212052405,0.0,0.07207008747600625,0.2915038241674874,22.848144585279147,29.0,2
24121,6.117892928831929,1.0,75.28864909262403,1.6633439737814455,1.262433119818314,0.0348956968896556,0.029894438511510166,0.1484980924115994,0.14385442083376146,0.6345081025096693,25.97108620316692,32.0,2
106231,0.0,0.0,96.87618920166302,1.3857033743699478,0.9074185780413175,0.11436458132819939,0.19071575807816873,1.409992405060968e-06,0.07207008747600625,0.6658989234852036,35.06433137149564,58.0,3
67830,3.873488880460096,1.0,115.22106771978477,0.6917471891808397,1.7218096897646715,0.04954523409962817,0.0,0.009628717289747853,0.09833371298734968,0.39043018103571125,24.968954929947817,43.0,3
13003,4.824000686513771,1.0,114.19461495193414,1.8559896484373444,0.6956828410527327,0.07366089915094279,0.12723040671399632,5.059022018253251e-05,0.07066635954166857,0.6815305328788934,26.370394258854617,28.0,2
27119,4.824000686513771,0.0,163.1590188841066,1.4112216109464688,1.139872073704656,0.04071676728200563,0.013712425199831665,0.12615240624428958,0.10763668424531088,0.5579193060105864,27.02584705979617,34.0,2
10054,5.701060861471607,1.0,125.44140649632533,1.2892590495900826,1.2108708886987363,0.03296644366899756,0.17342500988932696,0.0,0.1363631935094853,0.5366032848165226,26.7581580042403,63.0,4
96534,2.81870192439919,0.0,121.2306595399302,1.1966292274711101,1.7910106182138636,0.040085503505564654,0.17022461334284544,5.769872814570845e-06,0.12079744792434513,0.7161185947953245,22.461632858940966,27.0,2
37052,0.0,0.0,64.44701679056728,1.4728761491942823,0.7272262776524988,0.0461533086282955,0.3177359858549214,0.1468138836082364,0.104861145959801,0.39043018103571125,25.15953538644807,58.0,3
51709,0.872923795046736,0.0,119.31906394516268,1.1878644052004304,1.5559343178098457,0.06492934472932263,0.2272027431707757,0.12815048037227736,0.09510266620308695,0.5481598184332552,21.407889462395428,24.0,2
69773,1.5954046671017168,1.0,112.1428788955161,0.18270909412676356,0.03351496846004958,0.03496370680718108,0.3649594956866977,0.14572896076857694,0.06515398295072336,0.07439387476968277,28.001697958846155,43.0,3
63477,5.701060861471607,1.0,131.29474693839828,0.9693795334875999,0.06199217950791164,0.03226558454660768,0.35113068640320727,0.1472187256702987,0.07389614600927014,0.14726385588242943,25.693831355417576,45.0,3
112312,6.117892928831929,0.0,92.76785999654201,1.2142637860645362,1.2155178905375075,0.09039569818937865,0.21934173687650124,0.0,0.13957420669876158,0.23795182913777405,24.01240628275704,44.0,3
16030,5.270402895934253,1.0,89.35182981732807,0.8552135014387723,0.22870190427755221,0.04730387785758131,0.3496341766766264,0.14865846021898388,0.07298954199416931,0.1491925360676931,23.49529335423653,27.0,2
6919,5.270402895934253,1.0,144.16434556501196,1.1021217240069057,0.9591921604105726,0.023890353676344383,0.0019940376062208094,0.14057261223976814,0.07697095147323091,0.2718459746407351,26.67886217725929,11.0,1
1284,6.117892928831929,0.0,96.5290928420885,1.0632807525460788,0.6077684628587345,0.03134499269087866,0.2995792592214203,0.008698409363821236,0.08534643612555834,0.30363192158696917,25.966401466613735,73.0,4
124642,4.359420279727952,1.0,80.15537375434968,2.2369738869011435,0.7479254660277699,0.09460267036318325,0.22598348239194627,0.08601671280632918,0.09999929605428569,0.5330424673029763,25.51856327915557,19.0,1
8078,0.872923795046736,0.0,78.26157595955083,1.563060875323366,0.7612162633794276,0.03932053869617266,0.13980511964077502,0.0,0.06601921626141559,0.4359872512326654,23.903841301906855,7.0,1
68484,5.701060861471607,0.0,115.09796265620392,0.7528078866341287,1.6890680687112196,0.0454531762951517,0.0002878760824043758,6.348459857048626e-05,0.05817712529200672,0.6927940050087114,19.366989025991803,19.0,1
144630,0.872923795046736,1.0,124.99539800784741,1.3952422166886544,1.173985195547883,0.04843439090520536,0.16914742208479003,0.0,0.13610378426591627,0.6143620734538914,21.71353392928515,49.0,3
5035,5.701060861471607,0.0,104.77039462038383,2.0135500188167925,0.7479254660277699,0.056507959226749484,0.3373856175871146,0.0416750504807666,0.09195206939260495,0.8076708475842831,25.963456481201707,33.0,2
80692,0.0,1.0,74.31218219530008,1.4048176378816764,1.0100410881731547,0.10127534682474977,0.2703660577561017,0.07252479276527941,0.09386772939038489,0.43689424042349,25.217201624342728,33.0,2
99242,4.824000686513771,1.0,93.57149173752782,1.9978443082733723,0.6077684628587345,0.11641982118849023,0.00889984395203902,2.9496675700447685e-05,0.07298954199416931,0.3453774353206826,19.442377242381248,33.0,2
65309,0.872923795046736,1.0,135.7391714749739,1.1360051413715428,1.257705099064472,0.10852846367617025,0.07842206986670712,0.0,0.0682595902191365,0.3398322134003418,27.89385629516233,17.0,1
23704,1.5954046671017168,1.0,117.5514043876601,1.2862118976616896,1.0973079588623809,0.03254668444495259,0.015816048561053418,0.14796473604214241,0.07434469244013149,0.039103819918679915,29.1847906581796,7.0,1
27569,4.359420279727952,1.0,114.9440548343477,1.0523187556135853,1.2861952396200695,0.08684389572442322,0.10003407720918936,0.0,0.10937167434329613,0.7281767403020308,24.242714191262703,17.0,1
13973,0.0,1.0,144.96371793525955,1.6144853188230401,1.03805616547117,0.041342447356368994,0.22557525993315777,0.0009961907158109078,0.10604378231919075,0.43417279113429047,25.794946467793654,50.0,3
44884,5.701060861471607,1.0,137.30102718674928,0.755116866294833,0.22345519235096362,0.02770197444137078,0.3627897932232881,0.036000550337622,0.07567160824092482,0.3407568569568942,27.557556272418452,34.0,2
914,3.3619271977508447,0.0,127.31925501723946,1.4112216109464688,1.0751944363573847,0.05581785744347516,0.21376733495324746,0.0,0.13107761505746676,0.551710741535826,25.97014930177818,81.0,5
73098,0.0,1.0,185.3575507083865,0.6741252782109894,0.817265915439901,0.04379041442699696,0.25729539104543686,0.005864813330088342,0.07207008747600625,0.41417103144871215,33.911358243345305,59.0,3
2645,2.81870192439919,0.0,119.47725449882877,0.7436060858271775,1.0402249611304715,0.05776762020712451,0.008880373055813805,0.0,0.12079744792434513,0.3008358881800992,24.591610263198177,57.0,3
110370,2.234779091684268,1.0,79.23092375226855,1.8298402910541283,0.7919429048882065,0.03880600336970576,0.3379483210404142,0.018555850659359212,0.10958238112235452,0.7804349562007139,26.490878971683646,15.0,1
95236,4.359420279727952,1.0,136.45533983486422,1.6668659552267933,1.1017545099034765,0.09370898039945591,0.1580808751609178,0.0009961907158109078,0.06677399494927812,0.6301346135010327,21.437305572636077,6.0,1
98758,3.873488880460096,1.0,131.8634135616563,1.2831687122254798,1.1534632002710248,0.037765861341979366,0.1636819881963965,6.778244230137742e-05,0.07344443758622808,0.8330961411733153,22.767479998613975,29.0,2
23938,3.3619271977508447,0.0,104.18785407233077,1.3698863849283012,0.7422576704438388,0.05192170316936697,0.17395390653627266,3.529952396681762e-06,0.08497450704940865,0.7152563614657733,26.827083599239042,1.0,1
74009,0.872923795046736,0.0,139.24478558252522,1.7023222984191564,1.1716969445284566,0.04165321059911105,0.0014667766995929493,0.1475855259215049,0.12464975206108977,0.7161185947953245,26.63257600333022,14.0,1
27839,6.117892928831929,1.0,108.08007014394103,1.6598262815654952,1.33675974885698,0.024666575841302687,0.24122535807105008,0.0,0.09417957066797655,0.7393518023357826,25.972424593899134,24.0,2
154588,4.824000686513771,0.0,153.15981375316798,0.5871171410342558,0.22476437703283975,0.037503497957860635,0.356590267128926,0.0,0.10937167434329613,0.45771100209068194,26.040219728246356,13.0,1
124489,0.872923795046736,1.0,158.44519685011525,1.4144297135629609,0.5714429205166435,0.030629476337651843,0.1133089973400213,0.06915675674899666,0.08995736455673303,0.425999744827912,23.859925033474887,7.0,1
18787,5.701060861471607,0.0,91.12047543562257,0.9433783587917097,0.49792712282742835,0.07600145917456508,0.2905779107542213,2.1899816777760407e-06,0.12883231270653828,0.11531412862393906,21.4065170655024,12.0,1
48078,4.824000686513771,1.0,179.01755214459988,0.9356488839762348,1.6512570269796654,0.11436458132819939,0.01332848119837032,4.0693672518029836e-05,0.05749956415118494,0.47124222729765775,24.8848693563508,22.0,2
133600,5.701060861471607,0.0,104.46357843609374,1.357305564867754,1.2412209663588705,0.030629476337651843,0.07452016071660737,0.0,0.09259922813974525,0.745360522114038,24.207216724962066,21.0,2
118289,5.701060861471607,0.0,113.17712515211939,1.274062926972884,1.0532791897548954,0.041962598355487504,0.03861793216455963,0.07157913323006877,0.10186112363500793,0.46853879156411365,24.053314671222175,35.0,2
103158,5.701060861471607,0.0,125.83147775887277,2.2202499098244823,1.3981349919391537,0.05531977924046881,0.12069608348726522,0.0,0.12737664277608474,0.8752442881447556,26.635865178560014,1.0,1
4112,4.359420279727952,1.0,114.31272397447682,0.702869376209742,1.7548589521511095,0.07154319726812285,0.0,0.02359941253875624,0.11874712021012017,0.5561461496395317,27.798893608572865,50.0,3
55326,4.359420279727952,1.0,168.25667717357453,0.6939649337958178,0.5921017208742838,0.030629476337651843,0.3163930134310159,0.1420288348072413,0.0994514137349725,0.08605683009437633,24.307305142068397,6.0,1
21405,2.81870192439919,0.0,123.11762886115969,0.702869376209742,0.5426245627788366,0.026953409443536608,0.3134325087343338,0.0,0.10160035464617702,0.3361318741060772,23.97653744614377,12.0,1
77858,6.117892928831929,0.0,116.19498760580431,1.8823565270014346,0.8931390217637617,0.10558557925566092,0.17183062586123532,0.0,0.12622580018510962,0.7410691930752554,28.562941668036437,10.0,1
155663,0.872923795046736,1.0,84.28890318432272,1.6318388174675127,1.0664045786492466,0.0916158468366306,0.1252878557882259,0.001984806558653298,0.08644706391858864,0.46763733513873956,24.048097943058067,21.0,2
96027,5.701060861471607,0.0,114.92353156493377,1.0010637611083457,0.736606806235421,0.04379041442699696,0.24009823882222112,0.0,0.06776790858233991,0.33798239709523725,20.835813509481873,31.0,2
56323,5.270402895934253,1.0,102.59910018866255,2.085130386455116,1.0729939993093416,0.09708557810085501,0.1827532997044595,0.0,0.0909648244230264,0.6441179843263861,24.189946342569563,45.0,3
36921,6.117892928831929,1.0,123.36654067594056,2.005688063444212,1.3808202212133387,0.06657208594270177,0.2128951275573229,0.002965912600349943,0.05484699175740777,0.7513632447261314,25.149550856031613,38.0,2
47032,3.3619271977508447,1.0,135.87944278008658,1.0117429819484791,1.0642120665634267,0.05918638842682127,0.21934173687650124,0.0,0.09804963764136568,0.6213775183157527,29.04103693773137,24.0,2
89423,3.3619271977508447,0.0,103.39130863730385,1.2439669833584739,0.7880755588262914,0.048097319744238816,0.3018659450426701,6.32846954258729e-05,0.07782218133052284,0.46763733513873956,30.757796077458902,16.0,1
90930,5.270402895934253,0.0,162.50495889313075,0.8211656767816108,0.4995592265814947,0.025435779189136993,0.28270721539288424,0.1479741930231024,0.07389614600927014,0.41325998704410216,21.887219853245966,36.0,2
54155,6.117892928831929,0.0,110.60700036769636,1.3604447167824396,0.8133491362738893,0.03880600336970576,0.07780136378093551,0.0,0.06254737241429921,0.2943053803806194,26.357013411312092,27.0,2
85572,1.5954046671017168,1.0,81.53113006244696,0.9984031852273931,1.4055865716025768,0.1057697557925517,0.1410276701496655,0.0,0.12242178962049771,0.4423328122524797,22.74420937494634,28.0,2
76863,4.359420279727952,1.0,97.12851140487744,1.1878644052004304,0.8369642726908375,0.07154319726812285,0.011788166338059581,0.09984993767610811,0.08229821707572699,0.1732287102697829,23.57684186483367,34.0,2
30161,2.234779091684268,1.0,142.1108635061056,1.0965276954317247,0.8708906902532544,0.02770197444137078,0.1597757214669062,0.0009961907158109078,0.07523239892816581,0.5241301357294121,28.81532537444219,48.0,3
120634,5.270402895934253,1.0,139.75880427310986,0.6939649337958178,0.6828512271475592,0.04843439090520536,0.3521161806147746,0.003939573289650818,0.10363955969640551,0.31386999284176065,23.557973901739416,2.0,1
9711,6.117892928831929,0.0,121.57683199823728,0.4308966917757894,0.5714429205166435,0.050636785623080244,0.21463560404457743,0.016823724306544618,0.08823206529773955,0.19617970441626129,22.56173285769578,79.0,4
65391,6.117892928831929,0.0,71.32225547237586,0.18958077544120372,1.8558623489315549,0.08115311709967152,0.0,0.14750688964916195,0.13107761505746676,0.14243836135642088,29.30896194911478,12.0,1
60998,1.5954046671017168,1.0,110.32836137755567,0.5606640996118144,1.699947820491657,0.061916456303725574,0.0949714230421777,1.0499578828903642e-05,0.13439240208889255,0.6318844125769992,20.088798632356003,35.0,2
141896,0.872923795046736,0.0,75.70813844233544,0.6099237123615296,1.8331757667638617,0.07727921957627658,0.00366974927061702,9.629645730781441e-06,0.09660065570186806,0.2615158354360752,31.95506206023564,1.0,1
130338,4.359420279727952,1.0,119.44663931243542,0.8187599816799841,1.448164004953569,0.0300524019955432,0.00025290436667611474,0.00264297383628583,0.12727503714890795,0.37025330913284016,27.285401634441623,33.0,2
72410,5.270402895934253,0.0,104.79639008605982,2.0771036036296118,0.9929661400695023,0.0858828442467042,0.05610906767579077,0.0003385614001232948,0.07298954199416931,0.6502249683384824,25.971889243228038,23.0,2
156152,3.873488880460096,0.0,118.57874101879848,1.0660306262012467,0.34802053343545675,0.03880600336970576,0.3698297147628703,0.11709011191129547,0.07610775407689287,0.5756194484892455,25.030624023138873,37.0,2
131128,4.359420279727952,1.0,138.77544376870256,0.9825170437964712,1.0751944363573847,0.025893961398768567,0.005268154733943106,0.0,0.07344443758622808,0.3684149667388865,27.544956537156974,60.0,3
48699,6.117892928831929,1.0,131.43568830042085,0.4731990747180825,1.5299401608787968,0.06776810307407538,0.0,0.05970014375000635,0.09861591438912895,0.4568076672489063,25.879026288110992,30.0,2
151039,2.81870192439919,0.0,114.38460787713399,1.6951965578252368,0.6993657939488159,0.08684389572442322,0.11398938173084487,0.0,0.06697391089549902,0.7066271145340868,28.554410645234196,34.0,2
24646,5.701060861471607,0.0,177.30700923659367,0.9984031852273931,0.27300728550149644,0.11442847005276537,0.31157539028061215,0.0,0.08995736455673303,0.3231583147981585,22.34656780770077,29.0,2
6939,6.117892928831929,0.0,106.85751292871389,1.4926549618789116,1.3029499461191854,0.04379041442699696,0.0341517760422906,0.13805093376783517,0.06971386977315287,0.4159926286676566,26.143487015306913,13.0,1
22694,4.824000686513771,0.0,77.51308988628229,1.4499888131526906,0.6007871602881386,0.059651224241981105,0.0011978512579419128,1.5699905834881667e-06,0.10763668424531088,0.35276125013630455,28.56168721502799,39.0,2
127213,6.117892928831929,1.0,86.2539265120809,0.9177400165281233,1.2648001779253042,0.0689341804959577,0.18677221769714705,0.0219432665386193,0.11889944029238214,0.23795182913777405,25.152286611026934,38.0,2
63707,4.824000686513771,0.0,98.74012248414,1.5192591302375724,1.1969783179741296,0.03296644366899756,0.07849956231556307,0.0,0.05901585450163812,0.4847385124396228,26.498669191448446,36.0,2
115661,0.872923795046736,0.0,107.7590821685003,1.2231336726202555,1.2766659695073987,0.03345331143459896,0.16533566327191976,0.0,0.07253143383276514,0.7881072528363212,26.195282960578954,46.0,3
151458,5.270402895934253,0.0,104.8431796024192,1.8785764755549763,0.971798776571637,0.0461533086282955,0.30945321700189027,0.13197391490275998,0.06855292732719263,0.5623496876972396,22.755334439402912,29.0,2
45727,5.270402895934253,0.0,119.98224328611133,1.670392228724202,1.1443944415571772,0.05680116751690537,0.1636819881963965,0.14351928423463087,0.0626534392312979,0.461322770147165,27.53981265889547,31.0,2
86511,4.359420279727952,1.0,125.8669301922819,1.4532460742582065,0.8310347149247238,0.0756753591574628,0.2838582084562178,0.04425673333536334,0.08534643612555834,0.33335476170646205,28.81208326712566,2.0,1
22131,4.359420279727952,1.0,156.78768115696317,0.8454152376174606,1.395655262877005,0.10838398143894828,0.314807612848614,0.0,0.09660065570186806,0.4214534979133966,21.3031126149593,44.0,3
10662,2.81870192439919,0.0,110.44705323410112,0.6785107863592905,1.5299401608787968,0.06408679225719048,0.006927442155667886,0.0,0.13252230774360968,0.4041404961216831,25.243545268606173,40.0,2
9949,5.270402895934253,1.0,96.89196208612805,1.5972380637191486,1.319804715011444,0.08800276332840526,0.06816401280319169,0.0,0.11277808358501228,0.6213775183157527,26.14108859992241,30.0,2
28371,3.3619271977508447,0.0,87.15131281871729,0.702869376209742,1.6972246861723046,0.04804096838564263,0.0002718894662135359,0.00396866874852252,0.07782218133052284,0.5605779646133879,30.280660421716753,39.0,2
8264,3.873488880460096,0.0,157.53338222916307,1.2350149125555943,0.7272262776524988,0.07261531317345733,0.1416366259819575,0.029983207994882504,0.10107366171887236,0.6301346135010327,30.348466648287477,60.0,3
106824,3.873488880460096,0.0,127.48609461761701,1.8298402910541283,0.7328489612337938,0.11364120324581317,0.10780091166141967,0.0,0.07019179955184995,0.643245026323755,22.492476122331734,52.0,3
92980,5.270402895934253,0.0,96.79206095675387,0.977251050003743,1.0250847906186369,0.09495055493920068,0.2878162330360538,0.0,0.12356559458620506,0.509839587862524,33.30809650724278,3.0,1
73793,0.872923795046736,1.0,117.67413878389972,1.688088075804631,1.0840160182295047,0.10567800055765059,0.3166178575193311,0.0,0.07066635954166857,0.667637849918361,21.258715226268148,11.0,1
19492,4.359420279727952,0.0,102.28614596734958,1.1303197887629002,1.1353577070957022,0.05009339799691467,0.06248535294461734,0.11963359540952745,0.10339044157515012,0.28496036755879967,23.35219377188675,45.0,3
12726,4.359420279727952,0.0,107.35506430651648,1.354170443691811,1.4180472143719791,0.0851415328131488,0.11262682189264288,0.0,0.07479010183432175,0.4838398383414279,21.866179928127515,44.0,3
42076,5.270402895934253,1.0,111.21552944398415,1.5528898930012174,0.986595383828515,0.10549248652952234,0.030532185089493704,0.0,0.1173334149753333,0.5080505822351178,27.2806127668297,19.0,1
54075,1.5954046671017168,1.0,156.0120049444966,1.2953652640842788,1.0773968561658953,0.02111727110233685,0.18426934876289744,0.0,0.13185708096937068,0.6187477473978619,23.26550154280373,43.0,3
135661,2.81870192439919,1.0,52.62250954304042,1.4959659338530724,0.3895991011099556,0.10881139747315668,0.24711566424780276,0.14659064762779658,0.07610775407689287,0.5285881430572061,27.291613366296712,27.0,2
56235,1.5954046671017168,1.0,93.58734295447178,1.8224088628135273,1.3173907569336416,0.10656644096509568,0.237821988557352,0.0,0.055431191649043365,0.8735637266114633,25.55876988478236,55.0,3
158113,6.117892928831929,0.0,115.11848147422313,1.338555201025666,0.9802422468499067,0.1063065939423024,0.005946621798604477,0.0,0.1125876738958727,0.48114289466383386,29.69179892644892,44.0,3
69921,3.873488880460096,0.0,110.13222177074657,1.3667351240154904,1.2062319625131506,0.09460267036318325,0.10003407720918936,0.0,0.07989911657905567,0.7187045430626944,31.930429854885976,20.0,1
32873,0.0,1.0,73.8587882553311,0.25888837167348283,0.08604126546187375,0.032054095044992494,0.37302130041070103,0.14798361083700573,0.07113757653068406,0.23795182913777405,20.851958073258334,9.0,1
126583,0.872923795046736,1.0,135.09265285047312,1.670392228724202,0.4093672276915117,0.04103030185396514,0.007915119902789224,0.00012494032990963426,0.09889625578485943,0.14147261013649215,25.156389865356452,21.0,2
25242,5.270402895934253,1.0,104.93155166037758,1.94730195698168,0.7574094640680615,0.11150678063934065,0.1658841956233759,0.0,0.09861591438912895,0.6038225012683465,29.79429393512957,28.0,2
4705,4.359420279727952,0.0,130.06058231498065,1.5159190404539722,0.6200563553337668,0.05728648091811103,0.228815907594239,0.0009961907158109078,0.06727271957900667,0.35276125013630455,22.560996836988714,38.0,2
16811,1.5954046671017168,1.0,126.25681272505447,0.9984031852273931,0.8251223509347365,0.03482762600454365,0.3567463464301085,0.1485053757043052,0.09540627374586548,0.5614638976786368,30.678547568746907,21.0,2
85163,1.5954046671017168,1.0,148.99569114125612,1.1675486338704655,1.656633108457273,0.039448600807730404,0.20981104117612712,0.0,0.13977831560485432,0.7582161929317754,31.974804876642686,51.0,3
50498,0.872923795046736,1.0,137.26101150794767,2.021430197171811,1.2482734227611447,0.09785169032817521,0.1857746293957585,0.0,0.08571582562284803,0.6169938866974617,25.976038014897217,26.0,2
33621,4.359420279727952,1.0,152.09074748219325,1.0909488099104507,1.3808202212133387,0.037503497957860635,0.045631865334373974,0.009628717289747853,0.10718886451071041,0.7135315184130544,26.093889334146457,24.0,2
30655,4.359420279727952,1.0,129.32432368001182,1.4532460742582065,1.0036232661278224,0.09563039090246964,0.06493263849957365,0.0,0.07610775407689287,0.43054194018397496,29.836320213005063,37.0,2
14135,3.873488880460096,1.0,116.68662911198332,0.9177400165281233,0.986595383828515,0.032756846992377936,0.011788166338059581,0.14790716125883133,0.08534643612555834,0.3157291000839103,28.351158262368504,25.0,2
147826,4.359420279727952,1.0,137.39605772888123,0.9511404885049599,0.9094662464472685,0.026953409443536608,0.09715277734440843,0.04637627609682684,0.055431191649043365,0.2690309433417808,27.4806109088042,45.0,3
158632,1.5954046671017168,1.0,147.60065679574265,1.580096699910016,0.7938794242950211,0.0311310141664868,0.13795961794494901,0.13625593905587383,0.08150955334797905,0.6685071173338719,26.10469428173414,25.0,2
53182,4.359420279727952,1.0,97.3492165769674,1.2831687122254798,1.0036232661278224,0.11129950713727828,0.16033788778722907,0.0,0.07610775407689287,0.5214535572646147,25.06121430829288,11.0,1
72459,4.359420279727952,1.0,76.3721081212178,1.7635911034941345,0.49629680953734306,0.10915407460466377,0.3099278600381149,0.0,0.07434469244013149,0.8356329859662347,28.557798171494362,8.0,1
44922,0.0,1.0,98.55657907015762,1.0144220302914997,1.6701104704372907,0.09563039090246964,0.10429869371523375,0.0,0.13511032793040229,0.6275089041868975,28.475290266559494,43.0,3
30539,4.824000686513771,0.0,106.4633831893349,0.8774664929240397,1.2108708886987363,0.03543807420676252,0.17236337369497504,0.0001569058769573269,0.07523239892816581,0.3674955385332786,33.299515983913,2.0,1
4171,0.0,1.0,117.52583241460484,1.1417057923154803,0.8890765263984753,0.023890353676344383,0.22393328775948465,0.0,0.07567160824092482,0.4838398383414279,22.291260156749207,67.0,4
4722,0.0,1.0,147.55115287957682,0.7528078866341287,0.28402374109287,0.03414355059055638,0.34465806356477197,0.0,0.0878799146864748,0.2999035103297946,27.300541043666893,41.0,3
73863,5.701060861471607,0.0,103.6985767286198,1.5259518253987494,0.9279824033589994,0.08199009495769913,0.025948304091180735,0.0,0.07948948280021469,0.3490707404716398,21.49970613553597,24.0,2
31776,3.873488880460096,0.0,56.802688566256094,1.50925136242719,1.5481140364786548,0.060112080397729396,0.07764597405794815,0.0009961907158109078,0.10510074374136276,0.6832647885223685,26.365757854254934,47.0,3
17285,3.3619271977508447,1.0,155.7123871174699,1.0495876169697003,0.9362622300425101,0.02581777077266814,0.23934276540465588,0.14826535491985524,0.1252275809854624,0.5454951065995263,28.806720773161867,22.0,2
149863,0.872923795046736,1.0,84.18699503166599,2.045180298001813,0.7842157988769721,0.10935399873970236,0.09642761173667264,0.0,0.090631273449164,0.3027000936330375,20.720851965356836,50.0,3
116211,3.873488880460096,0.0,124.47814834049852,1.0798363793789911,0.7384885474384946,0.025893961398768567,0.13296876435285718,0.0,0.0603937192379254,0.3231583147981585,27.28436625212924,9.0,1
79925,0.0,1.0,29.473041074817573,1.5562760176399235,0.4341039988334495,0.05776762020712451,0.3398033608963911,0.1412524173700177,0.07567160824092482,0.3674955385332786,24.150600523176173,9.0,1
141373,5.701060861471607,0.0,164.30028308728333,1.0197912380668752,0.850866867530047,0.044982288551343556,0.20211257541611768,0.0,0.0652563208801996,0.6152394809651552,31.508021905669757,28.0,2
11784,0.872923795046736,1.0,142.65820887255404,0.5953653373173764,1.6539440066230873,0.07727921957627658,0.02129722678586382,0.03152094615885867,0.06318149722485808,0.2896351940766277,27.343340392559046,12.0,1
69915,2.81870192439919,0.0,39.810015711807544,1.4499888131526906,0.46885477553086813,0.09424935215065408,0.29382210221966804,0.14804845413788578,0.07567160824092482,0.1684321059565338,19.684807942303006,21.0,2
51830,3.3619271977508447,1.0,100.35844821284307,0.8650682795653099,0.9972231075729378,0.03345331143459896,0.2489155364887245,0.0,0.11041192561352685,0.6936595288584673,27.172257118801134,9.0,1
55570,0.872923795046736,0.0,92.76256966409719,1.4240785193695762,0.9696927940084842,0.07261531317345733,0.13359821373595446,0.0009961907158109078,0.09833371298734968,0.5339328914848354,32.319189622751026,76.0,4
90231,3.873488880460096,0.0,100.48921707419466,0.894973455755926,0.6095183704904821,0.08253683745040954,0.29408908075890394,0.06664853439726773,0.08892922146119757,0.28776582155373864,25.686685199507657,67.0,4
150322,4.359420279727952,1.0,120.08422426435513,0.8874490702428841,0.9341893605956845,0.041342447356368994,0.08757148586722448,0.008698409363821236,0.07697095147323091,0.5481598184332552,28.9093627219279,52.0,3
26593,4.359420279727952,0.0,139.40950073634562,1.071541642188199,0.8708906902532544,0.047871617065426426,0.03594595641034841,0.11600597990351828,0.12215914027194473,0.6910625738607122,26.29893204675821,1.0,1
11540,4.824000686513771,1.0,173.06617641044332,0.7390256179332092,0.7403721686283902,0.03134499269087866,0.32360298822239997,0.0,0.12051510801643173,0.2680922205501752,19.98216495235795,46.0,3
59158,0.872923795046736,1.0,120.5990391801265,0.9641501397610845,1.5533254571377446,0.029178943760520885,0.002986602388962986,0.01769303436637822,0.09999929605428569,0.8432373760179501,26.137890480119065,22.0,2
17268,2.234779091684268,0.0,115.27748458564966,1.4761622725906902,1.6782223903772442,0.10808882738822913,0.07911873700082504,5.228955205273548e-05,0.0807099107755365,0.7693357188635067,26.101359745618982,32.0,2
52323,3.873488880460096,0.0,97.58560715312537,1.6598262815654952,0.5359198474324859,0.10838398143894828,0.23317963820531065,0.0,0.06323409511285039,0.5623496876972396,31.59707485475896,27.0,2
8208,6.117892928831929,0.0,95.14945885994271,1.4695941574011762,0.9781284470444853,0.05009339799691467,0.27347028496277787,0.030831772765289433,0.0607750943259681,0.8330961411733153,30.047058491259936,71.0,4
9594,1.5954046671017168,1.0,72.21668744044852,1.2172165115891747,0.7234872037486205,0.10747283603763581,0.15864721974158413,0.0,0.10212019116983716,0.5071558543350404,29.325474504553608,12.0,1
32651,2.234779091684268,0.0,114.14839362235644,1.6179475077937715,1.0250847906186369,0.10763012901892503,0.2892037810752459,0.0,0.0875253578926078,0.6580672741241114,25.968676981779915,31.0,2
96077,0.0,1.0,94.03102176917277,0.15192335038244428,0.6060203886768876,0.03345331143459896,0.21333172503136444,0.14739040867826833,0.10212019116983716,0.3472244379771469,27.173295409140433,57.0,3
104334,0.872923795046736,1.0,76.30683616267245,1.3952422166886544,0.25264221537756204,0.09858915255184081,0.3159420989489345,0.14052826792501427,0.07654086052747315,0.40779027040891674,20.122670083296196,13.0,1
139532,2.81870192439919,0.0,146.15415830751593,1.563060875323366,1.0100410881731547,0.08226457702046334,0.07096215520127178,0.0,0.07344443758622808,0.29337171326094935,20.3353659079767,5.0,1
69534,4.359420279727952,0.0,162.55866459442188,1.2231336726202555,0.8850217453836101,0.023890353676344383,0.2861332159338602,0.10207996056964548,0.07113757653068406,0.6571964343496536,23.956610346013655,42.0,3
88607,4.824000686513771,0.0,115.74405468669808,1.1021217240069057,0.6218191154126793,0.08171337117473375,0.1434542782503005,0.050845532228205655,0.06874779249788905,0.3277957400099712,24.460541712316203,1.0,1
77980,6.117892928831929,0.0,113.64492112061961,0.7140754272172378,1.3857569851549003,0.04976507577742113,0.1297971916212612,1.3199933435743345e-06,0.08111111514562246,0.46763733513873956,22.460008740117125,16.0,1
70432,1.5954046671017168,0.0,130.71061581297397,1.310700409278527,0.736606806235421,0.03127373074081886,0.33080127724609326,2.2997979216040193e-05,0.07344443758622808,0.6073378881905973,25.954218463883162,1.0,1
5095,4.359420279727952,1.0,81.22928838585699,0.21058529260489836,0.007633718903508477,0.03710819197409395,0.372759757602228,0.14864509091371522,0.07610775407689287,0.0829238282292207,18.682147636490868,55.0,3
74294,5.270402895934253,1.0,114.16380102960184,1.7346023120600809,0.811393604128813,0.10648044685009093,0.20936643468293328,0.0,0.055431191649043365,0.3426056156966485,27.579275167063283,19.0,1
130921,4.359420279727952,1.0,168.17894421926374,1.6144853188230401,0.4592922305015822,0.05009339799691467,0.08073762434352733,0.14865178882548147,0.06627170617944157,0.10168630609411251,25.522084765613542,40.0,2
15813,2.234779091684268,1.0,126.4896473122366,1.4630425573980839,0.2432677692739327,0.053799353682425805,0.32402641652571607,0.0,0.07567160824092482,0.3250138217148678,25.436799156391135,44.0,3
156361,4.359420279727952,1.0,132.84391649986776,0.8187599816799841,1.3907019974812584,0.1153467557122704,0.018190065300522744,0.0,0.06874779249788905,0.45228862939516046,31.064163220089785,19.0,1
56370,5.701060861471607,1.0,162.8222738690875,0.5506329600414857,0.449793561881308,0.02844379682282684,0.34588121390485244,0.12297274213462288,0.1192013035939258,0.2680922205501752,24.033712730019552,34.0,2
126838,4.359420279727952,0.0,188.2242623092211,0.8332466137621517,0.7384885474384946,0.030629476337651843,0.226390801977457,0.14633561656093394,0.07866163055322024,0.22185852236336234,23.497012132530948,27.0,2
103450,3.873488880460096,0.0,131.7124744261168,1.1733338226503915,0.6359874431092684,0.02627387989249491,0.2878162330360538,0.002358508003119219,0.07479010183432175,0.24833490189782328,23.35708353299891,43.0,3
20836,0.872923795046736,1.0,121.48521185593013,0.7901631590571356,0.8035905104059599,0.027776458983118688,0.034421563078832186,0.0006075856194457818,0.06535851276133421,0.2009461949148218,33.88961014595997,31.0,2
5085,0.0,1.0,86.86301153073802,0.40768844749608035,0.0017222428752118547,0.03964026701337921,0.3753400103877654,0.1485126298438773,0.07019179955184995,0.22565033036371449,24.631032924299394,26.0,2
10287,2.81870192439919,1.0,112.52895055809813,0.7948945864056484,1.3857569851549003,0.039448600807730404,0.14284992485469716,0.0,0.1192013035939258,0.5614638976786368,25.701784923569598,48.0,3
144573,0.872923795046736,0.0,135.21798172182974,1.5528898930012174,1.4431238001219762,0.10089770454746333,0.13170501708479113,0.0,0.07567160824092482,0.3426056156966485,23.759989181081195,29.0,2
45553,2.81870192439919,0.0,105.06668835959843,1.486045460471644,1.3029499461191854,0.10176588683583664,0.08188828715813201,0.0,0.08961697180144913,0.7770219563481559,31.934032549012365,41.0,3
50849,4.359420279727952,0.0,138.5756548899116,1.1474217637968984,0.9802422468499067,0.02770197444137078,0.237821988557352,0.0,0.090631273449164,0.5543724183688273,25.967070749840254,38.0,2
126912,2.81870192439919,1.0,91.83609562528365,1.867263047261125,0.6271184303094184,0.041342447356368994,0.3489619263581033,0.0009961907158109078,0.0807099107755365,0.5800356203400376,28.260658349228066,4.0,1
47351,1.5954046671017168,0.0,113.09484675144756,1.4597729435754092,0.585186269256022,0.028221954072082344,0.3337538310560312,0.0,0.10107366171887236,0.41872379767106116,24.62520550464762,6.0,1
123702,0.872923795046736,1.0,94.7434522077193,0.7006382405716461,0.9341893605956845,0.04096770628370085,0.15864721974158413,0.0,0.142872078710823,0.6090947568251034,28.39929393505434,31.0,2
6958,4.359420279727952,1.0,108.11112625920187,0.7643869846402107,1.4031006457171435,0.0461533086282955,0.055018869509493924,0.0,0.08858182813778119,0.5588056688922406,32.88652613610623,64.0,4
18214,1.5954046671017168,1.0,127.00571409016284,0.6697530468859387,0.7977581590258924,0.03345331143459896,0.21764387222561646,0.0,0.07253143383276514,0.40870230130966556,30.35219718961085,62.0,4
55681,3.3619271977508447,0.0,145.71286605964076,1.7202123044997546,1.2981526855390904,0.05776762020712451,0.1028847268953419,0.0009961907158109078,0.0944893301378407,0.643245026323755,24.42246799469357,34.0,2
111873,2.81870192439919,1.0,80.91110366309499,0.9877977162194078,0.49466828604235225,0.03282677534239687,0.36175965267375565,0.11761748361776994,0.06391444984743964,0.5303703138952661,23.894495956099796,45.0,3
105466,0.872923795046736,1.0,83.26365460682484,1.3014873780326923,0.5077466257061825,0.05117544300866493,0.3526053216051421,0.1447665332466122,0.0878799146864748,0.2009461949148218,22.550101840656936,42.0,3
39661,4.359420279727952,1.0,139.96333824715262,1.9242320163545066,0.903329043187519,0.09661164643050027,0.08333903747342496,0.0,0.11181393054084698,0.6064592478239177,25.97282610198363,1.0,1
137338,0.872923795046736,1.0,135.04753037996602,0.8454152376174606,1.5455114753399843,0.039448600807730404,0.0,0.14829804560960919,0.10741349334001439,0.24173022192994606,28.764794975035787,48.0,3
130329,5.701060861471607,1.0,159.49334392280042,0.9957462955575801,1.7493293362478723,0.038157654766122096,0.0,0.14403015200332228,0.11828452903796835,0.4123487785843696,28.561561767657114,1.0,1
92216,2.81870192439919,0.0,125.40086966165705,0.6632195463963222,1.0642120665634267,0.03684347528477961,0.1416366259819575,0.0,0.12162428428057229,0.24833490189782328,27.68692642769413,47.0,3
148751,3.873488880460096,0.0,107.34988318077335,1.408017586653165,1.257705099064472,0.05074489405505674,0.2247560956944594,0.0,0.10894620868502075,0.5214535572646147,25.964259681542657,2.0,1
148338,2.81870192439919,1.0,70.37670469921119,1.0660306262012467,0.7178926528129836,0.1153467557122704,0.21420196030178915,0.0,0.1314728113806297,0.6073378881905973,24.80445730005135,41.0,3
48318,1.5954046671017168,1.0,80.44159038446891,1.2024918523025487,0.8769353064372962,0.10501676070355577,0.33719740797510417,0.13188342597073086,0.08961697180144913,0.4041404961216831,23.06289894754079,20.0,1
460,4.359420279727952,1.0,57.3752024768237,1.1937037408317457,0.5527359021169996,0.11645799256737344,0.3136627406670611,0.0,0.062121579541474924,0.6702452610397654,20.33362983714607,21.0,2
121007,3.873488880460096,0.0,128.5218242955069,1.0743027900555246,1.2861952396200695,0.10482157753073958,0.2089208133144031,0.0,0.12855115469138523,0.6685071173338719,26.67334226667446,42.0,3
55525,6.117892928831929,1.0,107.37060746930544,2.0332846826395863,0.9279824033589994,0.09887638189285769,0.015529992453677007,0.0,0.09889625578485943,0.3831026140507271,28.927896386332954,42.0,3
128935,5.701060861471607,0.0,103.74023017625629,1.4630425573980839,0.6007871602881386,0.04998414880074258,0.34017060173897096,0.14826535491985524,0.07697095147323091,0.2727839400024509,21.713987052985694,8.0,1
122797,3.873488880460096,0.0,161.33256244047413,1.8039074821054202,1.1129057238060638,0.02770197444137078,0.23934276540465588,0.0,0.0692325431781873,0.7436443582672503,27.808220968087934,49.0,3
139625,3.3619271977508447,0.0,101.71204073407586,0.8625992772181287,0.3941347654998352,0.026953409443536608,0.34794520309859733,0.09839630700281216,0.06776790858233991,0.3601339240615556,26.736118278827625,17.0,1
111754,2.234779091684268,1.0,102.83372636410743,1.3667351240154904,0.8688796649587435,0.032756846992377936,0.1558014307814477,0.08895683972677215,0.08927426336727629,0.37759984787925627,24.51486328396126,56.0,3
33394,4.359420279727952,1.0,112.94569532260654,0.7901631590571356,0.11583499524062144,0.032756846992377936,0.3744457480405054,0.14488364731832654,0.07479010183432175,0.4495753109342876,23.034168842780396,6.0,1
16392,0.872923795046736,1.0,138.6955331657956,0.8115638316796402,1.262433119818314,0.03684347528477961,0.07452016071660737,0.0,0.09600744425199255,0.4973039056850378,26.58057030258677,61.0,4
124604,2.234779091684268,1.0,129.4453936376627,1.1445618616011808,0.6218191154126793,0.030629476337651843,0.25763548768408095,0.0,0.07113757653068406,0.4041404961216831,28.88509497733165,3.0,1
97472,1.5954046671017168,1.0,63.627212255853166,1.0037280259604542,0.35241044535141897,0.029907481693841425,0.09203541848258019,0.1482817668352984,0.07160547706998972,0.51341580185349,26.188762368548154,35.0,2
119619,1.5954046671017168,1.0,179.8743490984304,0.3279063019121422,0.7104594698327914,0.029178943760520885,0.16697724760173577,0.0,0.13765143542788413,0.35829179556682933,24.25449214073368,44.0,3
32485,5.270402895934253,0.0,111.8544880974139,1.1704392993079824,0.5325783271168508,0.06124705612908051,0.3556485036265357,0.0016495230198917178,0.051800539853937295,0.6362565578510048,29.788565474519906,29.0,2
109821,1.5954046671017168,1.0,106.21954070794669,1.5596663441426157,0.9383370423726153,0.08754475966298475,0.008880373055813805,0.0,0.10696278729458521,0.1684321059565338,25.857419661952434,5.0,1
2111,2.81870192439919,1.0,120.95565709073469,1.1445618616011808,0.8448971249366763,0.029907481693841425,0.0760873691556447,0.0,0.0878799146864748,0.44504994222165256,24.234018460156623,80.0,4
97073,3.873488880460096,1.0,146.42181555765734,1.0743027900555246,0.4047791174136846,0.026953409443536608,0.23160499351003486,0.013280431973232367,0.065765824499414,0.2199614227629816,19.7807747914911,31.0,2
127211,4.359420279727952,0.0,104.15142985666624,1.7708819284359916,0.9156208630438081,0.055966441356183075,0.2599964583587398,1.4499196823750347e-05,0.0692325431781873,0.2605755887938996,24.60521868867588,37.0,2
65457,5.701060861471607,0.0,95.2232516586724,1.3762010353347607,0.9908405959351675,0.10348094851633399,0.23278726790755302,0.04895769756178725,0.09259922813974525,0.6658989234852036,25.757816977102305,57.0,3
154674,4.359420279727952,1.0,112.40028108155649,1.0468602170294494,1.5170216896823014,0.06292632681838277,0.00042672765242288564,1.969851747908282e-05,0.14175996031674779,0.33798239709523725,26.89353630525949,23.0,2
124069,3.873488880460096,0.0,68.70105392406911,1.4630425573980839,0.3941347654998352,0.07331527306353508,0.31134132697229877,0.0,0.13342641938342706,0.6789281817495515,26.37529499830134,18.0,1
113506,2.81870192439919,0.0,142.68805540996348,1.6809968297595563,0.9972231075729378,0.040085503505564654,0.05836061652265536,0.003939573289650818,0.11874712021012017,0.591501237117933,25.156389865356452,5.0,1
8881,3.873488880460096,1.0,118.42548828987924,0.06879300574971446,0.010888567016346481,0.03421223449066382,0.37470221175114343,0.14873649112615123,0.06581657517366084,0.08527380314907729,15.620595936435818,56.0,3
13926,3.3619271977508447,1.0,108.93365009261917,1.7781902494919293,1.0862263751542853,0.07261531317345733,0.18973683608982944,0.0,0.12331669781090818,0.7384929225256075,21.4115488991419,32.0,2
75118,3.3619271977508447,0.0,93.67715928221388,1.684540299697343,0.8911068094754843,0.11029334661670147,0.04450298537833419,7.569781085070009e-06,0.08229821707572699,0.3231583147981585,35.75686362946332,41.0,3
70968,0.872923795046736,1.0,76.99179698554467,1.2984243322312379,0.5903701182783821,0.10665182007938102,0.08150525731732736,0.11761748361776994,0.08680895131871912,0.13083490594461286,29.790028131910262,15.0,1
140852,1.5954046671017168,1.0,100.54151781186079,1.6598262815654952,0.9972231075729378,0.08754475966298475,0.010724970060022793,0.0,0.04958079604023858,0.45228862939516046,20.32621096478167,6.0,1
159978,0.872923795046736,1.0,121.8160158130852,1.0743027900555246,1.656633108457273,0.04815362164232017,0.07183598123412749,0.0018172734643802655,0.07066635954166857,0.7940679687734105,31.70522962780985,26.0,2
97198,4.824000686513771,1.0,146.67453857723933,1.2559580752183774,1.6728123173826326,0.05680116751690537,0.19217553698332104,0.0,0.11161742520075171,0.7915140840670115,25.160629418252565,44.0,3
44988,1.5954046671017168,1.0,172.09323668513986,0.7073417138831405,1.3758917009694793,0.06534527571603274,0.2694224671709391,0.0,0.12665284588910405,0.6754565700006173,33.643913101760404,19.0,1
52528,4.824000686513771,1.0,132.7383737999331,0.23951232835869585,0.008656138109129964,0.03359185530961047,0.3752128331966564,0.1472313344147767,0.07610775407689287,0.07095726188551124,18.830039229935075,37.0,2
125319,2.234779091684268,0.0,97.97940993411562,0.8259875510638431,1.6112066071270141,0.04263844285355163,0.0029271319112924147,0.06705575945117853,0.13873165934106496,0.12792909362503982,31.004431771607994,44.0,3
60897,2.81870192439919,1.0,117.11145538520361,0.6873217200952351,0.7049042238456557,0.02844379682282684,0.14941484002339908,0.0,0.10718886451071041,0.5481598184332552,21.22238566117141,53.0,3
56184,1.5954046671017168,1.0,136.87577504435174,1.3230403074748542,0.8648633807671563,0.034349417624905836,0.3208135880075849,0.14692706391224739,0.0834609979772711,0.283089132646496,25.96533058907825,6.0,1
154136,6.117892928831929,0.0,100.80819118541027,1.0770677015296135,0.7328489612337938,0.02717869094408675,0.08250004713508309,0.14784812917141846,0.0994514137349725,0.16747215160921813,29.800509071270227,1.0,1
135541,0.0,1.0,105.69007501846379,1.258965687733321,1.0773968561658953,0.08822904207283068,0.007905355412165744,0.0,0.09804963764136568,0.5791526678427404,24.184468626655324,50.0,3
141876,3.3619271977508447,0.0,50.817558998172025,1.5664596139965252,1.448164004953569,0.08029540932132537,0.14041716978012045,0.018383804264068788,0.05443551858350137,0.4123487785843696,26.233054078506512,23.0,2
121056,4.824000686513771,0.0,94.61157849337538,1.6283596013417518,0.3880907013868155,0.10755176218457028,0.3635186979644739,0.007949074540749338,0.1386927357923526,0.2999035103297946,27.78138307344425,11.0,1
14721,1.5954046671017168,1.0,105.04070246278243,0.8139590618663869,1.288582650538607,0.05680116751690537,0.10003407720918936,0.11761748361776994,0.1085152749541968,0.41325998704410216,25.12752067516615,56.0,3
128267,1.5954046671017168,0.0,151.7308657113706,1.4112216109464688,1.3636064357556406,0.032054095044992494,0.003976213546291906,0.001984806558653298,0.11566792219410234,0.5401617621376549,26.637312328125436,43.0,3
104563,3.873488880460096,1.0,116.6149498762044,1.1646618235594426,0.7216204794212896,0.07851550707857491,0.3410832802224311,3.559951583942428e-06,0.07019179955184995,0.3536834419639886,31.716673338270056,8.0,1
84138,3.3619271977508447,1.0,169.07741745845635,1.2083700310814445,0.9341893605956845,0.05328367386024081,0.2053189330857846,0.0,0.07523239892816581,0.43144989461358074,26.314057503072327,50.0,3
8627,0.872923795046736,1.0,70.31617219740535,2.0174878286975386,0.8931390217637617,0.10604107796538681,0.06493263849957365,0.0,0.07989911657905567,0.4332653199494439,27.28294255774038,69.0,4
3269,3.3619271977508447,1.0,104.91595736439841,1.1417057923154803,1.640530318907042,0.031700341627013295,0.28270721539288424,0.14879263879272445,0.09861591438912895,0.762495346225589,28.549391583141496,30.0,2
43388,0.872923795046736,1.0,74.3777005193407,1.6075736872862627,0.9972231075729378,0.06340233793787266,0.2351286933140305,9.179678065912666e-06,0.07567160824092482,0.4838398383414279,30.998738944068805,5.0,1
47088,0.0,1.0,89.05391145950773,1.1617788655968144,1.088438717875863,0.11297815609525026,0.08073762434352733,0.0009961907158109078,0.13123702703825046,0.22280677295746307,24.619654713130643,36.0,2
4164,5.270402895934253,1.0,114.57968877425633,1.9051305755612356,0.8349858419672646,0.10793809036212502,0.25454890318941586,0.0,0.12845635323811264,0.6152394809651552,28.44485805511491,40.0,2
129618,5.701060861471607,0.0,108.6078509891076,1.1445618616011808,0.9993545321705947,0.09754875144648864,0.0799678872523985,0.0,0.09630503739313614,0.30921905351352663,22.498670856785623,10.0,1
67277,4.824000686513771,0.0,117.5514043876601,1.8484962499838813,1.1106714973128837,0.10432098682144851,0.006643304048109859,0.0,0.10339044157515012,0.5152030121689768,30.39970402512041,63.0,4
40918,5.270402895934253,1.0,107.1581563818831,1.1646618235594426,1.2435697576993787,0.029178943760520885,0.20757782895809845,0.0009961907158109078,0.09570786137811908,0.7590722655097774,28.762173226149685,35.0,2
78969,4.359420279727952,1.0,88.70793498349133,1.6528037535325126,1.637853941661252,0.058905560875971694,0.0005136054120756733,0.14842362656171054,0.12644056977927082,0.44504994222165256,27.03040612200595,23.0,2
17861,0.872923795046736,1.0,141.3889007033835,0.5850631189120629,0.5748678265386208,0.08489042627422848,0.33850815172552834,2.3397908318896694e-05,0.0834609979772711,0.18854264528804643,28.11661201269932,18.0,1
133786,5.270402895934253,1.0,70.26664009507375,1.2953652640842788,1.3489319860322233,0.10501676070355577,0.013232424417963167,0.0024174145989641726,0.10237756976806238,0.3536834419639886,20.410238457466885,37.0,2
150236,0.0,0.0,109.34199511234429,1.8785764755549763,1.173985195547883,0.10747283603763581,0.012366637010684292,0.0,0.07434469244013149,0.4730437411412784,21.413226000870566,28.0,2
93606,6.117892928831929,0.0,149.26755367851692,1.4208581649724286,1.3857569851549003,0.03684347528477961,0.0009985074216367666,0.1474258763966974,0.07824336696718033,0.7770219563481559,26.760256381424675,25.0,2
30332,1.5954046671017168,0.0,105.17062276547398,1.1937037408317457,1.1671264680853237,0.0769637268850384,0.17183062586123532,0.0,0.09660065570186806,0.33890739350112375,19.59289694208327,33.0,2
33270,3.3619271977508447,1.0,31.516015893585173,0.8527586441232778,0.5973074966131857,0.032054095044992494,0.24783790767316516,0.12859288017807205,0.10388706186522997,0.6719828838800403,30.20357465828827,9.0,1
104186,4.359420279727952,0.0,97.92166635593395,1.4144297135629609,0.74981849672868,0.10980454318077999,0.2847155259014564,0.0,0.08858182813778119,0.3757642353460366,24.176039732948105,52.0,3
136939,3.873488880460096,1.0,90.91359162023411,0.7690426018513223,1.3343314548273377,0.09460267036318325,0.025948304091180735,0.0,0.12973537823509393,0.5596918883888553,21.944259894344892,8.0,1
92386,0.872923795046736,1.0,169.85392316516123,1.5766811031181405,0.9950936437439697,0.036177528458350545,0.054177532011139076,0.05685311494931573,0.12964737404116164,0.6789281817495515,23.074790212487404,24.0,2
136927,6.117892928831929,0.0,110.31803948397477,1.6006790321669766,1.6755162905062593,0.08438210118699253,0.054177532011139076,0.1477670802730824,0.12453212525422737,0.42509082013318533,25.798576752013936,26.0,2
80491,6.117892928831929,1.0,177.5866395526183,1.4597729435754092,1.139872073704656,0.03317547616112335,0.0742843334784729,0.09956297695172535,0.06281225440812803,0.509839587862524,25.971353885061287,34.0,2
141954,2.81870192439919,1.0,97.01813197100856,1.6075736872862627,0.4577046871378976,0.03414355059055638,0.21849470962927253,0.02110588240330083,0.11161742520075171,0.6240060675375,27.458194533656947,45.0,3
11935,0.0,1.0,114.9543162724944,1.8075989478811065,0.9633865604732803,0.057238138071849784,0.17342500988932696,0.00011594861174122757,0.04363432214026548,0.6310095803516407,32.39657901577113,64.0,4
35877,0.872923795046736,1.0,121.95338888244136,1.6110273795933783,1.6945036831477611,0.1059512892555724,0.19506447347566547,0.0,0.1287391309259475,0.8744040626692703,22.81514208836861,9.0,1
69598,2.81870192439919,1.0,89.46351265879362,1.1133552989984767,0.5510461517347672,0.09901837159570151,0.22310681446648367,0.12421788637162054,0.09917475099732172,0.39500445441039295,24.10051245516176,37.0,2
26599,2.234779091684268,0.0,85.12496130171553,1.928065764092387,0.7574094640680615,0.11232767362595948,0.09424038591331747,0.0,0.07567160824092482,0.5125219727084062,24.2136734268971,33.0,2
130106,4.824000686513771,1.0,145.4946283579837,0.6099237123615296,1.0554618093302919,0.03809250140100743,0.012559232969426147,0.09275157909340251,0.061693333802855174,0.03623150499869394,26.495500476442643,45.0,3
123295,1.5954046671017168,1.0,181.29303413589088,1.2649927397327414,1.1017545099034765,0.04804096838564263,0.013424509655619364,0.07921649421235842,0.07207008747600625,0.7031718835524514,29.79210014570976,33.0,2
232,3.873488880460096,1.0,78.67876629204456,1.4048176378816764,1.54291101289386,0.10731328807663247,0.1071041786982304,2.259980487794926e-06,0.08892922146119757,0.7359155443024409,27.92648066017891,20.0,1
23769,3.873488880460096,1.0,104.42196633421577,1.232038730877049,0.23529773667628084,0.032756846992377936,0.36901337854750693,0.14641727171804317,0.07253143383276514,0.36657593878089856,23.48741453445504,29.0,2
44889,6.117892928831929,0.0,102.80244729649493,0.9511404885049599,1.6674107491010164,0.05223874875548161,0.0009985074216367666,0.0009961907158109078,0.10533879505897356,0.5959048078477117,27.09391802866789,67.0,4
43006,4.359420279727952,1.0,148.27367419707076,1.1820405678953774,0.8448971249366763,0.029907481693841425,0.22144278435145062,0.003939573289650818,0.07907699494507488,0.601184514321482,27.88850137456934,16.0,1
15778,4.359420279727952,1.0,89.43692331070407,1.50925136242719,0.8349858419672646,0.08307477277729898,0.1098800831673712,0.0,0.07739805058592603,0.5446065792778642,22.09239886757539,1.0,1
146382,4.359420279727952,0.0,74.80336991157967,2.129607708071913,0.47366004718920107,0.1047229147856999,0.2652662918471982,1.2499940308167596e-06,0.06370578415960063,0.29617216065705904,25.96626760856234,23.0,2
81557,6.117892928831929,1.0,69.73798792317831,0.1882012741463376,0.14429505088213274,0.029178943760520885,0.3441294643385888,0.14869142354534587,0.07434469244013149,0.0328613191217961,24.80390497816512,52.0,3
132487,6.117892928831929,1.0,167.7416002005544,0.39889551584562244,1.8218843084598937,0.07821024105866159,0.0009985074216367666,0.12676058324946168,0.13042169024990238,0.24456196630091115,27.615361861057625,64.0,4
146520,3.873488880460096,1.0,137.34604282833027,1.0743027900555246,0.7631224941741739,0.044982288551343556,0.19458579580402588,0.0,0.11812843327074328,0.21046390307817353,25.101505471186574,54.0,3
52291,5.270402895934253,1.0,178.59856651349023,0.22058914726502396,1.637853941661252,0.06102200408319748,0.0,0.1472313344147767,0.11549563035956101,0.14822830413968097,25.20764232287705,7.0,1
136236,6.117892928831929,0.0,95.38662096393949,1.8484962499838813,0.9612883852905215,0.04480484684514999,0.27005216575859037,3.569513161644563e-05,0.07610775407689287,0.4223630722672164,22.166516484279843,21.0,2
107620,0.872923795046736,1.0,89.45287705484098,1.9939292486457882,0.46725657598435466,0.11455380129896475,0.014000086236480662,0.00645572130985005,0.07344443758622808,0.23889672081580507,30.755768872078132,3.0,1
115600,2.81870192439919,0.0,136.94582957982135,1.7855160893099271,1.0995302396656046,0.07664561864626834,0.0019940376062208094,0.011468359494094787,0.07344443758622808,0.46763733513873956,26.371586387601056,13.0,1
107221,0.872923795046736,1.0,87.97276073772387,1.6563128757565557,1.5611583427172575,0.11345384110696889,0.007025364110849946,0.0,0.05513962215448253,0.7100803242379972,31.03359626316985,18.0,1
55008,3.3619271977508447,0.0,122.17720867575625,0.5093607830228893,1.4633344786443667,0.050636785623080244,0.0009985074216367666,0.12210505599154542,0.100270542490563,0.425999744827912,24.71002727258672,13.0,1
14488,0.872923795046736,1.0,114.49755524407479,1.4240785193695762,1.6539440066230873,0.09442669630209094,0.05569023327661693,0.0004761319726942018,0.06407055750409524,0.5870941836445066,23.192898613458706,4.0,1
157856,0.0,1.0,102.5938854035323,1.6248846462339144,1.4557398888377278,0.0851415328131488,0.17129658598427597,1.70988829725638e-05,0.13185708096937068,0.7316174461161188,24.88376712338326,8.0,1
118940,1.5954046671017168,1.0,111.05570784526873,1.6179475077937715,1.0272417610184217,0.10715144929109219,0.1373413159554467,0.0,0.065765824499414,0.7367747935949783,30.90660512449019,63.0,4
22408,4.359420279727952,0.0,178.8827215709405,0.7690426018513223,1.8701117562255036,0.05276348676969412,0.0,0.14846123398764682,0.1380841908920916,0.22375482435312113,28.562063554882357,25.0,2
154971,4.359420279727952,0.0,144.1941472171167,1.0144220302914997,0.7384885474384946,0.029907481693841425,0.2916676693694916,0.0,0.07610775407689287,0.31665838257302165,24.03032712825657,46.0,3
147169,4.824000686513771,1.0,110.63795405639635,0.6785107863592905,1.782635713319595,0.08438210118699253,0.0019940376062208094,0.010552014101597989,0.11583914795584942,0.35829179556682933,32.36607607459141,47.0,3
1678,0.0,1.0,80.10135430476637,1.5664596139965252,0.7460343185053053,0.09579709610988524,0.005946621798604477,0.0,0.07866163055322024,0.1933173511187911,28.01059781376894,73.0,4
60404,0.0,1.0,100.55197749301864,1.688088075804631,1.1992887046249214,0.05338716901728622,0.24747716982900486,0.008005432328068458,0.09323773806836998,0.6205010638904588,26.49272763938084,59.0,3
49005,3.3619271977508447,0.0,111.39593372512562,1.8597430050557224,0.9074185780413175,0.03282677534239687,0.29139601967277307,0.0,0.06956982969641935,0.44142678332063784,23.183360812571117,25.0,2
1100,6.117892928831929,0.0,110.17351846725833,1.2113149601562354,1.1694107022410731,0.09101297716999975,0.14465841868461957,0.0,0.11200919934125854,0.4468605662115773,30.27957564072151,56.0,3
103662,1.5954046671017168,1.0,135.94456169111587,0.49018984423203915,1.802207267989014,0.07534654601913696,0.0,0.11331559288024014,0.1046199903677044,0.4568076672489063,27.380542601686866,51.0,3
89301,5.270402895934253,1.0,102.97446535515346,1.3698863849283012,1.0315616104748004,0.0689341804959577,0.02622521888833698,0.0,0.13615621999528407,0.4032276391499472,32.75309318407818,42.0,3
92677,3.3619271977508447,0.0,182.90215373811924,1.0826088263724851,1.2600680937293525,0.04843439090520536,0.0019940376062208094,0.14804845413788578,0.06727271957900667,0.21236501541503539,29.207899513936148,39.0,2
18560,2.81870192439919,0.0,108.13700538109967,1.3199493399191744,0.8931390217637617,0.09296857348240582,0.23934276540465588,0.0,0.1005400101632899,0.6064592478239177,28.1437382182264,28.0,2
58359,4.359420279727952,0.0,169.52882352439818,0.6675719032394865,1.095087666887929,0.03530284399437761,0.021015996623741328,0.13577944080235285,0.07948948280021469,0.21236501541503539,29.800630927812435,19.0,1
84286,0.0,1.0,193.72481690545283,0.09311560727392494,0.08043440177287957,0.03550559855419764,0.30777806438605254,0.14586159356826991,0.07344443758622808,0.1133700089043509,18.876346227779123,35.0,2
51746,2.81870192439919,0.0,190.18283843885206,0.6352505547361027,0.37758067059571104,0.029178943760520885,0.27099193577783337,0.0,0.07434469244013149,0.286830856430596,25.647559670962927,30.0,2
33688,3.3619271977508447,0.0,117.20867374069569,1.0010637611083457,1.378354930922237,0.05009339799691467,0.03683917775901111,0.0,0.07434469244013149,0.4378010692265794,22.463699805014947,56.0,3
114834,0.0,1.0,102.96404118757835,0.5074297705021785,0.5077466257061825,0.025665182038479516,0.010531289946026881,1.999847198363223e-05,0.09417957066797655,0.1732287102697829,22.53345804917215,9.0,1
112281,0.0,0.0,82.23660381975456,0.9305140056689871,0.35681589601177693,0.034759494091331875,0.0006284091836891856,0.14855554980531355,0.07697095147323091,0.4150819119420289,27.288766442111346,20.0,1
7311,5.701060861471607,1.0,116.46645140127379,0.4436023788930477,1.5847705774637866,0.053799353682425805,0.002986602388962986,0.00681651852218226,0.09323773806836998,0.6780604729547725,28.53395418935559,68.0,4
46002,0.872923795046736,1.0,93.04818608584819,1.3014873780326923,1.5611583427172575,0.11175808059298264,0.19932274257607036,1.899862096132975e-05,0.14161542221280488,0.7642061619901985,20.565232254391194,6.0,1
157162,5.270402895934253,0.0,114.8465646344621,1.0965276954317247,0.9908405959351675,0.041962598355487504,0.05919019669413417,0.02359941253875624,0.11161742520075171,0.3628958211781966,30.455084438528846,51.0,3
136540,0.872923795046736,0.0,98.60902502273605,1.670392228724202,0.8628581206184712,0.09141646816813875,0.2499863334884807,0.0014716676435242951,0.07113757653068406,0.49820029281298683,22.763236865455244,49.0,3
107453,3.873488880460096,0.0,166.5161644681876,0.8259875510638431,1.6782223903772442,0.08731300249953422,0.0009985074216367666,0.144137830994696,0.09689431395432624,0.3435297312064924,31.393404990297277,14.0,1
9561,6.117892928831929,0.0,111.77722251546007,1.4499888131526906,0.9570978852161511,0.05395318518153418,0.1153448023958126,0.00017588172356375952,0.08229821707572699,0.04849867765629762,28.932497447648366,7.0,1
25683,4.359420279727952,1.0,183.86664971587723,1.7273986281211327,1.3464934343650294,0.07600145917456508,0.016577632105374596,0.14808467352381494,0.0542585308030303,0.4105258689230816,26.98192297485913,13.0,1
112243,3.3619271977508447,0.0,132.92432192463698,0.8332466137621517,0.7460343185053053,0.0685487630522728,0.2678369711125156,0.0,0.08823206529773955,0.3739279421988962,23.473228162545954,54.0,3
28381,5.701060861471607,1.0,132.66800532246364,1.0937363611747035,0.668298156335253,0.024589270636504634,0.25831355985763427,0.0,0.0912961293942096,0.5232380909858012,26.760518670699764,58.0,3
59561,1.5954046671017168,0.0,152.7608869127566,0.5506329600414857,1.3709714197337277,0.0412801290540494,0.004696771360019373,0.14764028303043303,0.12982288277910556,0.2332244270349452,28.562314446236755,1.0,1
149295,1.5954046671017168,1.0,167.39646890186043,0.9511404885049599,1.2671692686441056,0.03414355059055638,0.002986602388962986,0.14426958221684688,0.065765824499414,0.05165830741002074,32.63165244299139,27.0,2
152082,0.0,0.0,160.77524625112324,1.0090676336197404,1.8388344473809015,0.07727921957627658,0.039680290650443456,2.5999741751945183e-06,0.12816865300364028,0.5259137815807644,21.71444017034098,23.0,2
114189,3.3619271977508447,1.0,141.36897701077424,1.6951965578252368,0.7272262776524988,0.06056899457987591,0.13170501708479113,0.014176275640349664,0.09162520541474937,0.7940679687734105,25.50257700241519,52.0,3
112963,5.701060861471607,0.0,81.30476376295269,2.187027436278164,0.9135673883268748,0.06737279893323408,0.08470651128910862,0.00999887399251294,0.12499849218571271,0.3748461739260816,24.32857650410997,35.0,2
21197,4.359420279727952,1.0,125.87705919638458,0.5974354268582583,1.460800869304105,0.06450986144918483,0.0009985074216367666,0.10341642761842723,0.10160035464617702,0.43417279113429047,30.68643096075032,36.0,2
1094,3.3619271977508447,1.0,99.15946756111988,0.463866698007316,1.4633344786443667,0.08360405773041377,0.3036178439671784,0.0,0.14558429518033833,0.2680922205501752,29.123435867824156,49.0,3
53351,2.81870192439919,0.0,80.95965182092621,1.6668659552267933,1.3464934343650294,0.05025691368938432,0.15864721974158413,0.01524242497370518,0.13533946857592175,0.4883316765960209,26.625996823664305,62.0,4
149541,2.81870192439919,1.0,148.31324980201865,0.5646987472473326,0.556120840764112,0.03482762600454365,0.30534688216789435,0.0,0.06971386977315287,0.219012573347335,26.621390739786964,45.0,3
18352,5.701060861471607,0.0,110.49865270007125,0.4006482072885235,1.5170216896823014,0.06056899457987591,0.0,0.14825709864946238,0.09540627374586548,0.2952388627866774,29.15585605400627,23.0,2
136403,4.359420279727952,1.0,73.907970554163,0.787802634069226,1.2201729728079924,0.032686855767870546,0.018473777957743368,4.209322975253759e-05,0.0623879865240673,0.4169031817689732,27.48705009094688,31.0,2
83305,5.701060861471607,0.0,111.40624127881792,1.4208581649724286,0.8349858419672646,0.03345331143459896,0.09203541848258019,0.12758300963765337,0.0834609979772711,0.5071558543350404,23.479677230424134,40.0,2
121754,2.81870192439919,0.0,143.85634341324862,1.593801330922556,0.5834619703150993,0.09101297716999975,0.10074959601613999,0.025231074929758734,0.12855115469138523,0.6283842755198784,27.166286424841015,20.0,1
23024,5.270402895934253,1.0,61.624349292097804,0.5606640996118144,0.26890397549880163,0.04843439090520536,0.3283830537838016,0.14595378412874377,0.06727271957900667,0.22565033036371449,24.927968295495383,17.0,1
51877,5.701060861471607,0.0,143.01630832443146,0.8849480810453934,1.0250847906186369,0.03684347528477961,0.1680649782500538,0.0,0.0692325431781873,0.3684149667388865,27.977913161078156,42.0,3
154443,0.0,0.0,81.22389690530153,1.8522407310256643,0.7178926528129836,0.0977007986551314,0.09715277734440843,0.0,0.11407800504076084,0.3444536710269561,25.440056855397838,38.0,2
60465,5.270402895934253,0.0,125.83147775887277,0.15061524441669222,0.019583250002273764,0.039895027311060795,0.35276783822708435,0.14785807081408228,0.06222825709503983,0.033158803549342995,19.410812801460978,52.0,3
81528,5.270402895934253,1.0,133.53216280370384,1.4597729435754092,0.3850791304369432,0.05581785744347516,0.24345789896605846,0.0,0.11479565148345594,0.5035754392914052,26.08641746924843,47.0,3
142136,4.359420279727952,0.0,96.35021610146448,0.8284037357211327,1.6059025151258526,0.058670427061573556,0.05248771370758104,0.10419795979212136,0.13957420669876158,0.19140808741899407,26.766026341422513,33.0,2
119586,3.873488880460096,1.0,135.19793022100893,0.5891743712319182,1.3611555555156263,0.0814343853848159,0.009852506517610308,0.13065979317438875,0.09355379050258464,0.1818493657511305,27.111080062201793,3.0,1
132892,0.872923795046736,0.0,130.65016714131934,1.5125831187873215,0.9383370423726153,0.08731300249953422,0.1827532997044595,0.007761030056575878,0.09999929605428569,0.48294101076463797,26.36906962838277,4.0,1
123654,2.81870192439919,0.0,104.89516445448652,1.0660306262012467,0.1712004727243582,0.029178943760520885,0.35813985800982173,0.14836968489759983,0.07253143383276514,0.14050664092053686,26.37357318742802,20.0,1
31730,3.3619271977508447,1.0,136.54544869902472,1.1820405678953774,1.7910106182138636,0.03482762600454365,0.0076318320711334904,0.14817265375133779,0.08307607176161669,0.41143740592545724,26.4999894133128,22.0,2
19068,4.824000686513771,1.0,143.35439540418136,0.9177400165281233,1.6485721689567856,0.045218147863641235,0.006486433437879922,0.014710553427154341,0.08307607176161669,0.17418739922926474,27.024414103516026,28.0,2
158777,2.81870192439919,0.0,114.05080646680103,1.4048176378816764,1.088438717875863,0.03254668444495259,0.02456009599912757,0.0,0.13107761505746676,0.39134537056455715,25.968944680542347,70.0,4
6261,0.872923795046736,1.0,89.16032716781312,1.826122368673923,0.46885477553086813,0.07759212050764247,0.13547693088861773,0.003939573289650818,0.07344443758622808,0.06446889349782105,27.12108783241464,25.0,2
58698,4.359420279727952,1.0,109.79143944340849,1.8710297385230998,1.2039155262962848,0.04976507577742113,0.19362507690967473,0.0,0.14337333681460293,0.8119156184780627,22.46753807976103,9.0,1
6409,2.234779091684268,1.0,165.66440608025079,0.6588804120467933,0.8035905104059599,0.03684347528477961,0.2838582084562178,0.007761030056575878,0.08608269509259017,0.35276125013630455,28.361117597015863,39.0,2
137807,1.5954046671017168,1.0,98.69293026319322,1.0144220302914997,0.7141723179935984,0.037503497957860635,0.22186018419829656,0.005864813330088342,0.10807879371529658,0.43417279113429047,26.587815748814226,45.0,3
94129,0.872923795046736,1.0,85.78868578924036,1.7202123044997546,1.0250847906186369,0.10731328807663247,0.05333381640356864,9.109682956780591e-06,0.08644706391858864,0.286830856430596,28.94194670776655,11.0,1
61151,4.824000686513771,1.0,98.6195137351966,1.2083700310814445,1.2016011071995636,0.030629476337651843,0.007983463230412895,9.309668883616786e-06,0.07907699494507488,0.3435297312064924,20.81981592925417,16.0,1
137334,4.359420279727952,1.0,106.9508289924925,1.1021217240069057,0.6253501522484253,0.11714672097411001,0.3416271961372566,0.0,0.13528264563514616,0.44142678332063784,24.90773323267384,16.0,1
55907,6.117892928831929,0.0,81.68737834898944,1.4176418973042995,0.9094662464472685,0.11276851657666974,0.2382034174387412,0.0,0.10237756976806238,0.6823977251492471,22.0097330964862,55.0,3
21573,3.3619271977508447,1.0,76.45368690630653,0.6653940706483308,1.2062319625131506,0.044982288551343556,0.20303395783663156,0.0,0.07907699494507488,0.35276125013630455,26.875233732789965,56.0,3
35036,4.824000686513771,0.0,99.45285842994183,1.4112216109464688,0.6112701122260614,0.09512248854355311,0.07842206986670712,0.0,0.06874779249788905,0.37025330913284016,24.756235828053118,4.0,1
28595,5.270402895934253,1.0,110.69469927012926,1.593801330922556,1.1580096007646004,0.02770197444137078,0.3192844849760274,0.0,0.05772607159203345,0.7770219563481559,26.082947894796778,57.0,3
41571,5.270402895934253,0.0,76.55156509805539,0.7760517866541442,0.5869123931257155,0.11392850201734943,0.18224553925865877,0.0,0.06072072975826447,0.34999362956189706,29.083433468743653,7.0,1
9967,2.81870192439919,1.0,106.9508289924925,0.5830123021618808,1.7548589521511095,0.06408679225719048,0.006927442155667886,0.0,0.09479702346996888,0.49640736697300886,32.277332479129036,69.0,4
23580,6.117892928831929,1.0,140.01321808366293,1.2201731395132756,0.7938794242950211,0.029689610335349732,0.30161378407295175,1.9898487225322535e-05,0.05884883476647055,0.29337171326094935,27.024935184512902,14.0,1
56410,4.359420279727952,0.0,158.35208907403384,1.354170443691811,0.6938441627854506,0.05117544300866493,0.17917339349527653,0.0,0.10581030322960991,0.7479338501661067,25.319877509952317,37.0,2
23120,4.824000686513771,0.0,26.812357735267295,1.50925136242719,0.3597615049766524,0.05009339799691467,0.32486877333512926,0.14100390631082146,0.08030591854684666,0.4032276391499472,25.07108558916601,9.0,1
71354,3.3619271977508447,0.0,135.92953464679863,0.7276338680333096,0.8330093229215549,0.07971180677246352,0.3257051775707076,0.13973874694547872,0.11667954399222695,0.6310095803516407,23.806727424224167,22.0,2
76936,0.872923795046736,1.0,137.30102718674928,1.5562760176399235,0.811393604128813,0.0851415328131488,0.00144686372852473,0.11371429612479432,0.12654701746975344,0.5499355690315485,27.287472318768565,31.0,2
46199,4.359420279727952,1.0,128.07231340240799,1.3014873780326923,0.6042741472907891,0.1069043158630909,0.05585783783563089,0.0,0.07523239892816581,0.3342806431153462,24.13555335051819,9.0,1
95845,6.117892928831929,0.0,125.72004651315595,1.4532460742582065,1.0186256893922574,0.09141646816813875,0.1857746293957585,0.0,0.1135278727644392,0.6711141375205762,21.71262766284707,45.0,3
11912,0.0,1.0,131.70241093652746,1.8298402910541283,0.36863987357613676,0.04992945244340003,0.31728994901761837,0.0025253400844233317,0.06464009431785825,0.6537117577120378,27.27685892965653,31.0,2
124399,0.872923795046736,1.0,102.78680725280242,1.586940561014816,1.3587067315067167,0.048266077249114886,0.08981251686689971,6.739826457986064e-06,0.07019179955184995,0.3647362240112409,26.50130959044663,24.0,2
103987,3.873488880460096,0.0,139.80370564688212,1.8410205856641353,0.6773798878749421,0.08226457702046334,0.0752264732481571,0.0,0.059900546236182954,0.2028513616900528,28.56432152287823,15.0,1
59318,0.0,0.0,105.40442154645245,1.0743027900555246,0.630660508976416,0.11052780242844104,0.10780091166141967,0.0,0.08111111514562246,0.35460545987661984,23.09566244530806,19.0,1
33279,0.872923795046736,0.0,118.47146708644436,1.7382106712178036,0.9612883852905215,0.03482762600454365,0.237821988557352,0.047028634608823235,0.0682595902191365,0.7829934564155167,26.503289772288795,23.0,2
72493,1.5954046671017168,1.0,100.93364966278143,1.3604447167824396,1.0707955444139763,0.06657208594270177,0.10849580240222706,0.0,0.11634650289624089,0.5976652639695638,28.68932315453025,45.0,3
75902,0.872923795046736,0.0,95.58682564561386,1.6492989120715298,0.776519017031305,0.04678862706739734,0.2089208133144031,0.006265409663299527,0.14056569694252183,0.5738519916568867,20.484928002448324,4.0,1
90138,2.234779091684268,1.0,33.08818383653488,1.277094229670491,0.7650306132434314,0.05824462509301763,0.2916676693694916,0.14869142354534587,0.07989911657905567,0.7178426855050967,28.561310871786187,9.0,1
32080,5.270402895934253,1.0,145.71782546268452,1.1820405678953774,0.668298156335253,0.038287787309064854,0.2382034174387412,4.759134539259957e-05,0.07523239892816581,0.2662142053083389,27.032880822237388,39.0,2
121496,2.234779091684268,1.0,149.1835310250993,0.7321803953673356,0.7067541031969141,0.023890353676344383,0.22598348239194627,0.0009961907158109078,0.06370578415960063,0.19140808741899407,21.865879259299405,31.0,2
49407,6.117892928831929,1.0,126.56049783009357,0.4201227557391191,0.10114780668180116,0.03359185530961047,0.35580609640493494,0.0020537276739067568,0.06591796798118409,0.11045214003547281,32.042099766571866,19.0,1
4557,0.0,1.0,143.31462638947102,1.1646618235594426,0.5629124880905149,0.03134499269087866,0.3494665287383906,0.14259676968086224,0.0692325431781873,0.44867055468068734,26.947349042893656,37.0,2
63462,5.270402895934253,1.0,90.42529146632874,1.50925136242719,0.5275795784089966,0.11513442824989618,0.2080265135636827,0.012377812595437692,0.12175920649046457,0.6003049092046717,21.203361177005352,13.0,1
99470,0.872923795046736,1.0,42.60560665887036,1.6388100440527043,1.0510985468541778,0.11574060313084805,0.2521076621480948,0.0,0.09570786137811908,0.27465930423277096,20.676870455415024,11.0,1
110310,0.0,0.0,111.91629506797095,1.8447562024754598,1.2271707574696977,0.09141646816813875,0.18376520063227575,0.0009961907158109078,0.10160035464617702,0.3157291000839103,28.772035147581928,61.0,4
51613,5.270402895934253,1.0,118.17000398257059,1.867263047261125,0.6147791006233524,0.061157151049631875,0.18527405936558464,2.899678742910683e-05,0.07344443758622808,0.2662142053083389,23.191598159979016,60.0,3
59375,3.873488880460096,1.0,113.65519925430878,1.2892590495900826,1.4105646242891337,0.07971180677246352,0.11194284909103239,0.0,0.1176543571357466,0.5463834888224122,26.434981357783677,17.0,1
118335,4.359420279727952,1.0,151.83440587164384,1.2024918523025487,0.49792712282742835,0.03557306247571486,0.3481153572284179,0.0,0.104861145959801,0.5053659477481252,21.87354544754608,39.0,2
6716,6.117892928831929,0.0,136.38524926901977,1.0278728688856018,1.160285808401269,0.10127534682474977,0.2606647456595814,0.002965912600349943,0.1394698106234279,0.5738519916568867,24.973903249330448,42.0,3
100481,3.3619271977508447,1.0,139.82366114969318,1.0224814030232345,0.7536102102164997,0.037503497957860635,0.21506826913802218,0.14620111385585224,0.08150955334797905,0.42509082013318533,28.305112560922517,37.0,2
101868,5.270402895934253,1.0,84.34789461434477,1.4499888131526906,0.817265915439901,0.026878179491613818,0.0025502384662666098,5.079014272450659e-05,0.10979175009966557,0.379434781026071,21.867983882808,43.0,3
100416,1.5954046671017168,0.0,143.65261265517663,1.2984243322312379,1.2459205763017733,0.09407062608946572,0.2655899324840549,0.015065401060720823,0.09323773806836998,0.4123487785843696,25.92555300539527,51.0,3
67842,1.5954046671017168,1.0,135.02246140761451,1.6179475077937715,1.1196203641016944,0.06931636345747896,0.08073762434352733,0.0,0.09972625759298626,0.4378010692265794,28.66480313275537,22.0,2
146676,0.872923795046736,0.0,97.84816749590117,0.9957462955575801,0.022368214238170644,0.04379041442699696,0.37483015478170034,0.14878649775854638,0.07389614600927014,0.37117222363207886,18.89723436661457,10.0,1
42772,6.117892928831929,0.0,125.33499330385692,2.1418351341507593,1.6620176809780942,0.052867886858076925,0.21593067514693054,0.0034244565329958707,0.06174699920559377,0.6849985289500192,27.28436625212924,34.0,2
124801,0.872923795046736,1.0,92.91068270905986,1.4016217618309161,0.9550055590897916,0.11209592493449108,0.2053189330857846,0.0,0.0944893301378407,0.3472244379771469,27.761818610655716,19.0,1
91574,4.359420279727952,0.0,96.23970972441973,1.8710297385230998,1.5325301385083494,0.03880600336970576,0.04623799356833079,0.00012294222374441464,0.14345319781511892,0.6310095803516407,25.972692266423895,21.0,2
125092,5.701060861471607,0.0,185.35275958004573,0.37466554269853625,0.5921017208742838,0.040085503505564654,0.30136114710807355,0.13577944080235285,0.11479565148345594,0.19904021217904416,25.810675195290965,18.0,1
73278,5.701060861471607,0.0,116.91186572791592,1.0144220302914997,1.1421322571741443,0.10980454318077999,0.07842206986670712,0.0,0.09917475099732172,0.44595533372469104,28.35582305824288,63.0,4
100954,0.872923795046736,1.0,139.8984906513337,1.4467356640090427,1.4006167860242422,0.1035886709897732,0.11262682189264288,0.0,0.1357832242966237,0.6090947568251034,27.552928254653352,34.0,2
58178,2.81870192439919,0.0,169.17450861310675,0.366150337342963,0.35681589601177693,0.030629476337651843,0.3087379533602607,0.14540940449185707,0.13420548908334992,0.2028513616900528,24.794099878169863,27.0,2
152389,3.873488880460096,1.0,187.10991430350003,1.684540299697343,1.3734305307687875,0.0916158468366306,0.008880373055813805,0.1188112932445284,0.11684452751132064,0.4793441631124205,26.89706511185277,11.0,1
2312,0.872923795046736,1.0,68.45804696171744,0.8356733126244692,0.26345648549552336,0.03550559855419764,0.3626433241814785,0.045982591792480154,0.05366577368042376,0.6345081025096693,24.23640298345989,13.0,1
66321,5.701060861471607,0.0,144.11467418251686,1.3230403074748542,1.3513725909920593,0.05581785744347516,0.09129645354967957,0.0,0.11583914795584942,0.43961424622178924,27.67500776406538,15.0,1
7229,5.701060861471607,0.0,84.17090266393416,1.0798363793789911,0.17992649786762693,0.09080883719607807,0.20622559862988302,0.1480116311050532,0.07907699494507488,0.5339328914848354,31.787491189371128,35.0,2
101892,1.5954046671017168,0.0,119.18636485504764,1.6423020601527738,1.0751944363573847,0.03226558454660768,0.21891869809742429,0.0,0.09972625759298626,0.7974715008392304,29.183060079893597,33.0,2
32698,2.81870192439919,1.0,151.7259349749025,1.0144220302914997,1.0315616104748004,0.025435779189136993,0.13170501708479113,0.0,0.09917475099732172,0.425999744827912,28.497911397372715,52.0,3
154591,0.872923795046736,0.0,90.48900408456971,0.9202876017469687,0.48331867960419655,0.06776810307407538,0.3687395914417553,0.0,0.08111111514562246,0.768481093321827,22.678115353639722,22.0,2
133233,4.359420279727952,0.0,140.2226856068851,0.5871171410342558,0.4139711117068804,0.032054095044992494,0.3231780504713312,0.011468359494094787,0.0912961293942096,0.3509163440956271,25.99209353481481,45.0,3
8898,1.5954046671017168,0.0,82.45722355301683,1.4532460742582065,1.0358893422160114,0.03247650422115219,0.13980511964077502,0.0,0.056987518518407956,0.3858517145013685,24.607717641592135,7.0,1
49523,1.5954046671017168,1.0,121.75495399959894,0.9050560474853104,1.2108708886987363,0.03684347528477961,0.2697376361401066,0.0,0.09259922813974525,0.5080505822351178,23.059852958930513,49.0,3
6600,5.701060861471607,1.0,122.33486465775229,1.5059237685634277,1.1173801565958892,0.04257727432062326,0.155228029851228,0.0,0.1176543571357466,0.5241301357294121,25.837143914704075,60.0,3
119095,0.872923795046736,1.0,107.17370362359735,1.249954663221884,0.971798776571637,0.03345331143459896,0.0,0.0,0.07523239892816581,0.4694400923118106,27.286566407548573,14.0,1
97039,1.5954046671017168,1.0,130.5040663101519,1.0993228154521477,0.448216650415155,0.024666575841302687,0.23743973259256684,0.13740235858540698,0.07207008747600625,0.2915038241674874,22.902543202718746,49.0,3
110972,3.873488880460096,0.0,99.58903358973835,0.9382217518481557,0.9053728438287705,0.1162013084768296,0.017621890125477362,0.0,0.12644056977927082,0.7341966756319006,26.149882058818218,9.0,1
101647,4.359420279727952,1.0,158.75386652255082,1.5766811031181405,0.7900082832763979,0.05328367386024081,0.30729544118504715,0.0,0.07113757653068406,0.6702452610397654,25.107805565134775,56.0,3
67298,1.5954046671017168,1.0,128.81969057946162,1.867263047261125,0.7030562129490128,0.07501499474701619,0.15921216697781893,0.0,0.07160547706998972,0.372090967206333,25.974967407234843,48.0,3
83834,2.234779091684268,1.0,78.81414991035845,0.7783950615769446,1.139872073704656,0.03134499269087866,0.25932539471476873,0.12027383939465348,0.1085152749541968,0.7582161929317754,30.72594643635822,63.0,4
134253,0.872923795046736,1.0,120.16580012418646,1.4273029632982537,0.9404137982053083,0.07534654601913696,0.00011897883883868125,1.1399950351605079e-06,0.12845635323811264,0.5844482742465293,20.912425864444234,7.0,1
132993,3.3619271977508447,0.0,102.55738084713134,0.8849480810453934,1.0100410881731547,0.09957570687151389,0.19362507690967473,0.0,0.09718602680360759,0.3472244379771469,23.536663711577905,1.0,1
141713,4.824000686513771,0.0,92.7149547342304,1.2559580752183774,1.1923635900503382,0.03590947778731781,0.10640559698907252,3.699947701127643e-06,0.1125876738958727,0.6763246671744051,25.979249658065406,33.0,2
60544,2.81870192439919,0.0,118.7472862962354,0.9798822134503042,0.3926211324811446,0.024743810858571722,0.34570735067700653,0.1482817668352984,0.07697095147323091,0.0873289316133156,22.598807398968436,41.0,3
150397,3.3619271977508447,1.0,115.53387514888502,1.698757269387999,1.3981349919391537,0.10731328807663247,0.04126698976593212,0.033036169012816585,0.0626534392312979,0.5178827095260955,27.429576209423438,54.0,3
73070,4.359420279727952,0.0,138.74547806542927,0.8675408250285294,0.27163782908493056,0.04379041442699696,0.36424191240932374,0.14665162779776317,0.07782218133052284,0.3472244379771469,25.752029038418538,18.0,1
153869,6.117892928831929,0.0,133.36642739421728,2.113369398190098,1.1694107022410731,0.04673112473458526,0.004084890958475957,0.0008998930090883847,0.07298954199416931,0.6962553346128163,25.96533058907825,25.0,2
38985,3.3619271977508447,1.0,51.89355251977751,0.8552135014387723,0.10080396775144336,0.05009339799691467,0.37470221175114343,0.14882298549156928,0.07654086052747315,0.3849355163638353,33.74594253285744,47.0,3
63324,3.3619271977508447,1.0,119.3905085541041,1.670392228724202,0.3291766841448014,0.11922329561786674,0.31134132697229877,0.0,0.10696278729458521,0.15112035188052228,22.914053458232722,25.0,2
81600,2.81870192439919,0.0,82.03743555373741,1.277094229670491,0.3956501443205973,0.04899224740895944,0.36234969414760476,0.14843876050703148,0.10212019116983716,0.3110799737441455,25.25254969962109,32.0,2
18790,5.701060861471607,0.0,158.4059945326983,1.580096699910016,1.0467431886384175,0.07044380416764916,0.06207547395724259,0.001797549405285432,0.06980972660585218,0.16170797203546602,21.23342689463981,36.0,2
49773,0.872923795046736,0.0,86.95912709837789,1.0523187556135853,0.4545349207481146,0.03809250140100743,0.27067931385650346,0.14817265375133779,0.07866163055322024,0.304563566592905,20.170311940827442,44.0,3
658,4.824000686513771,0.0,130.05554148091707,0.9126556457501946,1.4836782886015223,0.04843439090520536,0.019417686065019802,0.0,0.11407800504076084,0.47124222729765775,27.12628568158311,74.0,4
81130,4.359420279727952,1.0,112.60099627418809,1.2862118976616896,1.2062319625131506,0.053799353682425805,0.12787458610078709,0.0,0.07160547706998972,0.5658914195524049,27.49632070740372,9.0,1
115886,6.117892928831929,0.0,111.13304498070046,1.4305314995612604,1.329481015462743,0.048825403940717715,0.2172170175632873,5.708754643185051e-05,0.11600931508282333,0.6615493185898008,22.463256898769803,62.0,4
26485,4.824000686513771,1.0,71.37168272656378,1.8899300099487994,0.7536102102164997,0.051068087757705695,0.24529654364002723,0.0,0.1046199903677044,0.6222538369971233,23.778890835333808,35.0,2
96541,1.5954046671017168,1.0,111.43200956647351,1.2054289960576283,1.0250847906186369,0.052815709546380964,0.20667737463872096,0.14806663858333122,0.06717325841193995,0.07351045057714747,32.15755093045326,1.0,1
27882,0.0,0.0,97.23361802644946,1.2953652640842788,0.7822887621101576,0.09018667070769226,0.2780110728216572,0.0,0.07824336696718033,0.4105258689230816,27.480868495834258,55.0,3
75599,4.359420279727952,1.0,114.81064420879828,1.258965687733321,0.8369642726908375,0.11341562392299441,0.3370088762442755,3.859430859716772e-05,0.06687402409031792,0.6301346135010327,20.9022010832361,30.0,2
135931,2.81870192439919,1.0,109.00086113091982,0.9693795334875999,0.6042741472907891,0.09258961304742667,0.13485229153255027,0.0,0.10650624542551308,0.4595172001147029,19.825592412220274,20.0,1
25280,5.270402895934253,1.0,154.95069060729136,1.4467356640090427,1.1831582989482943,0.0461533086282955,0.15751312861954064,0.001984806558653298,0.08892922146119757,0.7633508144214861,25.059431712842834,60.0,3
83778,5.701060861471607,0.0,107.78497335744825,2.241166655948485,0.971798776571637,0.09829752883170788,0.10074959601613999,0.0,0.0652563208801996,0.4468605662115773,26.103227121501362,22.0,2
139228,6.117892928831929,0.0,113.61922520470769,1.9666508341413012,1.2742887424067721,0.07941640169894552,0.1941059981153935,0.0009961907158109078,0.05366577368042376,0.7152563614657733,24.8848693563508,22.0,2
62089,2.81870192439919,0.0,126.99559802282711,1.4499888131526906,0.9929661400695023,0.08463728846781318,0.07749049892923121,0.002260270455005086,0.0560111652642022,0.6658989234852036,33.69142639256245,48.0,3
15323,1.5954046671017168,0.0,106.81085052924016,0.8211656767816108,0.4419266939684234,0.0431865287142909,0.3136627406670611,0.0,0.10107366171887236,0.3656561673256651,26.39105264015433,25.0,2
97471,0.872923795046736,1.0,58.5912420544129,1.2439669833584739,1.5041555271287885,0.05531977924046881,0.017147645668493677,0.14807567465457025,0.08229821707572699,0.39683299385755855,34.43311030909459,32.0,2
152256,3.3619271977508447,0.0,78.25615582350903,1.1105412085910351,0.9508267515704789,0.08226457702046334,0.007054735030288943,0.0,0.06908747875016392,0.5152030121689768,21.706585237758237,36.0,2
59913,0.0,1.0,98.03714865328627,1.3762010353347607,0.34802053343545675,0.11086761095635628,0.2858507883540187,0.0,0.1192013035939258,0.3610547290259492,24.805147690696074,9.0,1
21082,2.81870192439919,1.0,129.71269905367737,1.4240785193695762,1.3513725909920593,0.04385050974019494,0.04082706055637783,0.003716287272336159,0.1236889362795961,0.329649459445562,23.192031649934968,65.0,4
67282,6.117892928831929,0.0,108.43196486347085,1.354170443691811,1.319804715011444,0.03557306247571486,0.21934173687650124,0.0,0.09323773806836998,0.5782695745186084,29.788565474519906,48.0,3
35786,1.5954046671017168,1.0,86.01332954832714,0.8454152376174606,1.7548589521511095,0.06322975991368103,0.03594595641034841,0.0,0.09600744425199255,0.6476084860628607,29.472083411555232,45.0,3
66555,2.81870192439919,1.0,124.44771231823215,0.7948945864056484,1.7054004852858022,0.05117544300866493,0.006927442155667886,0.0,0.100270542490563,0.44414439156625246,25.79010554915442,26.0,2
114824,3.3619271977508447,0.0,69.63880232678612,1.7023222984191564,0.23794773678388204,0.06102200408319748,0.2894796749158462,0.0,0.06918422264604328,0.5062609762137036,27.27944782054053,15.0,1
43014,6.117892928831929,1.0,155.6190466503249,1.3168623695632067,1.6218401523063755,0.03198347162171691,0.05610906767579077,0.0007756928290379299,0.05490560291793002,0.6134845293745955,25.96774002134979,29.0,2
120824,5.270402895934253,0.0,113.98916632053898,1.3168623695632067,1.4633344786443667,0.07632487083264694,0.1887532915200161,1.9298577070118352e-05,0.07782218133052284,0.7195662755401635,26.62402285409737,18.0,1
114383,4.824000686513771,1.0,166.19500346460129,1.1218203956730715,1.2957571169063415,0.06969534196105091,0.27067931385650346,0.0,0.12381154675558945,0.6266333978237972,21.152983127594496,27.0,2
97239,6.117892928831929,1.0,111.05570784526873,1.7781902494919293,1.0186256893922574,0.07007114572550133,0.24675338874745154,0.0011350514459103735,0.1135278727644392,0.7889591378426426,19.686581963583258,13.0,1
66625,4.359420279727952,1.0,103.76105600390854,1.7238032976844435,1.1648442414606313,0.04462693456131607,0.06477012289245386,0.012014854669023495,0.07654086052747315,0.5667764960218026,23.898602548490842,25.0,2
1730,4.824000686513771,0.0,91.07804319789376,1.116173191799425,1.8360040273160725,0.09101297716999975,0.02129722678586382,0.0009961907158109078,0.12331669781090818,0.5756194484892455,28.969039471340256,53.0,3
106985,4.359420279727952,1.0,115.08257319931559,1.7635911034941345,1.1489248154734721,0.037503497957860635,0.09424038591331747,0.0,0.08644706391858864,0.8735637266114633,27.633072384867912,47.0,3
45263,6.117892928831929,1.0,166.91992266363889,0.2974441174908126,1.3173907569336416,0.05170941569813888,0.013712425199831665,0.12792544665594097,0.10807879371529658,0.3922603925171521,26.890268610694065,41.0,3
8711,0.0,1.0,74.13742645597571,0.8552135014387723,0.9197336231387233,0.09579709610988524,0.23858402162324605,0.003939573289650818,0.07866163055322024,0.2971052741693927,23.716747217029436,29.0,2
17615,4.824000686513771,1.0,168.5044165931565,0.41122628964620644,0.5800188445912715,0.03880600336970576,0.2847155259014564,0.14793612824899144,0.09227673809299898,0.22375482435312113,28.59754973089342,50.0,3
51014,1.5954046671017168,1.0,115.77480808653428,0.08552256584090176,0.015375565220478147,0.0332450285748339,0.37328205313473023,0.14818982032418188,0.0542585308030303,0.05944804180028472,33.026060552389886,59.0,3
51402,1.5954046671017168,1.0,132.2607683562791,1.6492989120715298,1.6755162905062593,0.041342447356368994,0.0009985074216367666,0.14805756513607893,0.10627575941954966,0.5588056688922406,27.02584705979617,30.0,2
41445,3.873488880460096,0.0,145.89634786745623,1.4112216109464688,0.7900082832763979,0.060112080397729396,0.0993166428042023,0.011468359494094787,0.06370578415960063,0.553485336862008,21.448424821760696,47.0,3
64992,4.359420279727952,0.0,114.15352945781954,1.792859470542298,0.6484815224571175,0.10859994509028802,0.20622559862988302,7.279797536481203e-06,0.07019179955184995,0.3129401677457382,21.406974537686782,9.0,1
36781,2.81870192439919,1.0,131.77788442476978,1.071541642188199,0.3656734882374335,0.03414355059055638,0.36101684529083516,0.14444886832852719,0.11277808358501228,0.6571964343496536,24.93113331897896,3.0,1
132398,3.873488880460096,0.0,123.44780243009295,0.9228387905195625,0.8389446157210648,0.037503497957860635,0.051639214901532914,0.052020288919034534,0.07948948280021469,0.04672029222863148,25.56878101432637,46.0,3
159679,6.117892928831929,0.0,121.7803969543856,1.3292342453589678,0.8809746737279629,0.11389340562746535,0.22352051064288078,0.0,0.06458850317541653,0.5561461496395317,29.179969586935282,29.0,2
35114,2.234779091684268,1.0,33.69335789782286,1.1531530780227583,0.858853361084863,0.038157654766122096,0.3132018552457221,0.14856260352903555,0.08680895131871912,0.5782695745186084,28.54964255056083,9.0,1
121969,3.3619271977508447,0.0,128.48142804049948,1.6457983485520453,0.8192271637225136,0.09389050618719966,0.26396506912166884,0.0,0.07782218133052284,0.4928196937814543,29.30883869716565,6.0,1
9025,0.0,1.0,132.13504168355345,0.255877733943388,0.06057487310748179,0.03550559855419764,0.36860238188452427,0.14672635473194454,0.07344443758622808,0.03781648672357541,20.184272646336886,16.0,1
90708,0.872923795046736,1.0,152.41108741609798,1.4663162944046058,1.1084392632811322,0.040085503505564654,0.22598348239194627,0.0,0.06776790858233991,0.5835660242459407,24.496068888597968,54.0,3
145727,3.873488880460096,0.0,120.71113533614164,1.0853850452792237,1.353815249832546,0.058717534870942424,0.27099193577783337,0.0,0.07567160824092482,0.48024360588362286,22.42943102968217,47.0,3
19562,6.117892928831929,0.0,157.77366472627764,0.897488732723847,0.7384885474384946,0.07851550707857491,0.17762069843415543,0.0009961907158109078,0.07948948280021469,0.24361824637685142,25.55389864333134,66.0,4
18000,0.0,0.0,155.7369490645296,0.47507469484593656,1.716331415385084,0.060112080397729396,0.0,0.14242408070816467,0.11979409945598393,0.42963382439383313,27.791864735756175,35.0,2
33177,1.5954046671017168,0.0,113.55755161486384,0.18270909412676356,0.2566849717186903,0.03414355059055638,0.34640107140675985,0.1489105495776831,0.08111111514562246,0.12211148451059364,21.42054323276655,36.0,2
116424,4.359420279727952,0.0,127.31925501723946,1.277094229670491,0.7555088942782333,0.040022067903532466,0.29193879468905093,6.739826457986064e-06,0.08995736455673303,0.6988499935977971,29.79051567344652,33.0,2
69786,4.359420279727952,1.0,105.21738845885568,1.1218203956730715,0.971798776571637,0.10747283603763581,0.004657329262094109,0.0,0.11859386596217729,0.5906201054722333,25.95890469376376,1.0,1
63333,2.234779091684268,1.0,105.53947150320157,0.26646250553968936,0.37907688330725015,0.029907481693841425,0.33587087999133947,0.0,0.06717325841193995,0.16266919995123785,17.10088321602739,7.0,1
19684,0.872923795046736,1.0,132.91929678971613,0.9000075885026969,1.1534632002710248,0.040590962981325904,0.04380620638882941,0.0,0.09323773806836998,0.06141774509916779,28.05709996137947,45.0,3
41689,4.824000686513771,1.0,120.37989907349987,1.6492989120715298,0.7141723179935984,0.10961413721893093,0.1765793395003656,0.0,0.08608269509259017,0.45409671780157784,29.37792744480075,19.0,1
6615,3.3619271977508447,1.0,118.04734344842468,1.1617788655968144,0.8729036385143312,0.029178943760520885,0.2847155259014564,0.0,0.07066635954166857,0.33798239709523725,21.56274424618061,29.0,2
63682,5.701060861471607,0.0,156.88582873267373,1.0063959825440436,1.3513725909920593,0.041962598355487504,0.04736046046136347,0.13016482571677399,0.055431191649043365,0.5809184321198676,25.70596324752783,56.0,3
123801,0.0,1.0,82.21507543130775,0.9305140056689871,0.288182827141673,0.050636785623080244,0.3175131692008499,0.14827357759696985,0.07479010183432175,0.1443692107658123,23.089720951795044,42.0,3
75247,1.5954046671017168,0.0,158.55789576535543,0.7690426018513223,0.8270912295607865,0.02604613551591319,0.009532020620383094,6.498386241957813e-05,0.07479010183432175,0.25869452132756765,29.782592446403097,31.0,2
44547,0.0,1.0,108.03348357897355,1.4959659338530724,1.3587067315067167,0.09101297716999975,0.13422605430153228,0.002965912600349943,0.06776790858233991,0.6275089041868975,27.799788105431954,1.0,1
32267,5.270402895934253,0.0,62.96805245800929,1.0605346314265924,0.5714429205166435,0.09039569818937865,0.28414454297905156,0.09036896492578804,0.12901708090428082,0.2699694764964411,23.13592152956343,35.0,2
3592,3.873488880460096,0.0,124.37669078846912,1.7490618513824774,1.4557398888377278,0.07044380416764916,0.2319999480755242,1.1799468084978377e-05,0.06761972143576706,0.4667357229045698,25.971889243228038,31.0,2
82831,2.81870192439919,1.0,109.84824698853849,0.5687461083073212,1.5481140364786548,0.05276348676969412,0.03325079712840182,0.0,0.11797137715506432,0.5250220325545847,29.939083343226173,68.0,4
51992,5.270402895934253,1.0,65.08176507673063,1.4208581649724286,0.556120840764112,0.11124680106042624,0.19791321344492074,0.0,0.10741349334001439,0.4595172001147029,25.951674269828587,16.0,1
12739,5.270402895934253,0.0,85.85822733297493,2.0412105181439637,1.6059025151258526,0.080004802065222,0.1558014307814477,0.0,0.12892496155362296,0.817005514313588,25.70933252783957,24.0,2
44097,1.5954046671017168,1.0,104.91595736439841,1.456507450130662,0.5359198474324859,0.053799353682425805,0.00024790810868708263,0.006930238515066886,0.0807099107755365,0.5366032848165226,26.634286408936475,9.0,1
133186,3.3619271977508447,0.0,117.33657505723792,2.0135500188167925,1.1421322571741443,0.06357432797182413,0.05341829523481577,0.0,0.06115455296583073,0.5756194484892455,22.019909384574657,63.0,4
135882,2.81870192439919,1.0,76.23611590539763,1.5698625629767227,0.744145053523369,0.08660651291880815,0.21463560404457743,0.012377812595437692,0.10437726552568219,0.21616482417443889,21.435629734121004,9.0,1
136493,5.270402895934253,0.0,131.36522032644928,1.1531530780227583,0.7517134112457518,0.027328538996671415,0.16914742208479003,4.239931321707885e-06,0.07019179955184995,0.2180635239145109,22.90939154566592,3.0,1
76373,4.359420279727952,1.0,180.91807966258912,1.2529544013102096,1.2016011071995636,0.045628904302400124,0.036482197696332826,0.14854135749879283,0.08644706391858864,0.14050664092053686,25.158988358452273,13.0,1
47263,0.872923795046736,1.0,101.88432079869659,1.1133552989984767,0.3177246618719395,0.11837377718212204,0.09350737751597628,0.0,0.07567160824092482,0.25493008433871256,22.47255669663748,7.0,1
51544,3.3619271977508447,1.0,121.66335306028027,1.5125831187873215,1.4230459552752195,0.03724019604240859,0.2606647456595814,0.003005001551818572,0.058233323792872396,0.425999744827912,26.108828704621327,61.0,4
104581,3.873488880460096,1.0,92.42389869574566,1.5972380637191486,0.8369642726908375,0.06102200408319748,0.1744815277128284,0.0,0.07479010183432175,0.42509082013318533,28.7677910595325,2.0,1
651,4.359420279727952,1.0,39.95908031370682,0.6984104567706283,0.3220063272070616,0.04121775540709883,0.3472617649024948,0.14884683898019796,0.07253143383276514,0.304563566592905,20.167455547591608,12.0,1
119764,0.0,1.0,108.14218109923407,1.6916401609057337,0.7253558029455678,0.080004802065222,0.2579748766335213,1.409992405060968e-06,0.06737203932182984,0.5923822294541841,25.989418082730616,45.0,3
131757,5.270402895934253,0.0,142.59353830440523,1.443486624022477,1.3882284599771346,0.08867623283039489,0.025763559856464207,0.1409617521027875,0.1176543571357466,0.46312771325061475,29.126035342043807,13.0,1
81956,3.873488880460096,1.0,40.09019258452709,1.9822113074352263,0.45137224364169387,0.10164462000814617,0.2924794775923191,0.0388792474124064,0.07989911657905567,0.5499355690315485,28.223745302204716,39.0,2
24110,5.270402895934253,1.0,87.6741794809197,0.9126556457501946,1.4633344786443667,0.06616661355998277,0.0034025981497238515,0.1409617521027875,0.0878799146864748,0.1385740475400913,29.306373583717665,20.0,1
37356,0.872923795046736,0.0,136.3451952002703,0.9177400165281233,1.7742801479019172,0.05431056943270107,0.0019940376062208094,0.0009961907158109078,0.12405459357167793,0.7718988755203128,27.067640573811758,62.0,4
52402,5.270402895934253,1.0,162.48054636905275,0.5995087379969654,1.6863534561629305,0.050636785623080244,0.002986602388962986,0.14025741014367893,0.14353125557005586,0.43054194018397496,23.10464518644734,44.0,3
119559,0.872923795046736,1.0,113.55755161486384,1.7166256457400175,1.0143294574313837,0.044090360401503007,0.04519817583223786,0.1472313344147767,0.039322882389741076,0.3398322134003418,27.02649838645803,17.0,1
130051,6.117892928831929,1.0,125.80108882064462,2.1911638408862575,1.6728123173826326,0.06776810307407538,0.1964938211855431,0.0032685407013052213,0.14368214331085297,0.7333370560811653,27.28371912459049,68.0,4
82144,5.701060861471607,0.0,107.90923869439271,1.3354442055656686,1.0315616104748004,0.030557569463256933,0.030532185089493704,0.0,0.10915962010817792,0.25493008433871256,25.965732171669547,1.0,1
69325,4.824000686513771,1.0,147.5907562029394,1.2892590495900826,1.4006167860242422,0.059651224241981105,0.02502350614647099,0.0,0.0929195560165614,0.4990965284816648,27.113419766256154,22.0,2
159148,0.0,1.0,41.92547385679909,1.7454404380504511,1.0057605767148683,0.07007114572550133,0.10359265120566807,0.14858359650791927,0.08716837634649345,0.6537117577120378,27.0723249564038,16.0,1
108753,3.3619271977508447,1.0,104.00051013365939,1.2710355796097998,0.858853361084863,0.09512248854355311,0.28037777348200726,0.00012294222374441464,0.07479010183432175,0.2896351940766277,33.078153808217806,21.0,2
2618,2.234779091684268,1.0,66.34309039889781,1.0743027900555246,0.0815526230969729,0.03684347528477961,0.37470221175114343,0.14648129928046102,0.08030591854684666,0.41963386075746517,30.158152838822694,55.0,3
87703,0.872923795046736,0.0,173.5064032885281,1.035987948999315,1.0100410881731547,0.04899224740895944,0.008880373055813805,0.1446466453551033,0.08680895131871912,0.5428290888758212,25.907994831892243,19.0,1
48725,2.81870192439919,0.0,89.71339749347274,0.9615409198141054,1.1671264680853237,0.0769637268850384,0.11870244613380132,0.0,0.10133787158252591,0.3407568569568942,24.44297421354621,62.0,4
5594,3.873488880460096,0.0,101.90520040172599,0.8675408250285294,1.3758917009694793,0.02829596852094633,0.07246982296508911,0.0,0.05618433838635111,0.2680922205501752,27.027019440092282,23.0,2
26250,0.0,1.0,109.87406721139216,1.1966292274711101,0.022368214238170644,0.039448600807730404,0.37023507737824185,0.14437275756392093,0.07160547706998972,0.04375456099840894,26.39343559201465,1.0,1
50507,6.117892928831929,0.0,123.50366544466942,0.7597450800680996,1.5742552026161614,0.03684347528477961,0.0019940376062208094,0.14853421865942973,0.12488293093845737,0.22185852236336234,26.457455771705956,25.0,2
15565,0.0,1.0,118.1597829674018,0.9511404885049599,1.0862263751542853,0.05431056943270107,0.11398938173084487,0.0,0.11041192561352685,0.5143094816331635,31.57482779220691,28.0,2
67779,4.359420279727952,1.0,136.44532721272014,0.9904435638128387,1.4557398888377278,0.027103665101560117,0.012173927312330222,0.14836968489759983,0.08150955334797905,0.45228862939516046,27.674366876556192,12.0,1
18870,0.0,0.0,145.68310913325197,0.8187599816799841,1.0186256893922574,0.028812200552599924,0.24308780253403353,0.0018862839842005885,0.12807164233603202,0.48294101076463797,29.01125969972851,25.0,2
149308,2.81870192439919,1.0,138.03102046895427,0.6545544784683045,1.7081300168957543,0.04673112473458526,0.0009985074216367666,0.0,0.11239606234866689,0.5508232274881332,29.42908733116547,46.0,3
54469,6.117892928831929,0.0,138.1259788702522,1.5059237685634277,1.6245038255176485,0.046558313762281686,0.04415479475309398,0.0,0.12737664277608474,0.7693357188635067,23.62724937792191,18.0,1
75199,1.5954046671017168,1.0,80.51177229644578,1.3199493399191744,1.0186256893922574,0.0997124288993236,0.0760873691556447,0.0,0.12268131026148278,0.48114289466383386,21.7542896847864,53.0,3
102468,3.3619271977508447,0.0,148.47153708873017,1.3447892366328362,1.3029499461191854,0.029178943760520885,0.00023491748852990694,0.14551179302132464,0.06801418606516205,0.7109433115136713,27.003695589807993,44.0,3
73821,0.0,1.0,126.32262003085025,1.1445618616011808,0.7958178421299469,0.03134499269087866,0.27408364899257415,0.0,0.11566792219410234,0.6832647885223685,25.53224105303807,54.0,3
34468,4.359420279727952,1.0,113.2645365807071,2.0690952261837947,0.811393604128813,0.11170849943950471,0.042232620438445376,2.079983472138345e-06,0.05001700446081454,0.6589379823386252,30.76626165067994,1.0,1
122722,1.5954046671017168,1.0,106.68121745896552,0.8139590618663869,1.0510985468541778,0.10235887299442069,0.2892037810752459,0.0,0.08150955334797905,0.6388782359477272,32.189114263172605,47.0,3
84013,6.117892928831929,1.0,113.6654772550635,0.6267561796552508,0.5493582130984525,0.04391055194231201,0.325496631491568,0.147715025666469,0.09029545927515505,0.24361824637685142,32.16368027610109,16.0,1
146678,0.0,1.0,70.78922948084612,1.3045544042799484,0.6920073491138415,0.05680116751690537,0.3231780504713312,0.13898245284998711,0.09718602680360759,0.39134537056455715,25.978045323483254,51.0,3
1489,4.824000686513771,0.0,65.51556018259342,2.1336788745136306,0.9012871754952682,0.1116585814136889,0.0760873691556447,0.0,0.11549563035956101,0.5116279940761842,27.75964420102541,55.0,3
124265,6.117892928831929,1.0,149.18847372189342,0.8724965562789044,1.4532125165491048,0.03557306247571486,0.16089867049836257,0.0004452410641153595,0.10696278729458521,0.555259355923415,20.950352271988812,52.0,3
8996,3.3619271977508447,1.0,95.80803488834697,0.5426649349516074,0.03488124950664175,0.036177528458350545,0.3753400103877654,0.14876792934782157,0.07066635954166857,0.18567534203771005,25.624875305823466,39.0,2
48608,0.0,1.0,137.67609300525137,0.8091720843236079,1.0707955444139763,0.03482762600454365,0.2128951275573229,0.0,0.07654086052747315,0.25681268701775833,27.931066376247262,11.0,1
150209,4.359420279727952,1.0,117.74572539016926,1.2710355796097998,0.46088154821066385,0.02740336134270613,0.2977735712272259,0.0,0.1293803312247751,0.581801103291445,27.005520295945953,42.0,3
31342,4.359420279727952,0.0,91.65064110002861,1.0010637611083457,0.6828512271475592,0.08386550447689363,0.3556485036265357,0.11796375845620094,0.0678665245991464,0.2521047362767937,20.24432538759023,35.0,2
24829,3.3619271977508447,1.0,131.14371428707253,0.2063373850386011,0.025475726231946983,0.041962598355487504,0.3659547628917664,0.14578632070984665,0.07479010183432175,0.03385284717249847,27.314640134699577,48.0,3
127751,5.701060861471607,1.0,137.50608133064654,0.5912348122088464,0.014148908096184002,0.04843439090520536,0.3752128331966564,0.14873649112615123,0.06776790858233991,0.146299191059229,22.4227799905645,50.0,3
140438,5.270402895934253,1.0,119.6507193629961,0.6225285599873925,1.3611555555156263,0.05276348676969412,0.003976213546291906,0.0,0.09227673809299898,0.2840248434483561,29.922924822509348,19.0,1
105173,1.5954046671017168,1.0,125.07650738375251,0.7854455645604872,0.9760166024735442,0.04071676728200563,0.16860685887279303,0.0,0.09479702346996888,0.39683299385755855,26.711965338069064,50.0,3
63551,2.81870192439919,1.0,115.8670612764611,0.37466554269853625,0.057314228853199534,0.036177528458350545,0.3443059588382177,0.14798361083700573,0.07523239892816581,0.03087751911614455,28.536715768112998,45.0,3
114624,2.234779091684268,1.0,130.92719069658915,0.9202876017469687,1.496460907685237,0.04257727432062326,0.004962882796202298,0.0,0.08229821707572699,0.5303703138952661,28.81457721795942,20.0,1
87208,6.117892928831929,1.0,128.7187300180104,1.6214139493243716,0.8608547809331345,0.062401915884055754,0.3101645249866143,1.1299512206718057e-05,0.12393343090235127,0.4387077377800461,25.979784905706904,16.0,1
93436,0.872923795046736,1.0,90.89767470015873,1.354170443691811,0.17992649786762693,0.043970541085308554,0.2524586145099518,0.14885862670896927,0.0909648244230264,0.723011956415217,21.716554634109354,16.0,1
134089,0.872923795046736,0.0,139.08503513080396,0.3460081396049776,1.782635713319595,0.07911856488323085,0.0,0.14842362656171054,0.11905083262975834,0.17897769686555445,30.72165037036062,36.0,2
16217,2.81870192439919,0.0,94.93330434859006,1.5427567021324977,1.2600680937293525,0.11420119731144057,0.3038662397214829,8.197431863220054e-05,0.11700849582798221,0.4378010692265794,26.64849304455533,25.0,2
41554,6.117892928831929,0.0,105.64333928058811,1.1531530780227583,0.8468851234775537,0.06776810307407538,0.13672143769829853,0.09809986301748602,0.09600744425199255,0.15497339791921644,24.268508468060347,35.0,2
142284,5.270402895934253,1.0,153.48475511083126,1.5766811031181405,1.5481140364786548,0.051762557047895924,0.08425143211202984,3.489534735184585e-05,0.057895522580797866,0.6161167520118906,24.195423219908694,3.0,1
45116,0.0,0.0,109.29548581141964,1.8002204158456978,0.7745995549638897,0.11426718624503288,0.23743973259256684,0.0,0.07989911657905567,0.7057634965086762,22.014971286459424,47.0,3
138423,5.701060861471607,0.0,103.72461041348635,1.0826088263724851,0.882997246197953,0.10315298150069982,0.05752870250965461,0.0,0.12381154675558945,0.5062609762137036,24.942552662552753,5.0,1
15932,0.0,1.0,110.17868039869329,1.0550536357269065,1.2108708886987363,0.03482762600454365,0.13170501708479113,0.02110588240330083,0.07066635954166857,0.601184514321482,28.010216430991303,42.0,3
82706,4.824000686513771,0.0,104.22947951946247,1.310700409278527,0.5459877684173237,0.030485597741861343,0.3138925520714904,0.0,0.0846000186739813,0.44504994222165256,22.465323744323484,27.0,2
58992,0.0,1.0,122.97027977800714,0.1979122177011427,0.8528606142967284,0.03155839396012166,0.2517559697250103,0.14822373451728077,0.050327215821000644,0.09260885307768559,18.62381069771561,15.0,1
51714,5.270402895934253,1.0,160.0023668865616,1.3920585419964056,0.7272262776524988,0.08199009495769913,0.3379483210404142,0.0009961907158109078,0.08384328428839721,0.6519686275075127,28.28983680523627,20.0,1
136419,5.701060861471607,0.0,156.06111474507188,0.5288420113742089,0.7067541031969141,0.029834923427193325,0.3364413409667387,0.07662227615159621,0.1231911327681001,0.1732287102697829,32.808906737376645,39.0,2
150071,1.5954046671017168,1.0,111.1536669169728,0.5074297705021785,0.4640655093621761,0.038157654766122096,0.28357130992224394,0.1447427799270589,0.08608269509259017,0.15786092743258234,24.230371235236657,7.0,1
102990,2.234779091684268,0.0,64.45816035134136,0.6917471891808397,0.20916362909390335,0.030629476337651843,0.3101645249866143,0.14854135749879283,0.07434469244013149,0.24927765074655053,25.071359753810327,30.0,2
107063,1.5954046671017168,1.0,90.6960259307886,2.0611052313033036,0.9508267515704789,0.10567800055765059,0.2201849767037353,1.3399314060507033e-05,0.11220324037571663,0.4023146165258838,19.768072203188918,32.0,2
79629,1.5954046671017168,1.0,104.73399941984697,1.94730195698168,0.7086058516452183,0.10894991098191154,0.12915797286804528,0.011468359494094787,0.07207008747600625,0.2690309433417808,26.53350806536386,1.0,1
24545,5.270402895934253,1.0,106.81085052924016,1.94730195698168,1.0229297889556126,0.0769637268850384,0.02409600998560086,0.0,0.05658694707312501,0.6936595288584673,24.698119787169937,60.0,3
27740,0.872923795046736,1.0,124.17881447193948,1.3635879022326585,0.9929661400695023,0.04954523409962817,0.0009985074216367666,0.13528462654113338,0.13200780581487184,0.28496036755879967,23.350467808945773,19.0,1
44994,3.3619271977508447,1.0,123.38685683257042,1.347912282370425,0.9259172992484815,0.03345331143459896,0.21934173687650124,0.14849077983319456,0.07697095147323091,0.15112035188052228,27.449817399967408,57.0,3
74956,3.3619271977508447,0.0,154.68519933674065,1.6528037535325126,1.057646406189738,0.10224203121314437,0.06582485657514085,0.0,0.06469164859324981,0.425999744827912,28.56356888042755,5.0,1
104850,5.270402895934253,1.0,40.51886769978721,1.1907821343351075,0.17368545515275774,0.11911905538111099,0.2886503818235435,0.0,0.12578864764343925,0.41143740592545724,22.77303916034088,37.0,2
37104,4.359420279727952,1.0,158.86653399589446,0.38152997688973794,0.9696927940084842,0.06056899457987591,0.10918885741547443,0.13293676335656487,0.06874779249788905,0.07821984253433137,23.578413735029372,11.0,1
82160,3.3619271977508447,1.0,83.02721731210168,0.6741252782109894,0.06647944003466315,0.030701318429724542,0.37470221175114343,0.14874914070204115,0.07253143383276514,0.3628958211781966,23.1600832527932,2.0,1
7431,1.5954046671017168,0.0,166.2096036226386,0.7925271422579314,0.74981849672868,0.03414355059055638,0.2905779107542213,0.0009961907158109078,0.07113757653068406,0.37851739929939954,26.008543454105226,47.0,3
158123,3.873488880460096,0.0,172.3885901855255,1.3168623695632067,1.448164004953569,0.10980454318077999,0.14224404248746633,0.0,0.11020651288205074,0.6693762543425813,25.876342901662046,32.0,2
136569,4.359420279727952,1.0,188.88381564950447,0.9228387905195625,0.9781284470444853,0.04730387785758131,0.04038650080234692,0.1473544828317745,0.08030591854684666,0.5596918883888553,30.52046694112409,8.0,1
125434,0.0,1.0,115.97980090884009,0.562679835601423,0.6359874431092684,0.03455473157697528,0.27621111607351606,0.029205777483379724,0.09660065570186806,0.09876026245068067,24.19289553454153,1.0,1
57674,0.872923795046736,0.0,148.105460975422,1.8710297385230998,0.7460343185053053,0.05684988783241213,0.2694224671709391,0.0,0.1220266290353647,0.5747357907610485,27.672444153305012,44.0,3
107325,0.0,0.0,83.36572294373961,1.0197912380668752,0.3760861961379488,0.03482762600454365,0.2824180459292544,4.409257126228411e-05,0.14254522982401316,0.6510968640924567,20.151422997614652,12.0,1
125468,4.359420279727952,1.0,162.40730563929017,0.9957462955575801,1.6674107491010164,0.0856377240318309,0.09129645354967957,0.0,0.12175920649046457,0.3370572240184057,29.592244767637425,14.0,1
137376,4.824000686513771,1.0,108.1007743624967,1.4240785193695762,0.8528606142967284,0.09181366582891372,0.2916676693694916,1.3299932422772305e-06,0.08384328428839721,0.384019149597404,29.906395641747263,9.0,1
1311,1.5954046671017168,0.0,135.2430454988918,1.3076254137645986,0.9176762744407007,0.11539818071930037,0.06379312275658883,0.0,0.0909648244230264,0.48024360588362286,28.81532537444219,70.0,4
137675,2.81870192439919,0.0,68.25913189779163,1.6809968297595563,0.7067541031969141,0.115548624909375,0.2562708352527543,0.14882298549156928,0.07344443758622808,0.406878074585287,28.549391583141496,38.0,2
72096,0.872923795046736,0.0,149.95924756023882,1.4305314995612604,0.6938441627854506,0.06450986144918483,0.12069608348726522,0.0,0.07389614600927014,0.7316174461161188,31.357881268419224,15.0,1
144745,2.81870192439919,1.0,79.09564187209746,1.2619772416422685,0.9654866865759476,0.02770197444137078,0.015625372543004,0.0009961907158109078,0.07782218133052284,0.3453774353206826,26.545905306536604,7.0,1
23500,6.117892928831929,0.0,102.79723398637248,2.0372453139730755,1.0100410881731547,0.04533576573671653,0.2343516206207626,0.0013430645585117793,0.1448053421877181,0.7074906062297831,24.40571958398126,56.0,3
63747,2.234779091684268,1.0,96.48700845781768,0.9382217518481557,1.0337244907542096,0.0851415328131488,0.21420196030178915,0.0,0.11407800504076084,0.35737047171995895,22.797751740552002,11.0,1
75036,0.872923795046736,1.0,125.51740800766251,1.3667351240154904,0.716031549250245,0.11069945647795845,0.06330339403872892,0.02603785273729381,0.09630503739313614,0.4856370331868439,33.653666059932895,41.0,3
51329,6.117892928831929,1.0,122.67042254685671,1.437000860302872,1.0554618093302919,0.02844379682282684,0.010821767172170031,0.0,0.055431191649043365,0.6971203482380626,24.470297745814687,11.0,1
71820,4.359420279727952,1.0,138.15596379042321,0.7667130778006805,1.4180472143719791,0.029178943760520885,0.02409600998560086,0.14336935305258075,0.10999979085255757,0.3444536710269561,28.89355915755493,41.0,3
82643,2.81870192439919,0.0,124.76216655783773,0.9589353474702558,0.3986861421068424,0.026198033914667747,0.32189410842035704,0.027633553338831628,0.10363955969640551,0.31201016143727445,24.76038343833251,36.0,2
69904,0.872923795046736,0.0,169.89273506289626,0.8601338152434236,0.6628713893276507,0.024666575841302687,0.2460265192220273,0.0,0.08229821707572699,0.21616482417443889,25.30271637267911,23.0,2
59002,5.701060861471607,0.0,94.55882166256826,0.8381035217009131,1.1062090211057984,0.11214289994463984,0.13672143769829853,0.0395858627494188,0.13756214704369535,0.39683299385755855,28.14525878545484,10.0,1
107589,6.117892928831929,0.0,120.73151485463599,1.3354442055656686,1.0402249611304715,0.055119335881662256,0.0504472738415165,0.0004910765612609838,0.04289595725436679,0.7607840476203711,29.79051567344652,28.0,2
59206,5.701060861471607,1.0,86.86301153073802,1.3354442055656686,0.882997246197953,0.036444621844153466,0.037996530752953575,0.0,0.13773979706821,0.6205010638904588,28.56933879305867,36.0,2
54724,0.872923795046736,1.0,131.6973791504347,1.705891647744118,1.2600680937293525,0.10011646490093588,0.155228029851228,0.00681651852218226,0.07434469244013149,0.7118061729084739,29.941755605527053,51.0,3
6272,6.117892928831929,0.0,83.3227489736733,1.5059237685634277,1.3416224885557462,0.08253683745040954,0.29983526196182336,0.0,0.12037265058829381,0.5685462219497042,22.904437563232673,49.0,3
90457,5.270402895934253,0.0,169.4026413668023,1.0144220302914997,1.2482734227611447,0.03345331143459896,0.17553296004468336,0.0,0.11296729991626979,0.5765029649516105,28.600808436085696,13.0,1
79037,0.0,0.0,96.4501824717527,0.7006382405716461,0.044411690558955434,0.038157654766122096,0.3755937936401596,0.1487301288625842,0.0692325431781873,0.12114110433570777,24.886109328908994,40.0,2
9486,5.270402895934253,1.0,89.99506348184352,1.3199493399191744,0.5990464133621874,0.05343884909580955,0.0850851760984166,0.0,0.1268626611347868,0.563235334781676,20.164916304728155,6.0,1
95755,5.270402895934253,0.0,129.28900855224933,0.8187599816799841,1.0685990710633249,0.10723265730154023,0.2646170161701627,0.0,0.08030591854684666,0.6519686275075127,22.45912282382225,29.0,2
88177,1.5954046671017168,1.0,116.32816984814475,1.5125831187873215,0.8789540273492653,0.10442257216654599,0.18825977665822002,0.0,0.0834609979772711,0.7264556430606567,24.287141705114603,34.0,2
27892,1.5954046671017168,0.0,135.18790431084707,1.0144220302914997,1.6890680687112196,0.050636785623080244,0.0,0.0829140479175491,0.12148854744236103,0.5650062005971751,26.678073666180346,20.0,1
62556,0.0,1.0,161.4596309418502,0.8020177118754851,1.5953196693962126,0.04379041442699696,0.05836061652265536,0.0,0.14578574894792554,0.5169896259943355,28.441712964435872,42.0,3
7376,6.117892928831929,0.0,100.86046825982777,1.789185585833376,1.353815249832546,0.0492140238184839,0.0609247571834507,0.014621674561168887,0.0612626192409623,0.3757642353460366,25.97456592163379,31.0,2
21522,5.701060861471607,0.0,177.59628084958504,0.8552135014387723,0.8429110412156785,0.03134499269087866,0.009852506517610308,0.06766234264150146,0.07389614600927014,0.4784445662216481,28.152100644242932,38.0,2
26867,3.3619271977508447,1.0,69.51754821105547,1.0387004217770066,0.1527706958124397,0.09101297716999975,0.24234522406641582,0.1485484678378855,0.07697095147323091,0.1491925360676931,33.265969588586984,18.0,1
143273,4.359420279727952,0.0,108.57164247043778,1.3354442055656686,1.0685990710633249,0.025588783791389107,0.04916493445041518,0.015065401060720823,0.08030591854684666,0.31201016143727445,21.71851794105133,11.0,1
30617,4.824000686513771,1.0,133.0549658858843,1.5159190404539722,1.1489248154734721,0.05170941569813888,0.300600368224815,0.01769303436637822,0.11334218617191304,0.7582161929317754,25.22716799381544,3.0,1
5002,3.3619271977508447,0.0,129.46052624200277,2.0771036036296118,0.4124347299272793,0.1136042213312547,0.014287493065718436,8.587181799451432e-05,0.06717325841193995,0.22659778538501857,28.56118542328614,33.0,2
128735,5.270402895934253,0.0,188.71179018285085,1.1704392993079824,0.8769353064372962,0.039448600807730404,0.15637341109399755,0.14793612824899144,0.10979175009966557,0.379434781026071,24.079386850512723,40.0,2
1975,0.872923795046736,1.0,105.90813610562533,1.8075989478811065,0.8153065731672732,0.07941640169894552,0.03861793216455963,0.015065401060720823,0.07207008747600625,0.7187045430626944,22.586453769252095,39.0,2
130781,6.117892928831929,0.0,97.24412779613965,1.456507450130662,0.48655249206632356,0.03657781073805104,0.016292248182897914,0.09308301972254798,0.1340154924426626,0.07635635635508488,23.197377576966066,21.0,2
68133,6.117892928831929,0.0,105.3732526609261,1.0171047814103484,1.3758917009694793,0.030485597741861343,0.0015364627382165764,1.1599485962778177e-05,0.04416755652751943,0.5561461496395317,28.555037985622924,16.0,1
65937,2.81870192439919,1.0,119.19146905698663,0.3149566351558883,0.054067609070847594,0.058717534870942424,0.370638584893952,0.14820684681572685,0.07207008747600625,0.04672029222863148,23.139539636364358,54.0,3
41153,0.0,1.0,139.53925667306638,1.0965276954317247,1.2318460617081535,0.10867092527459508,0.25831355985763427,0.0,0.13516807719053753,0.49820029281298683,28.91682691905622,10.0,1
25780,5.270402895934253,0.0,156.25753179453864,0.8284037357211327,1.2933635885898236,0.07468068007540363,0.3208135880075849,0.0,0.11020651288205074,0.6606790044748683,30.2114220896686,2.0,1
1979,4.824000686513771,1.0,148.1450430198928,1.5596663441426157,1.4633344786443667,0.06262107418038805,0.10640559698907252,0.0,0.09776367429658296,0.5143094816331635,23.903133407586626,64.0,4
83096,4.359420279727952,1.0,120.65508912108356,0.4527680845221138,1.0707955444139763,0.03155839396012166,0.1750078775205933,0.13046348084387843,0.05901585450163812,0.2840248434483561,27.672059597723617,59.0,3
5846,1.5954046671017168,1.0,128.92063981204444,1.4794525303974508,0.9570978852161511,0.07400365818851558,0.05860973522947429,0.0,0.07479010183432175,0.25869452132756765,27.16239201241561,8.0,1
7372,5.270402895934253,0.0,126.21125094443197,1.5495079674127066,0.7861447309043834,0.10462353021933235,0.22269219649736002,0.0,0.06677399494927812,0.7872552495643941,28.7872604136923,30.0,2
33912,1.5954046671017168,1.0,167.64925111361947,0.7344587426213406,0.2965467864597166,0.03134499269087866,0.35469759064187173,0.14748398906460924,0.07523239892816581,0.11822862398498821,24.694519084455962,30.0,2
126079,2.81870192439919,0.0,137.67609300525137,1.9434457150353295,1.6218401523063755,0.09563039090246964,0.2569545847468735,0.0,0.07434469244013149,0.5738519916568867,22.313512919802815,17.0,1
32355,2.81870192439919,1.0,119.81904791233144,0.7574292631964193,1.5690101476162517,0.041962598355487504,0.0009985074216367666,0.0,0.11277808358501228,0.6371305844385486,27.2830719865945,55.0,3
37468,0.0,0.0,103.61526265973363,1.7346023120600809,0.8931390217637617,0.03550559855419764,0.28067097514130473,0.0,0.05940416375632923,0.8651542683548678,24.03004498022459,66.0,4
20878,1.5954046671017168,0.0,132.4267013611023,1.2649927397327414,0.5342481847143612,0.02844379682282684,0.23590238986591258,0.0,0.10339044157515012,0.26339575548611793,23.083633475122408,68.0,4
112091,5.701060861471607,0.0,92.78373073557566,0.9101188546911463,1.6539440066230873,0.0389993838943384,0.004608020038434906,6.868197312055879e-05,0.05962517592933622,0.5152030121689768,26.35264045011785,26.0,2
64792,6.117892928831929,0.0,118.86473700540272,1.408017586653165,1.1062090211057984,0.0756753591574628,0.09277239074984024,0.11410810041590093,0.08534643612555834,0.8339418701621327,31.415740213239843,12.0,1
34514,0.872923795046736,1.0,127.0006560709157,1.9204027589315948,0.19889545459857308,0.07790245322973517,0.3587527883203148,0.0006364478388165912,0.07610775407689287,0.5835660242459407,24.609799971139903,31.0,2
9332,1.5954046671017168,0.0,96.41335447815902,0.9433783587917097,1.3907019974812584,0.1104113823661705,0.1071041786982304,0.04637627609682684,0.10999979085255757,0.7005791303777831,30.25365350510496,5.0,1
143092,0.872923795046736,1.0,116.78389800122048,2.2202499098244823,0.9404137982053083,0.09563039090246964,0.050788310921096536,0.0,0.06727271957900667,0.5125219727084062,26.4989332394,10.0,1
95695,6.117892928831929,1.0,90.94542426779871,1.0577922600757719,1.476033739652881,0.05795891608010657,0.23590238986591258,1.1099952929871343e-06,0.100270542490563,0.8457701312909116,25.684392750431602,6.0,1
81301,4.824000686513771,0.0,104.91075919213291,0.8067838170617007,1.2553441352295662,0.06102200408319748,0.12593704731803265,0.10904337752235276,0.08497450704940865,0.816157487791309,34.16648743581892,7.0,1
115994,2.81870192439919,1.0,92.48212035470095,1.237995013338512,1.2553441352295662,0.041962598355487504,0.25454890318941586,0.0009961907158109078,0.08307607176161669,0.8093691047507907,28.1708465903568,12.0,1
11020,2.81870192439919,1.0,85.36056059831947,1.3199493399191744,1.2742887424067721,0.09039569818937865,0.021858947440339706,0.000306640262376123,0.06556245931881248,0.3082883206301165,27.075837881151692,47.0,3
31109,5.270402895934253,1.0,84.7017199012267,1.0117429819484791,0.556120840764112,0.03414355059055638,0.3036178439671784,0.0,0.0834609979772711,0.5703153792725135,23.047230973374603,48.0,3
13845,2.234779091684268,1.0,121.4801215581327,1.0993228154521477,0.2771257817307102,0.032756846992377936,0.35146025839216477,0.029205777483379724,0.07567160824092482,0.22943896094336566,24.855511111355035,47.0,3
11193,5.701060861471607,0.0,113.2851025733587,1.4467356640090427,1.1286011489630472,0.0851415328131488,0.11125707260979383,3.669485507273979e-05,0.1283610048523297,0.7384929225256075,28.69207450803428,1.0,1
54574,0.872923795046736,0.0,82.49488192640445,1.0577922600757719,0.2702700593198571,0.05752756983506813,0.3323855330835508,0.14659064762779658,0.07654086052747315,0.2615158354360752,31.012613954830453,44.0,3
4734,4.824000686513771,1.0,90.1066321897097,1.7202123044997546,0.7745995549638897,0.09200993864114734,0.10640559698907252,0.0,0.0692325431781873,0.4023146165258838,28.9347356209515,47.0,3
102195,6.117892928831929,1.0,98.71390498137308,2.0491546563964507,0.7555088942782333,0.11710187278430222,0.00680989743477086,0.0,0.07253143383276514,0.6589379823386252,29.79088132601342,49.0,3
11995,1.5954046671017168,0.0,113.3982059918016,1.0197912380668752,1.2131933798627534,0.10823744678519129,0.1680649782500538,0.0,0.07567160824092482,0.2896351940766277,21.262851398103606,28.0,2
109138,3.3619271977508447,0.0,91.86258476477906,1.3793644304245756,0.6377667747259554,0.11476552077136203,0.2678369711125156,0.0,0.08823206529773955,0.3766821266125737,28.526798340420978,23.0,2
9409,2.81870192439919,0.0,121.67862056875326,1.6041242390834507,0.33638992661846345,0.07632487083264694,0.15864721974158413,0.1353564655945731,0.08111111514562246,0.42963382439383313,28.205402942531713,29.0,2
66139,2.81870192439919,1.0,108.25086300366146,0.6204196326368729,1.2909720999978591,0.04426969272819861,0.003323400990755232,0.0,0.11334218617191304,0.4990965284816648,25.998647601959217,11.0,1
51638,4.359420279727952,0.0,123.96566640995665,1.6110273795933783,1.3125689770901088,0.10176588683583664,0.237821988557352,0.0,0.06302347717663219,0.7402105591570741,19.851424213018884,6.0,1
141569,4.359420279727952,0.0,136.6105220251509,0.5974354268582583,0.5921017208742838,0.025435779189136993,0.3481153572284179,0.07921649421235842,0.08150955334797905,0.3684149667388865,24.836615690361484,63.0,4
130961,6.117892928831929,1.0,133.70288968734772,0.9719997127794917,1.0315616104748004,0.03345331143459896,0.20211257541611768,0.0,0.07298954199416931,0.3509163440956271,23.89987691126538,48.0,3
4261,5.701060861471607,0.0,91.73542694892573,1.7818509781400034,0.8890765263984753,0.11403242906984741,0.007905355412165744,0.0,0.07253143383276514,0.2530467117592156,30.644848322242616,68.0,4
120013,0.872923795046736,1.0,91.16290485443871,1.3168623695632067,0.5093894862776464,0.11352952530536849,0.02223288089874668,0.0,0.0652563208801996,0.2199614227629816,22.37574143317583,9.0,1
110061,4.359420279727952,1.0,178.34807095698653,0.5707745631218841,1.7190694846582937,0.06408679225719048,0.003976213546291906,0.027633553338831628,0.14560374243978275,0.36657593878089856,22.687649092520672,6.0,1
45256,4.359420279727952,1.0,61.467314589134595,1.3014873780326923,0.14068687440095579,0.10665182007938102,0.26815536298715575,0.1472313344147767,0.07160547706998972,0.5614638976786368,20.82463159974051,7.0,1
13609,3.873488880460096,1.0,108.33883216922862,1.2892590495900826,1.224836140286072,0.07759212050764247,0.014670307255570792,0.11618944016353955,0.08716837634649345,0.3444536710269561,23.597270663625714,49.0,3
30581,0.0,1.0,93.27024570606486,1.4926549618789116,1.139872073704656,0.07468068007540363,0.054177532011139076,0.13197391490275998,0.11935085950785726,0.40779027040891674,26.01415888116652,30.0,2
58140,6.117892928831929,0.0,108.69577878030549,1.826122368673923,1.0337244907542096,0.0685487630522728,0.20577278583815367,2.0798347301334948e-05,0.06438176933966647,0.4973039056850378,23.76425359888651,18.0,1
113175,2.234779091684268,0.0,110.57088616534821,1.0468602170294494,1.1353577070957022,0.06102200408319748,0.079196038339907,0.03378545374854456,0.07066635954166857,0.3684149667388865,24.521125915778295,7.0,1
121860,6.117892928831929,0.0,139.82366114969318,1.3667351240154904,1.236529463082332,0.0856377240318309,0.06150067928691705,0.14821530793506596,0.08961697180144913,0.35921294629456185,33.08915539426297,7.0,1
87551,2.234779091684268,0.0,136.49538927102367,0.536721986690365,1.126352958314032,0.036177528458350545,0.005946621798604477,0.01941222798933369,0.06776790858233991,0.2521047362767937,24.19766990146025,63.0,4
52137,4.824000686513771,0.0,118.89026757052709,1.1246497122921346,1.5455114753399843,0.10715144929109219,0.023165805092240477,0.0,0.08497450704940865,0.6283842755198784,24.9686800038333,52.0,3
111698,0.0,1.0,65.12071213738616,0.4527680845221138,0.36123690408972214,0.029178943760520885,0.3036178439671784,0.14888769707363225,0.08823206529773955,0.23889672081580507,24.05303270546741,41.0,3
42405,3.3619271977508447,0.0,125.58327065547012,1.3199493399191744,0.8568538604471809,0.11337715424276261,0.056276436340448474,0.0,0.07866163055322024,0.15689863189189093,33.18556674076313,21.0,2
147976,3.873488880460096,0.0,118.767713700107,1.456507450130662,0.9760166024735442,0.07664561864626834,0.25420234783544504,0.0,0.1225519383900256,0.5791526678427404,25.702189297652335,1.0,1
41878,3.873488880460096,0.0,115.81068557614857,0.6437972553886573,1.0294007007666441,0.042209122738827765,0.10500286109376333,0.0,0.08571582562284803,0.329649459445562,32.18587797772823,28.0,2
6388,6.117892928831929,1.0,85.71378590731923,1.1274828423974343,1.0973079588623809,0.07044380416764916,0.18020234098276874,0.11726697350035167,0.11651353817190897,0.25022020596358363,30.684878281269754,22.0,2
129171,1.5954046671017168,1.0,117.94000052080715,0.6099237123615296,0.23001774014833493,0.03684347528477961,0.31862323659454755,0.14814663838183756,0.08030591854684666,0.10266119714760535,22.899920067739558,27.0,2
155954,4.824000686513771,1.0,70.8057233525196,1.2801294904916005,1.1580096007646004,0.04379041442699696,0.3613146724313329,0.029983207994882504,0.07739805058592603,0.8373236460381878,26.37079163917462,20.0,1
138685,0.0,1.0,65.32652030146146,1.0117429819484791,0.48009200488394477,0.04843439090520536,0.3190644659471356,0.13728033190226302,0.1261174700059207,0.17897769686555445,25.951004716919854,59.0,3
3470,3.873488880460096,0.0,92.05857055173739,1.563060875323366,1.1218625664872488,0.03932053869617266,0.23474058021231803,7.647764780421987e-05,0.060174925966771875,0.5205610680472806,20.48131564954515,42.0,3
94902,0.872923795046736,0.0,137.7910838470196,0.9382217518481557,1.2482734227611447,0.03550559855419764,0.026870414285047127,0.0,0.09889625578485943,0.5143094816331635,27.95347804315016,42.0,3
104066,0.872923795046736,1.0,126.60604159296281,0.9984031852273931,1.1353577070957022,0.026953409443536608,0.23551596238262423,0.0,0.0682595902191365,0.5446065792778642,26.85116601216586,45.0,3
134232,1.5954046671017168,0.0,116.17961901914454,1.0523187556135853,0.8133491362738893,0.032054095044992494,0.09715277734440843,0.1448137076338285,0.13967703282880692,0.5276968367130614,27.286566407548573,10.0,1
128232,2.81870192439919,0.0,127.72871461893389,1.1675486338704655,0.48979344763555255,0.03345331143459896,0.19791321344492074,0.10153321312855063,0.07253143383276514,0.09973583900653984,25.654713222809505,4.0,1
15595,2.234779091684268,0.0,113.91210943266874,1.1704392993079824,1.6032536372686526,0.06616661355998277,0.04363176286505587,0.00023878193301206667,0.1386927357923526,0.5330424673029763,27.021678316033512,39.0,2
40783,6.117892928831929,0.0,84.88926901893326,1.4695941574011762,0.9259172992484815,0.037042101458448426,0.020452795184544972,0.14392040034628514,0.08534643612555834,0.5623496876972396,23.90766368652158,4.0,1
36019,0.0,1.0,164.24665944395912,1.0495876169697003,1.0143294574313837,0.047871617065426426,0.2016502871049115,0.022774425824096823,0.11717145598614156,0.36381610868103414,23.008029594175607,1.0,1
60437,0.872923795046736,1.0,104.53119305061885,1.3604447167824396,0.46725657598435466,0.05328367386024081,0.15751312861954064,0.00015590707189095903,0.0694254831739047,0.09016528376510163,26.09268859676417,14.0,1
21246,0.0,0.0,92.29685144828079,1.6668659552267933,0.9362622300425101,0.07534654601913696,0.0799678872523985,0.0,0.10533879505897356,0.1356735164838955,28.76991315703944,46.0,3
18461,6.117892928831929,0.0,111.0144582243733,0.7528078866341287,1.6218401523063755,0.09785169032817521,0.007905355412165744,0.003939573289650818,0.10388706186522997,0.3259413065890475,25.593797209530823,63.0,4
12564,5.701060861471607,1.0,87.8394834196247,1.9357467418808714,0.43254475308730655,0.059558576664580254,0.05248771370758104,0.033036169012816585,0.06412251895793199,0.35552730403390576,24.884593801209476,5.0,1
6424,0.0,1.0,103.14123154545779,0.6120164099140819,0.28540840916335625,0.029178943760520885,0.3281792315993521,0.05330022584439068,0.07253143383276514,0.25587148181996267,24.795895374546024,42.0,3
32963,5.270402895934253,0.0,142.0461572915329,0.8454152376174606,1.7245520312708758,0.05431056943270107,0.004962882796202298,0.0,0.09386772939038489,0.42963382439383313,27.72266144720356,61.0,4
71036,1.5954046671017168,1.0,84.78746397769396,1.310700409278527,0.8448971249366763,0.10411557344988047,0.1658841956233759,0.0,0.08644706391858864,0.6441179843263861,23.393303791427904,4.0,1
135575,3.873488880460096,1.0,153.50936785860262,0.3149566351558883,1.4031006457171435,0.09181366582891372,0.0,0.14584290335690275,0.14085427040181012,0.1007111868006316,27.626143101804168,45.0,3
19125,4.359420279727952,1.0,105.96523673537946,1.2260981136938247,0.8688796649587435,0.10739334615536911,0.08981251686689971,0.0,0.1046199903677044,0.2943053803806194,30.59963708763259,50.0,3
46578,3.873488880460096,0.0,83.29588863848,2.0332846826395863,0.8688796649587435,0.10831097267156785,0.3188440501384784,0.0,0.0807099107755365,0.708353971685764,26.89628095984568,44.0,3
56848,4.359420279727952,0.0,157.8128895362092,0.41477597498612506,1.2742887424067721,0.030629476337651843,0.019417686065019802,0.016823724306544618,0.11061603839739241,0.17897769686555445,29.34210385823786,33.0,2
6497,4.359420279727952,1.0,68.0214308972454,2.211916140691261,0.8251223509347365,0.08867623283039489,0.02925539670568832,0.0,0.05635713517326048,0.7727530213566,23.667181099640622,41.0,3
42252,4.359420279727952,0.0,93.27024570606486,1.826122368673923,0.7216204794212896,0.07534654601913696,0.1252878557882259,0.0,0.06894210541559317,0.6458635010518889,29.05951314025922,17.0,1
102482,4.359420279727952,1.0,29.473041074817573,1.5972380637191486,0.4139711117068804,0.0851415328131488,0.2894796749158462,0.14442361780710447,0.07866163055322024,0.4504799087144882,24.15425588835494,9.0,1
10355,4.359420279727952,0.0,85.11960569281057,1.4663162944046058,0.6993657939488159,0.10682075272588769,0.2716152839264458,0.00026273595641862637,0.07824336696718033,0.1770622063486073,25.98085537851889,19.0,1
14284,3.3619271977508447,0.0,108.40092190309356,1.5664596139965252,0.6828512271475592,0.09018667070769226,0.2599964583587398,0.0,0.08422295110813957,0.6476084860628607,28.291730799718227,9.0,1
65064,4.359420279727952,1.0,142.91684915746154,1.5393873568146128,1.0143294574313837,0.10452341798063405,0.23590238986591258,0.0,0.13025302191889332,0.6301346135010327,19.363728118639507,34.0,2
47793,0.872923795046736,1.0,104.39075570275712,1.1303197887629002,0.9341893605956845,0.11628248011380792,0.1071041786982304,0.0,0.09861591438912895,0.4513843481564584,32.85052460751574,59.0,3
25065,3.873488880460096,1.0,117.63322935437105,1.6041242390834507,1.329481015462743,0.08058365006988354,0.2780110728216572,0.0,0.0846000186739813,0.8440817409401928,23.20171150268249,9.0,1
4665,3.3619271977508447,0.0,112.37969201105662,1.274062926972884,1.2412209663588705,0.10011646490093588,0.1902268730920707,0.0,0.08995736455673303,0.4658339547302879,30.541321137699327,72.0,4
84076,4.359420279727952,1.0,126.06948811828343,1.2201731395132756,1.0164765902676833,0.042332057504160955,0.022045968810449245,0.019582735566152105,0.08961697180144913,0.43417279113429047,32.166108662636994,55.0,3
77592,4.359420279727952,1.0,140.5816685436495,0.326277715311746,1.6032536372686526,0.06322975991368103,0.04649739313307388,0.001984806558653298,0.14096577772061908,0.09778445687136057,27.769747826446007,41.0,3
78248,1.5954046671017168,1.0,130.06562312106703,1.3730416877687452,0.3220063272070616,0.038157654766122096,0.37470221175114343,0.14865178882548147,0.08644706391858864,0.31665838257302165,24.562293172740937,34.0,2
84801,6.117892928831929,0.0,141.87690567517035,0.8924617548512922,0.9341893605956845,0.041962598355487504,0.05333381640356864,0.0,0.06318149722485808,0.5623496876972396,30.343893297839703,3.0,1
4757,0.872923795046736,1.0,140.70130032162774,1.4016217618309161,0.9259172992484815,0.061916456303725574,0.2780110728216572,0.002965912600349943,0.07253143383276514,0.6476084860628607,22.610421547908,30.0,2
92405,1.5954046671017168,1.0,98.84498255773063,1.3354442055656686,1.5325301385083494,0.0719035626650213,0.049079250964874775,0.0,0.10133787158252591,0.7727530213566,27.03157836766104,24.0,2
127467,0.0,1.0,76.14906276813112,1.6457983485520453,1.0143294574313837,0.03191278463166446,0.19506447347566547,0.00048011736370304957,0.11797137715506432,0.8085200343541193,25.974164431817425,47.0,3
21947,0.872923795046736,0.0,119.04343449569988,1.8112948160060567,0.6484815224571175,0.04385050974019494,0.16312805578940295,0.0,0.1279740703260935,0.37759984787925627,26.76458393078157,56.0,3
135135,1.5954046671017168,0.0,176.6317783981934,0.755116866294833,0.47366004718920107,0.02770197444137078,0.27590901786834404,0.0,0.07654086052747315,0.18471915968581262,22.55613869501714,5.0,1
114364,1.5954046671017168,1.0,96.74999291959188,1.563060875323366,1.0358893422160114,0.06534527571603274,0.2797896221963635,0.0,0.0944893301378407,0.7496487913794742,26.628628628231336,37.0,2
72890,4.359420279727952,1.0,128.56726790936364,1.1105412085910351,1.743808288579192,0.049490153228170956,0.014191719016064072,8.759706849807676e-06,0.0875253578926078,0.5187756442984244,24.612298609172885,38.0,2
133098,1.5954046671017168,1.0,109.21796402097334,1.1560244956058299,0.9550055590897916,0.07468068007540363,0.04126698976593212,0.0,0.137288610866483,0.4269085074607398,26.743335025913105,31.0,2
36234,0.0,1.0,137.2910234237085,0.4527680845221138,1.3343314548273377,0.03414355059055638,0.06411915306100532,0.13224237480154125,0.09227673809299898,0.5561461496395317,25.906117907886554,46.0,3
15092,5.701060861471607,0.0,113.24397005397614,1.705891647744118,1.1762754558995927,0.03880600336970576,0.027789847142669463,0.013280431973232367,0.06727271957900667,0.22185852236336234,27.02350219530919,24.0,2
3335,4.824000686513771,0.0,186.39201871000807,1.7166256457400175,0.7938794242950211,0.1090184426822874,0.28299581488152875,0.0,0.14272150665827094,0.5588056688922406,26.57938455620779,44.0,3
117220,3.873488880460096,0.0,114.99536071502752,1.713043318578456,1.0164765902676833,0.10038079826288383,0.2716152839264458,0.0,0.09833371298734968,0.8051225882576657,22.16443094468048,42.0,3
127136,4.824000686513771,1.0,142.29002792018682,0.8332466137621517,1.2553441352295662,0.04843439090520536,0.0009985074216367666,0.13758299323655312,0.09833371298734968,0.19904021217904416,27.107180249828254,5.0,1
102089,6.117892928831929,1.0,129.96984301995127,1.2649927397327414,0.8749185103672998,0.024666575841302687,0.12723040671399632,0.0,0.07739805058592603,0.2709078202006909,25.15871484143081,40.0,2
34558,3.3619271977508447,1.0,165.33326770524732,1.3323372212749316,0.8850217453836101,0.027776458983118688,0.23590238986591258,1.2099440695076134e-05,0.0700964840406363,0.3564489745952911,21.714138092809147,49.0,3
60171,5.270402895934253,0.0,49.512843310600374,1.0414166221981487,0.6112701122260614,0.08307477277729898,0.3496341766766264,0.14818982032418188,0.07160547706998972,0.7642061619901985,26.29229620881196,34.0,2
42352,0.872923795046736,1.0,82.57557019503197,1.0010637611083457,0.850866867530047,0.11011320908121598,0.019229125756512176,0.00024576897680504386,0.07344443758622808,0.5089451600367382,23.70678264381916,4.0,1
31709,0.872923795046736,1.0,102.95361686921842,1.2710355796097998,0.6883393129818888,0.10586085027058409,0.20025699425502924,0.0,0.09861591438912895,0.7599282170448584,20.724592189953857,35.0,2
365,3.3619271977508447,0.0,94.92275843009564,1.9900187305277914,0.7460343185053053,0.09708557810085501,0.13485229153255027,0.0,0.07207008747600625,0.23984141670888795,26.381651791928736,58.0,3
12174,3.873488880460096,0.0,85.52649535362028,1.2984243322312379,0.8270912295607865,0.1038017549402223,0.1146679813352171,0.0,0.05490560291793002,0.4387077377800461,23.357514949356894,49.0,3
84936,5.270402895934253,0.0,112.34880739379706,0.9356488839762348,1.2459205763017733,0.06102200408319748,0.24529654364002723,0.001984806558653298,0.08111111514562246,0.4159926286676566,26.938080708268004,17.0,1
23464,2.81870192439919,0.0,95.08620138709946,1.7309982986371468,0.7517134112457518,0.10258997345819416,0.28528427046142996,0.0,0.12162428428057229,0.46853879156411365,22.90123166052875,3.0,1
22412,5.701060861471607,0.0,39.90542606798306,1.0632807525460788,0.20145259986694777,0.03743776061128075,0.3611658765558089,0.14884683898019796,0.07253143383276514,0.2426743316518963,33.33123375265434,8.0,1
13273,0.872923795046736,1.0,100.4839867866113,0.6632195463963222,0.6130236887191868,0.04071676728200563,0.29328660272751916,0.0,0.11041192561352685,0.24927765074655053,24.998222830592145,46.0,3
136987,2.81870192439919,0.0,105.55505260081095,1.2892590495900826,1.314978844489941,0.038157654766122096,0.14041716978012045,0.0,0.10212019116983716,0.29243786124942284,26.37211621083873,32.0,2
120526,1.5954046671017168,1.0,129.7278271888124,1.5766811031181405,0.7049042238456557,0.1036956043327662,0.06606771457174747,0.0001988488005232106,0.08030591854684666,0.20475571420411642,28.305112560922517,11.0,1
14915,1.5954046671017168,1.0,81.50957522829964,1.0993228154521477,0.729098628509576,0.08997598537939895,0.018946077948171727,0.0,0.07207008747600625,0.39500445441039295,21.7209341553393,21.0,2
4205,5.701060861471607,1.0,123.346224040415,1.0937363611747035,0.6182954332776928,0.03219515144426198,0.3494665287383906,0.00055083779948167,0.07610775407689287,0.1684321059565338,27.25264469448658,34.0,2
128464,0.872923795046736,0.0,134.95727895867805,1.0414166221981487,1.0707955444139763,0.05586742831684419,0.27681350142334965,0.0,0.12107639339864908,0.7547906905198852,20.12012707062755,50.0,3
83802,2.234779091684268,1.0,96.94979286003469,0.318177144217186,0.21953760146031662,0.032756846992377936,0.28154710263093813,0.1456316005942099,0.09630503739313614,0.3361318741060772,23.99701818858215,28.0,2
102149,5.701060861471607,1.0,88.10067987859006,1.2350149125555943,0.7555088942782333,0.1090184426822874,0.3038662397214829,0.0,0.07523239892816581,0.4041404961216831,31.929848749025762,5.0,1
85138,0.0,0.0,89.19756838519689,1.2113149601562354,0.6324343108852805,0.10127534682474977,0.27560631382197387,0.11391180636698472,0.13841459912319742,0.5160963935823022,25.905045338417338,19.0,1
138038,0.872923795046736,1.0,132.80873693478935,0.8552135014387723,1.0358893422160114,0.10859994509028802,0.1529201254059554,0.0002617379597829829,0.07739805058592603,0.4784445662216481,20.36880541793637,16.0,1
97620,0.872923795046736,1.0,112.02959517348631,1.7382106712178036,0.5342481847143612,0.1164389651948929,0.03370161168670907,3.429550594545737e-05,0.12964737404116164,0.4241817332356303,25.94323704550391,6.0,1
64821,2.81870192439919,1.0,156.2035206374642,1.1995585970342593,1.03805616547117,0.029471148318205066,0.002609776345449864,0.14636849726653992,0.06190776427503039,0.07262683525237315,28.56432152287823,18.0,1
518,0.0,1.0,102.09830777869087,0.5074297705021785,0.5612118533538111,0.03482762600454365,0.27005216575859037,0.14849077983319456,0.13223076354193294,0.28776582155373864,26.374235431423664,39.0,2
1232,1.5954046671017168,0.0,112.32306928525924,2.081114692943841,0.44349653102047515,0.05170941569813888,0.23474058021231803,0.06816395946697361,0.0692325431781873,0.5250220325545847,25.56783412949734,34.0,2
147960,5.701060861471607,0.0,78.21279281054211,1.7745339005343035,0.895173163886735,0.10852846367617025,0.079196038339907,0.0,0.0846000186739813,0.563235334781676,30.616865813151648,44.0,3
2744,6.117892928831929,1.0,123.90475733088905,1.440241690388494,0.9612883852905215,0.02844379682282684,0.17605677935381134,0.007761030056575878,0.09355379050258464,0.19045314646990968,27.92342323071346,54.0,3
78799,0.872923795046736,1.0,142.1506806164565,0.5347472887120701,0.7049042238456557,0.024820975758854544,0.3055920446641296,3.4399547929760844e-06,0.07907699494507488,0.3064263084600735,33.27060195821489,22.0,2
29678,1.5954046671017168,1.0,87.8021606041697,1.9434457150353295,0.6628713893276507,0.05431056943270107,0.07373331035081927,0.14825709864946238,0.06050287974072933,0.3831026140507271,25.69976298837188,31.0,2
86203,1.5954046671017168,1.0,89.07519605150257,1.499281057085816,0.903329043187519,0.08684389572442322,0.23357115209643636,0.006977591297944519,0.1110204011529758,0.44323868162207153,27.29135456336807,37.0,2
45640,3.873488880460096,0.0,110.8752245667387,1.5259518253987494,1.2506282976724197,0.08307477277729898,0.0021431110795505086,0.0,0.0580646063484746,0.6257577563290178,28.585640765964996,19.0,1
95284,5.701060861471607,1.0,130.7307644804838,1.3667351240154904,0.7919429048882065,0.03848255151408425,0.15751312861954064,0.0,0.09718602680360759,0.44414439156625246,29.066579093840055,6.0,1
66662,2.81870192439919,0.0,157.12134700290665,1.1704392993079824,1.2388742016849947,0.02932517795428082,0.0025601621857605874,0.14789742489322466,0.10627575941954966,0.17610414704469207,25.294132843572942,27.0,2
16710,3.3619271977508447,0.0,114.58482184023248,1.9319040049871248,1.088438717875863,0.05665475355660492,0.007348300448771298,3.0499644622300513e-06,0.1420143551978985,0.529479302078413,25.970684676811494,14.0,1
53141,4.824000686513771,1.0,87.09793396346477,0.9904435638128387,0.9424924981597133,0.029178943760520885,0.3192844849760274,0.0,0.11061603839739241,0.7376339196406687,25.93453001895067,46.0,3
42482,3.3619271977508447,0.0,121.76513127281576,1.068784255159413,0.9529151814138451,0.08253683745040954,0.08757148586722448,0.0,0.1260085040040869,0.5008885459395205,29.248032239979796,32.0,2
103745,3.873488880460096,1.0,135.75420153628744,1.5393873568146128,0.8992472401295339,0.02844379682282684,0.27254559242494636,0.0,0.08927426336727629,0.6126068486236221,22.963837808366506,53.0,3
72419,3.3619271977508447,1.0,165.38197048855073,0.38497967590839305,0.13232421621990417,0.03414355059055638,0.3562773553028658,0.14876169108165535,0.06874779249788905,0.029885246556063557,22.562616061217074,45.0,3
15833,3.3619271977508447,0.0,106.71751698701081,1.50925136242719,0.9238541349219103,0.06737279893323408,0.1964938211855431,0.029205777483379724,0.10133787158252591,0.4332653199494439,26.356483381681862,61.0,4
130133,4.824000686513771,1.0,134.08440167170258,1.978314396768651,1.4230459552752195,0.04090505509611655,0.1200332692849557,1.3399314060507033e-05,0.05069797419220065,0.6169938866974617,23.908654607727463,46.0,3
40550,6.117892928831929,0.0,144.86445145089593,1.4695941574011762,0.8133491362738893,0.08889717616409516,0.10500286109376333,0.0,0.14208144122243507,0.4856370331868439,25.697471331268407,63.0,4
119857,6.117892928831929,0.0,114.06107936121045,1.4467356640090427,1.3053516392490825,0.10200572894442908,0.10074959601613999,0.0,0.10581030322960991,0.5250220325545847,25.52641845026892,24.0,2
59724,0.872923795046736,0.0,178.09752488823622,0.5789202739654,0.45137224364169387,0.02627387989249491,0.18071497178150703,5.399888602973586e-06,0.10388706186522997,0.1980869142931519,28.51625064339742,51.0,3
20172,2.81870192439919,0.0,39.82790759741361,1.7309982986371468,0.6610661750968433,0.048825403940717715,0.042232620438445376,0.0024566706993695026,0.06855292732719263,0.2980382035009999,28.55804908844606,24.0,2
11795,0.872923795046736,1.0,106.13651225359807,1.0909488099104507,1.3125689770901088,0.06697413709052649,0.13170501708479113,0.12254275936697334,0.12331669781090818,0.4999926128156961,22.53743563626041,69.0,4
65469,0.0,0.0,39.83983489409879,0.37125076488833264,0.002625204966588061,0.03177121969776521,0.37090656488349194,0.0034439326591888908,0.07697095147323091,0.09876026245068067,23.155310128071463,38.0,2
47337,0.872923795046736,1.0,95.7132398648258,0.4620093486710911,0.36863987357613676,0.03482762600454365,0.3242375668695837,0.14834609522529177,0.07523239892816581,0.0477083815054258,23.237084821929965,40.0,2
98945,5.701060861471607,1.0,110.03413324072771,0.9719997127794917,0.8270912295607865,0.026953409443536608,0.3099278600381149,0.0,0.09804963764136568,0.7573599992273963,26.673736571775514,22.0,2
73003,3.3619271977508447,0.0,162.8710836805393,0.5093607830228893,1.420545549682991,0.03880600336970576,0.017527096931831115,0.13632255999081921,0.12441380069370117,0.40870230130966556,21.85354944633636,60.0,3
74220,4.359420279727952,1.0,135.27312115309377,1.756317752022725,0.25398812315516606,0.07790245322973517,0.010821767172170031,0.14488364731832654,0.09386772939038489,0.3213020905324471,28.562063554882357,24.0,2
136508,5.270402895934253,1.0,159.06734759949765,2.3046256714302737,0.49466828604235225,0.11218955999206842,0.14941484002339908,0.0,0.0834609979772711,0.482042029581441,27.28682524141659,3.0,1
60069,3.3619271977508447,0.0,108.23533797262786,0.9563334199741291,1.4180472143719791,0.054817363853910714,0.010143585842662407,0.0,0.07344443758622808,0.3472244379771469,19.359325314247503,37.0,2
74742,0.0,1.0,115.50311258185278,1.3447892366328362,1.0315616104748004,0.02302831783104488,0.1912034946595629,0.0006672934894819702,0.06515398295072336,0.5685462219497042,25.701515338448477,1.0,1
135539,1.5954046671017168,1.0,181.31706588015638,0.7231008787618839,0.48170445036181103,0.029616855379157963,0.359209927422876,1.6099900975332845e-06,0.07824336696718033,0.379434781026071,28.291857062939076,10.0,1
38633,0.872923795046736,1.0,117.32634368618173,1.826122368673923,1.3173907569336416,0.057141326997203194,0.04736046046136347,0.0,0.05161778448463973,0.3803519932120896,23.4726548542073,48.0,3
91002,5.701060861471607,0.0,79.4797565403042,1.7745339005343035,0.5714429205166435,0.1132994499859932,0.21333172503136444,0.14715485934023287,0.06249428190369805,0.7889591378426426,20.475817773901678,36.0,2
35622,4.824000686513771,1.0,131.26454239951354,1.3730416877687452,0.7141723179935984,0.05025691368938432,0.056694445884583236,0.0,0.06980972660585218,0.11822862398498821,28.556919950303453,18.0,1
89965,2.81870192439919,1.0,110.17868039869329,0.9075856561859189,1.716331415385084,0.06102200408319748,0.0822707938427152,0.0,0.1287391309259475,0.6231300200369565,28.981461550432048,9.0,1
31696,1.5954046671017168,1.0,114.22542768506345,1.2862118976616896,1.178567726183657,0.11180732738915318,0.1440571078191837,0.0,0.12079744792434513,0.3858517145013685,24.02143838940415,22.0,2
66770,1.5954046671017168,1.0,78.18568918920883,0.4436023788930477,0.41090010214946837,0.037503497957860635,0.24419571757330444,0.14781805361170142,0.10186112363500793,0.20475571420411642,21.473086622323397,26.0,2
35031,4.824000686513771,0.0,89.3677857274979,1.0251752790418884,0.666487379299709,0.11005232819260728,0.3347211001219841,0.14853421865942973,0.07298954199416931,0.2737217164713884,24.235000341907707,35.0,2
51557,1.5954046671017168,0.0,129.48070265379155,1.4532460742582065,0.8749185103672998,0.09677083598355257,0.16089867049836257,0.0,0.06757025544188588,0.29337171326094935,23.896478508504952,44.0,3
117842,2.81870192439919,0.0,87.61017893010349,0.9407982425356697,1.2766659695073987,0.04379041442699696,0.2048640371828363,0.002965912600349943,0.11041192561352685,0.6152394809651552,28.540857794005063,1.0,1
133912,3.873488880460096,0.0,145.84180267857477,1.7023222984191564,1.1877569186390118,0.05496854635576409,0.10359265120566807,0.0,0.11239606234866689,0.4123487785843696,25.97403060094187,34.0,2
35765,1.5954046671017168,0.0,142.83230106575925,0.8091720843236079,0.48817207662737105,0.047871617065426426,0.3337538310560312,0.14750688964916195,0.08268848505094586,0.16651198557114857,23.104500322204178,28.0,2
127125,4.824000686513771,1.0,86.30203441663406,1.0387004217770066,0.6060203886768876,0.07881827414418355,0.3608675781391939,0.14712892389044713,0.1357832242966237,0.46312771325061475,29.63397775143651,55.0,3
6146,4.359420279727952,0.0,93.09577665109178,0.8091720843236079,0.6359874431092684,0.04438898378389238,0.30681102033760776,0.13224237480154125,0.05940416375632923,0.13664057928942153,29.523008923510435,29.0,2
28586,6.117892928831929,0.0,103.62567744166597,1.1246497122921346,1.2435697576993787,0.036177528458350545,0.24529654364002723,0.0,0.12476668575403163,0.25681268701775833,21.86452621522037,24.0,2
134316,0.0,1.0,62.49822339605518,0.5646987472473326,0.41550924816995743,0.040085503505564654,0.32756561202397355,0.14781805361170142,0.08030591854684666,0.13277101043652648,20.806141577111962,36.0,2
66129,5.701060861471607,0.0,140.90563756926102,1.1417057923154803,1.476033739652881,0.06408679225719048,0.24963015667287333,0.0,0.05484699175740777,0.643245026323755,28.18515364316277,30.0,2
50705,0.0,1.0,129.27387307465887,0.9641501397610845,1.353815249832546,0.03684347528477961,0.017527096931831115,0.06915675674899666,0.12189331958493682,0.6371305844385486,22.51031974924464,48.0,3
53388,1.5954046671017168,0.0,103.4069355841969,1.4728761491942823,1.1534632002710248,0.044982288551343556,0.1558014307814477,0.03672814674600689,0.09718602680360759,0.33890739350112375,27.678852876625637,34.0,2
87410,0.0,1.0,103.72981703841732,1.1502855016786524,0.44349653102047515,0.03379920531112484,0.33529747315535713,6.06859267478621e-05,0.07019179955184995,0.11822862398498821,25.97282610198363,12.0,1
127914,1.5954046671017168,1.0,66.4706990067964,1.0063959825440436,0.26074283774315343,0.11420119731144057,0.3462280736293302,0.004742103037864507,0.07344443758622808,0.509839587862524,27.29678907378893,19.0,1
46604,5.270402895934253,1.0,86.39823875926557,0.5288420113742089,1.824703936572628,0.06056899457987591,0.0019940376062208094,0.0,0.104861145959801,0.6047015544677911,30.41352556641832,56.0,3
155320,3.873488880460096,0.0,104.91075919213291,0.894973455755926,0.9156208630438081,0.032054095044992494,0.1847723004118197,0.14623519257496795,0.12008513127007257,0.5711997449849593,25.067384167569433,7.0,1
92426,3.3619271977508447,0.0,66.8644021925314,1.443486624022477,0.6413309722210081,0.03482762600454365,0.24963015667287333,0.14805756513607893,0.10339044157515012,0.3370572240184057,22.97401862382313,58.0,3
88927,0.0,0.0,102.78680725280242,1.5835165182702335,0.9529151814138451,0.059651224241981105,0.07764597405794815,0.0,0.08961697180144913,0.48024360588362286,28.13461363703765,56.0,3
98447,4.824000686513771,1.0,96.88144687055488,1.580096699910016,1.6836409726368637,0.024975095490244188,0.3271547296815483,0.0,0.13193265378338864,0.8685193840566156,28.053290289297454,20.0,1
104870,3.873488880460096,0.0,134.04424984452922,0.8650682795653099,1.640530318907042,0.0685487630522728,0.0009985074216367666,0.0,0.11874712021012017,0.4023146165258838,27.133951271190924,51.0,3
111402,3.3619271977508447,1.0,111.72055623455131,1.0414166221981487,0.3465606792872782,0.11129950713727828,0.33020146857177496,0.001984806558653298,0.06821057908675011,0.4990965284816648,26.368539763526393,2.0,1
79598,0.0,0.0,112.55982810105817,0.9877977162194078,0.5765830106954144,0.11281100403753022,0.06509506350141775,3.519952665844777e-06,0.06918422264604328,0.5107338658349185,20.09452605904812,57.0,3
106280,5.701060861471607,0.0,144.94386541801143,0.8849480810453934,0.448216650415155,0.10747283603763581,0.06655282238106731,0.0,0.10186112363500793,0.3490707404716398,24.172527107434185,49.0,3
66349,3.873488880460096,0.0,115.57489008244795,1.6774576631672329,0.8870481719091188,0.04480484684514999,0.0026693035755136086,0.0,0.054317569644281284,0.4059657136933484,22.612479332712166,28.0,2
73799,3.3619271977508447,1.0,120.7213251569308,1.0278728688856018,0.44349653102047515,0.02650100576761306,0.29488694732514714,0.1481114486462506,0.12215914027194473,0.5747357907610485,21.720632138417493,5.0,1
75043,0.0,1.0,46.923592949345675,0.4436023788930477,0.07842556986219103,0.044864046298832415,0.375466997075387,0.14772552432777777,0.07389614600927014,0.4477656398183121,20.818417691801457,39.0,2
72941,3.3619271977508447,1.0,117.44399675009839,0.47507469484593656,0.3148787686979239,0.03134499269087866,0.35859992229882215,0.0,0.08150955334797905,0.2180635239145109,22.82113165342392,37.0,2
86292,5.701060861471607,1.0,114.10216961568915,0.8139590618663869,1.1671264680853237,0.10076992777346946,0.30825889883223306,0.0,0.1046199903677044,0.6641594742783927,19.97162447538684,51.0,3
86236,5.270402895934253,0.0,118.84941828971083,1.3730416877687452,1.2600680937293525,0.08954958276534362,0.17076124987887595,0.0,0.06354889222848928,0.7582161929317754,20.44626943325155,30.0,2
44484,4.824000686513771,0.0,60.298976716707436,1.3920585419964056,1.0315616104748004,0.05276348676969412,0.08356741617756634,0.0,0.07113757653068406,0.24644882252897388,30.995773645589516,30.0,2
14492,5.701060861471607,1.0,100.79773530588726,1.0826088263724851,0.7460343185053053,0.07759212050764247,0.2596612745405304,0.05509567954286297,0.07113757653068406,0.5463834888224122,27.197946868145017,31.0,2
98799,4.824000686513771,1.0,116.25645904509176,0.8020177118754851,0.5426245627788366,0.06366010318565381,0.32756561202397355,0.14048369761128915,0.07160547706998972,0.3129401677457382,23.214854406436526,4.0,1
30598,5.270402895934253,1.0,114.82603887374681,2.0096167646815903,1.1671264680853237,0.10139935755464843,0.10640559698907252,0.0,0.06370578415960063,0.58621235383743,27.384674054269603,22.0,2
18801,5.701060861471607,0.0,56.2123140404579,1.2862118976616896,0.21693416964812412,0.0614711458158501,0.3656715061590113,0.14849077983319456,0.07207008747600625,0.29337171326094935,23.760842105991383,37.0,2
87441,2.81870192439919,1.0,118.43059717116843,1.688088075804631,1.1062090211057984,0.08845352666152759,0.08757148586722448,0.0,0.09689431395432624,0.5348231690526993,20.17078798012397,19.0,1
49562,5.701060861471607,0.0,44.9244262123944,1.3261352750235784,0.7141723179935984,0.06931636345747896,0.0004297238131825834,0.10521694201161472,0.07697095147323091,0.13180306839931838,20.800079430059384,1.0,1
120123,4.359420279727952,1.0,91.22654370085421,1.8597430050557224,0.9612883852905215,0.11696240934561096,0.19601848270027006,0.035267599177157063,0.10186112363500793,0.6858652061907988,21.971543832094916,1.0,1
105636,1.5954046671017168,0.0,86.41427133114598,0.4959087055025309,0.23662190264723806,0.03684347528477961,0.3096907577362992,0.1486979383007315,0.07253143383276514,0.21426532189317865,22.08329042498652,31.0,2
104591,3.873488880460096,1.0,139.124975207374,0.4844986670267884,1.6512570269796654,0.04071676728200563,0.0009985074216367666,0.0,0.0994514137349725,0.372090967206333,28.599931117333227,44.0,3
105406,2.81870192439919,0.0,97.83241671468038,2.2453641406313443,0.2895725784580875,0.10501676070355577,0.16697724760173577,0.0,0.06596861017267418,0.3656561673256651,22.756212577987945,26.0,2
136547,0.872923795046736,1.0,89.97912348481115,1.3952422166886544,0.9908405959351675,0.10967804756223998,0.2780110728216572,0.0917439921320137,0.10915962010817792,0.6301346135010327,21.268824916994912,21.0,2
26031,4.824000686513771,1.0,143.19033802154559,0.9485494790226465,0.7460343185053053,0.029178943760520885,0.2946215020022468,0.03672814674600689,0.06158588724043837,0.2793444188864179,21.555004059200467,15.0,1
73989,2.234779091684268,1.0,93.8937246032617,0.6437972553886573,1.8530189600184495,0.0856377240318309,0.0,0.12225182458931208,0.12093734207546923,0.16363021503347241,26.356483381681862,6.0,1
25645,0.0,0.0,138.41579406967455,1.9242320163545066,0.5663192073340175,0.0756753591574628,0.3347211001219841,0.0,0.07298954199416931,0.7135315184130544,25.70717622297226,2.0,1
83864,4.359420279727952,0.0,86.53717363397023,1.586940561014816,1.4887850777116909,0.03730610971165305,0.001904561498485271,0.0,0.10107366171887236,0.6082163911561125,29.673470753626123,9.0,1
128544,3.3619271977508447,1.0,135.54375896991115,0.8724965562789044,1.2742887424067721,0.10793809036212502,0.10217491408483344,0.0,0.10080771222471868,0.5276968367130614,22.282948628958835,3.0,1
139162,0.0,1.0,130.04041881084774,1.3984299557000819,1.0014879181509468,0.06534527571603274,0.15694397548208475,0.14687096902834693,0.1151478184282261,0.5196684304319891,21.209345916371163,18.0,1
37213,5.270402895934253,0.0,113.8299072005582,0.5667208372492745,0.49792712282742835,0.032054095044992494,0.3145794733439592,0.14787782996294624,0.07697095147323091,0.15593612213162947,22.692781527299747,43.0,3
19102,3.3619271977508447,0.0,104.77559378724902,1.5427567021324977,0.7842157988769721,0.07790245322973517,0.08757148586722448,0.0,0.09162520541474937,0.22091007236670035,29.908219020106245,24.0,2
148317,2.81870192439919,0.0,133.40158585416864,0.6785107863592905,1.582138574210083,0.041342447356368994,0.005946621798604477,0.1469821876529933,0.11600931508282333,0.3213020905324471,23.719309078935662,52.0,3
13529,4.359420279727952,0.0,79.57709568086563,1.8899300099487994,0.986595383828515,0.11175808059298264,0.12658456236904403,0.0,0.1085152749541968,0.6362565578510048,29.021187766756682,60.0,3
102447,1.5954046671017168,0.0,87.90879122120462,1.3857033743699478,0.9074185780413175,0.09708557810085501,0.06166502125087374,0.0,0.07824336696718033,0.5071558543350404,26.36469802680032,13.0,1
100980,6.117892928831929,1.0,132.29596875673104,0.6480902820411296,1.558545279477859,0.04379041442699696,0.043893390801080984,0.005864813330088342,0.11634650289624089,0.4504799087144882,28.498539587036227,58.0,3
43265,3.873488880460096,1.0,53.97334111370299,0.17454801168244563,0.2001732032125568,0.07534654601913696,0.1892456434457902,0.0,0.07523239892816581,0.20951304419171235,10.038925945479063,50.0,3
134334,5.270402895934253,1.0,123.33098624943497,1.3323372212749316,0.19253140681836964,0.05328367386024081,0.32979984747365504,0.1177911468147184,0.09227673809299898,0.20570758564253153,26.617310612693082,22.0,2
17763,2.81870192439919,1.0,102.91713056724531,0.8799567951318898,1.6032536372686526,0.05431056943270107,0.029620722255763815,0.0,0.10510074374136276,0.553485336862008,30.88152067814608,62.0,4
70158,5.270402895934253,0.0,80.26339710382992,1.4016217618309161,0.8074882515588501,0.04438898378389238,0.09129645354967957,0.1334377433402856,0.11277808358501228,0.4150819119420289,21.66879447555777,7.0,1
80972,4.824000686513771,0.0,130.06058231498065,0.5707745631218841,1.6271696146393297,0.06450986144918483,0.20257379790106939,0.0,0.1458083975353099,0.3693342235535494,20.17840358956559,31.0,2
117874,4.359420279727952,0.0,115.74918033450204,1.0171047814103484,0.8192271637225136,0.02770197444137078,0.2599964583587398,0.14048369761128915,0.1031396955853106,0.1866313169426985,26.851035169222133,8.0,1
112840,3.873488880460096,1.0,124.06209702591188,1.3230403074748542,0.4356650081024779,0.06931636345747896,0.09055548875425853,0.0,0.11122066945651018,0.6719828838800403,22.128061763153497,32.0,2
142692,4.359420279727952,1.0,107.63479207814535,1.586940561014816,1.1062090211057984,0.03983142220934665,0.034331660008063536,0.004055915282350092,0.1382096979464234,0.2530467117592156,26.38151936935055,45.0,3
35195,6.117892928831929,0.0,114.58482184023248,1.4597729435754092,1.0489198800185926,0.029907481693841425,0.286415091197947,0.0,0.0807099107755365,0.7940679687734105,25.645669827382665,61.0,4
31820,0.872923795046736,1.0,135.26810861058544,0.4997366955494057,0.6077684628587345,0.04146691814450317,0.35113068640320727,0.007024926123012472,0.0603937192379254,0.1385740475400913,20.062215475352662,60.0,3
23063,4.359420279727952,1.0,27.359891780153326,0.9746235506992239,0.9217929097588613,0.08086954562732294,0.23474058021231803,0.0,0.1426829749948794,0.8449259926732132,21.447663352652828,70.0,4
152098,2.234779091684268,1.0,157.1851244856954,1.1274828423974343,1.2108708886987363,0.0814343853848159,0.11803442510194988,0.0,0.09510266620308695,0.659808559089989,29.721107904287354,1.0,1
29938,1.5954046671017168,0.0,140.43210830230757,0.463866698007316,0.9115158496685433,0.03637793803600697,0.0024708380576646447,3.3299576378850387e-06,0.1260085040040869,0.4595172001147029,20.450672057309763,3.0,1
52692,4.824000686513771,1.0,84.05287856142657,0.8749797475547563,0.5209398115245241,0.04379041442699696,0.3489619263581033,0.07528457935098694,0.08716837634649345,0.5906201054722333,28.16540101076019,43.0,3
4719,3.3619271977508447,1.0,124.18896307277193,0.5190624428324827,0.5748678265386208,0.05531977924046881,0.3570577544941999,0.11311438262017379,0.1349938898477055,0.4919223952704212,22.95961915096651,24.0,2
43904,4.824000686513771,1.0,108.8664331254222,1.4016217618309161,0.7253558029455678,0.038157654766122096,0.08303424155368089,0.0,0.0682595902191365,0.6213775183157527,24.602580718647484,32.0,2
84356,4.824000686513771,1.0,103.39130863730385,0.5953653373173764,0.4124347299272793,0.04257727432062326,0.3726286889175506,0.13376264379882233,0.10785844760529659,0.4423328122524797,28.793249173968157,1.0,1
93766,6.117892928831929,0.0,69.95282132816511,0.44725961555888705,0.044411690558955434,0.040085503505564654,0.3717056213181921,0.1374628889344402,0.07298954199416931,0.22943896094336566,24.9960251095657,36.0,2
77778,1.5954046671017168,1.0,108.92847976723382,1.1502855016786524,0.5903701182783821,0.07534654601913696,0.2629821075691872,0.11059973741301266,0.12229085868403589,0.2840248434483561,29.547162170279524,15.0,1
13214,3.873488880460096,1.0,93.38653253445287,1.4144297135629609,0.9135673883268748,0.11691422676229259,0.19506447347566547,0.0,0.12229085868403589,0.6589379823386252,29.48104575602952,12.0,1
96719,6.117892928831929,1.0,131.13364455821662,0.4675905146382711,1.7245520312708758,0.0814343853848159,0.0,0.059138788265392456,0.10510074374136276,0.29243786124942284,25.55430460418469,28.0,2
131055,4.824000686513771,1.0,152.16468066207676,1.3762010353347607,1.173985195547883,0.041962598355487504,0.1786570689416453,0.007761030056575878,0.07697095147323091,0.6858652061907988,20.573533029329578,42.0,3
36553,4.824000686513771,0.0,115.38517854712231,0.9356488839762348,0.7880755588262914,0.032756846992377936,0.23278726790755302,0.14836185351286132,0.06627170617944157,0.055604357335072484,22.75474900100292,32.0,2
138290,4.359420279727952,1.0,114.61048667680123,1.2142637860645362,0.5476720855465492,0.03756917664631072,0.14941484002339908,2.929672062111343e-05,0.047429924857714,0.24644882252897388,22.45838454228531,17.0,1
20535,4.359420279727952,1.0,112.49292522648076,0.8724965562789044,0.6901723993940194,0.030629476337651843,0.27192601356089097,0.0,0.07948948280021469,0.490127341111776,22.223668541885814,39.0,2
9763,3.3619271977508447,0.0,133.52211907249358,0.915196032112578,1.1286011489630472,0.10778520225113049,0.23317963820531065,0.0,0.10979175009966557,0.5490477660515011,27.83248765907752,54.0,3
50540,1.5954046671017168,1.0,77.65961349240564,1.635322297431103,0.6737416234012596,0.10999102442631178,0.21593067514693054,0.003939573289650818,0.09259922813974525,0.3101496044938338,26.52493320048983,19.0,1
102476,1.5954046671017168,1.0,139.81867231225138,0.9126556457501946,0.8094399761009098,0.07881827414418355,0.26232341760931527,0.047028634608823235,0.07866163055322024,0.20475571420411642,28.23575829922461,43.0,3
36600,4.359420279727952,0.0,116.77365971671463,1.2260981136938247,0.6610661750968433,0.07632487083264694,0.3055920446641296,0.0009961907158109078,0.07654086052747315,0.22375482435312113,26.413949405388358,26.0,2
159733,6.117892928831929,0.0,116.47669354466125,1.5461302380608775,1.1900592475800453,0.05918638842682127,0.1458565046907266,0.002965912600349943,0.1110204011529758,0.482042029581441,22.952780907233503,33.0,2
143093,0.0,1.0,116.1181417636807,0.7830919477975231,1.5325301385083494,0.05776762020712451,0.09642761173667264,0.1266403540043594,0.11296729991626979,0.8609453674204514,31.476812515037675,34.0,2
114519,0.872923795046736,1.0,87.12462397399248,1.532661226759913,0.7707663064582774,0.09200993864114734,0.226390801977457,0.0,0.07298954199416931,0.5348231690526993,29.32436565160329,32.0,2
139135,0.872923795046736,0.0,102.24962573723244,1.3667351240154904,0.8251223509347365,0.10530426513964988,0.3526053216051421,0.0,0.07389614600927014,0.2821532349715344,25.29971917421991,43.0,3
45862,5.270402895934253,1.0,118.03200959977553,1.0660306262012467,0.7842157988769721,0.05824462509301763,0.20667737463872096,0.06081100334518816,0.12121460761967925,0.2615158354360752,28.230827070055135,41.0,3
18697,4.824000686513771,1.0,123.88952939151392,1.035987948999315,1.2695403925683402,0.029178943760520885,0.1558014307814477,0.0,0.0692325431781873,0.666768452000647,26.404818788022492,52.0,3
24019,5.701060861471607,0.0,115.12361109698466,1.4467356640090427,1.2062319625131506,0.025205750969036836,0.08757148586722448,1.4099240524821673e-05,0.12107639339864908,0.3426056156966485,25.956762488552002,69.0,4
26570,2.81870192439919,1.0,27.698975983229136,0.18958077544120372,0.014148908096184002,0.036177528458350545,0.3687395914417553,0.14856962913636654,0.07389614600927014,0.05165830741002074,22.97401862382313,80.0,4
80973,4.359420279727952,1.0,156.93489921816956,1.2439669833584739,1.3808202212133387,0.04557037994341877,0.010821767172170031,0.08487279545671522,0.09227673809299898,0.44867055468068734,24.63699812527624,6.0,1
134815,0.872923795046736,1.0,137.88606591195676,1.0577922600757719,1.7742801479019172,0.05223874875548161,0.06976627626521868,0.0,0.11371239933650804,0.7821407418654969,26.429691372009867,44.0,3
62610,6.117892928831929,0.0,185.18985063281136,0.8332466137621517,0.8290620173475927,0.032054095044992494,0.006927442155667886,0.14007217697370278,0.08823206529773955,0.2858957051591956,23.97653744614377,33.0,2
65630,2.81870192439919,0.0,103.97969116505938,1.0632807525460788,0.6112701122260614,0.037503497957860635,0.18527405936558464,0.0,0.07113757653068406,0.33335476170646205,23.17945822236361,46.0,3
130757,3.3619271977508447,1.0,80.5819454955279,1.4926549618789116,0.9633865604732803,0.061916456303725574,0.25932539471476873,0.0,0.10263327184459343,0.7744609539463155,24.916819740021605,57.0,3
61904,2.234779091684268,0.0,183.3005164873264,1.1966292274711101,0.6719252777395165,0.029907481693841425,0.1482346753096205,0.14764028303043303,0.12356559458620506,0.21426532189317865,25.877550448948206,32.0,2
111470,6.117892928831929,0.0,90.13850534316764,1.1502855016786524,0.9675887642154379,0.03756917664631072,0.036303553505605934,0.0,0.08823206529773955,0.3803519932120896,22.629377798049745,10.0,1
78203,5.270402895934253,1.0,162.74417380430796,0.6057480280565445,0.36123690408972214,0.02770197444137078,0.29193879468905093,0.1473180921538684,0.0834609979772711,0.351838884233596,19.425948466621794,36.0,2
125155,0.0,1.0,161.18592709689528,0.7482001681201292,1.0707955444139763,0.07790245322973517,0.13919151447689318,0.1476185191077602,0.0846000186739813,0.6257577563290178,26.949828933385362,8.0,1
23503,2.234779091684268,1.0,153.7407000445539,0.7925271422579314,1.616519151327676,0.05009339799691467,0.03861793216455963,0.08966760967333837,0.09029545927515505,0.425999744827912,27.418742346715963,2.0,1
140558,0.872923795046736,1.0,123.9352124060254,1.8075989478811065,0.6520678855900447,0.06366010318565381,0.325496631491568,4.60918822215878e-05,0.06196127568927948,0.6476084860628607,21.713987052985694,21.0,2
12709,3.873488880460096,0.0,95.3497346143566,1.0468602170294494,1.752093072887597,0.038157654766122096,0.0027089824806340403,0.0006653036678228613,0.12242178962049771,0.5658914195524049,26.769042120027777,29.0,2
35747,5.701060861471607,1.0,106.84714375834274,0.787802634069226,0.03131340041628784,0.050311323611251645,0.375466997075387,0.1488761368191702,0.06913586784584445,0.45590417500931824,18.161519933176802,41.0,3
89327,5.270402895934253,0.0,113.73741953946951,0.6653940706483308,1.3464934343650294,0.08463728846781318,0.29274903786299833,0.0,0.08927426336727629,0.46853879156411365,21.189852990571218,2.0,1
16555,3.3619271977508447,1.0,104.62480297055119,1.1878644052004304,0.9654866865759476,0.025435779189136993,0.18825977665822002,0.00681651852218226,0.11181393054084698,0.7547906905198852,23.616402904783975,52.0,3
80930,5.270402895934253,0.0,97.44378263197558,0.6523964551813372,0.09623309519463974,0.029178943760520885,0.36637800143413035,0.14703635922097283,0.0626534392312979,0.12017050102339782,26.662300113221775,38.0,2
10109,5.270402895934253,1.0,141.936644842032,0.8478595149544487,1.3270588689493945,0.026953409443536608,0.04822107664482468,0.0009961907158109078,0.1085152749541968,0.5605779646133879,21.66970197167728,68.0,4
149415,4.824000686513771,0.0,98.78731148425524,1.2290664655179893,0.7253558029455678,0.037503497957860635,0.2668778892785336,0.0009961907158109078,0.0682595902191365,0.4014014281029086,22.630993727933944,49.0,3
58528,2.81870192439919,0.0,137.07091419793548,0.4807198931074894,0.6956828410527327,0.03448635494491179,0.3000907802279664,0.06895930291577607,0.07253143383276514,0.06240223749196051,26.979314674008418,19.0,1
121854,0.872923795046736,0.0,140.18279048976433,2.0174878286975386,1.0272417610184217,0.07434357648268704,0.20072249983297194,2.7297153021681463e-05,0.09718602680360759,0.09836996771644067,26.760518670699764,23.0,2
32008,5.270402895934253,1.0,127.6882825374277,1.5972380637191486,0.9094662464472685,0.04673112473458526,0.1488254969080726,0.0,0.07113757653068406,0.539272361790861,25.83271135241624,43.0,3
16474,5.701060861471607,1.0,124.54916158375549,1.1791344541649518,0.9802422468499067,0.025435779189136993,0.0822707938427152,0.09869082632721077,0.07654086052747315,0.5232380909858012,27.32925139070932,48.0,3
9003,0.872923795046736,1.0,54.39591832061521,0.372956702739835,0.3895991011099556,0.03854735724850431,0.1696866721569423,0.12195741211779408,0.0700010335231844,0.43054194018397496,25.961850029885003,19.0,1
51247,5.270402895934253,1.0,98.97603531557019,1.2923101708008011,1.4633344786443667,0.03219515144426198,0.02824856281115648,0.0,0.14433092937600775,0.428725547103319,26.76550183458256,49.0,3
151902,5.701060861471607,1.0,117.5156034024936,1.5766811031181405,0.5077466257061825,0.03796202019659711,0.23934276540465588,0.0,0.07824336696718033,0.30921905351352663,24.83068300289487,18.0,1
58346,4.824000686513771,1.0,76.23067549895356,0.8749797475547563,1.3173907569336416,0.11129950713727828,0.08150525731732736,0.0,0.13457628781891856,0.4973039056850378,24.9462666252975,50.0,3
109906,3.873488880460096,0.0,94.59047626506025,1.3762010353347607,1.4431238001219762,0.03134499269087866,0.19506447347566547,0.1481291158678292,0.06677399494927812,0.42054376079082423,27.110560109292738,36.0,2
144750,0.0,1.0,81.76279331495563,1.237995013338512,0.3582878358476109,0.061916456303725574,0.3635186979644739,0.0,0.08422295110813957,0.7812879084874744,24.159878796919113,50.0,3
16609,3.3619271977508447,0.0,119.72723653790895,0.9615409198141054,1.6836409726368637,0.050636785623080244,0.0,0.0,0.08229821707572699,0.31665838257302165,26.460363276530355,32.0,2
123438,0.872923795046736,1.0,140.33737501108448,1.713043318578456,0.8972092364676427,0.029178943760520885,0.1696866721569423,0.0,0.12135199042106064,0.6789281817495515,21.792282208949892,60.0,3
116150,2.81870192439919,1.0,95.3655432992728,0.3149566351558883,0.004827549663774414,0.03577509228302261,0.375466997075387,0.14881696359613644,0.05658694707312501,0.03920282832224809,27.107180249828254,47.0,3
5280,5.701060861471607,1.0,108.76818226790513,1.9861127510729824,1.2131933798627534,0.03550559855419764,0.12915797286804528,0.0,0.05884883476647055,0.8777643017856138,26.12629506608796,54.0,3
63278,1.5954046671017168,1.0,128.19860329038545,0.5789202739654,0.6077684628587345,0.029178943760520885,0.3381352494969032,0.0,0.08961697180144913,0.2680922205501752,23.713758141943664,60.0,3
35565,5.701060861471607,0.0,135.8744334479306,0.1937348163193579,0.23927523980075788,0.032756846992377936,0.36735793741944806,0.14892184338860762,0.07207008747600625,0.0477083815054258,21.759870740478608,40.0,2
129525,5.270402895934253,1.0,97.08646420964834,1.3416702104497014,1.1353577070957022,0.11170849943950471,0.19314302867308558,0.0,0.11497228316209064,0.7014435082779047,28.409493555211288,50.0,3
91104,4.359420279727952,1.0,85.33379262355619,1.8112948160060567,0.49629680953734306,0.10152244608703388,0.30729544118504715,0.14538864290523457,0.08644706391858864,0.5446065792778642,20.870265822590937,40.0,2
17325,5.701060861471607,0.0,149.14398860548593,0.9382217518481557,0.9383370423726153,0.1069043158630909,0.13296876435285718,0.002965912600349943,0.11781335401820275,0.3398322134003418,22.88898815919846,38.0,2
29706,2.81870192439919,1.0,102.82330015929122,0.34103710916357344,0.09623309519463974,0.032054095044992494,0.3753400103877654,0.1484980924115994,0.0642263303982092,0.18471915968581262,19.125014971827788,15.0,1
92003,2.234779091684268,1.0,103.77146869376003,0.8429744814568473,0.5544274649064301,0.041342447356368994,0.33850815172552834,0.0,0.11949950664623125,0.6580672741241114,25.86641272822957,56.0,3
51926,4.359420279727952,1.0,97.40700850169226,0.894973455755926,1.224836140286072,0.03874142824810896,0.004844637432585433,9.596480220961283e-05,0.06771854797781018,0.6754565700006173,31.46436976753624,62.0,4
102142,5.270402895934253,0.0,172.22397588900782,0.9825170437964712,1.2814265310363273,0.03880600336970576,0.12593704731803265,0.10994108762794899,0.09776367429658296,0.46312771325061475,24.32787698837552,32.0,2
32307,2.81870192439919,0.0,63.59371911380499,1.4499888131526906,0.48009200488394477,0.08086954562732294,0.3608675781391939,0.11124613778859534,0.12464975206108977,0.13373873230055272,21.719273027393307,27.0,2
40819,4.824000686513771,1.0,151.09954437491422,1.5159190404539722,0.7253558029455678,0.058717534870942424,0.3341417403785182,0.0,0.08927426336727629,0.5623496876972396,23.611834962559495,53.0,3
125499,5.270402895934253,1.0,104.77039462038383,0.6829095930719221,1.810627357456136,0.05208043333747921,0.27192601356089097,0.1490609917605816,0.04895374704181113,0.07409942126331968,25.966669181310426,8.0,1
114421,4.359420279727952,1.0,27.265598511576403,1.232038730877049,0.288182827141673,0.038157654766122096,0.31862323659454755,0.14497539012073252,0.0994514137349725,0.7829934564155167,27.281777679228533,9.0,1
83014,3.873488880460096,0.0,126.81348907085989,0.5308073037484302,1.7854251987023164,0.06056899457987591,0.0,0.0009961907158109078,0.06727271957900667,0.4269085074607398,29.39244533299188,58.0,3
109954,4.359420279727952,1.0,139.3695723517909,1.2260981136938247,1.3173907569336416,0.08684389572442322,0.045631865334373974,0.0,0.12644056977927082,0.41325998704410216,21.35737688248392,22.0,2
126502,4.359420279727952,1.0,80.35520067146888,0.25287793074602544,0.05623046500040285,0.03414355059055638,0.37457407629954614,0.14828992278854083,0.08150955334797905,0.06741943508517165,20.61500337895719,48.0,3
73864,2.81870192439919,0.0,125.51740800766251,1.6563128757565557,0.986595383828515,0.04146691814450317,0.3364413409667387,2.729971528264437e-06,0.06001041677208025,0.8777643017856138,22.902688926505633,18.0,1
65093,5.270402895934253,0.0,123.39193579691229,1.1303197887629002,0.5834619703150993,0.04438898378389238,0.20981104117612712,0.14305838067368332,0.07907699494507488,0.1684321059565338,22.263645970267962,23.0,2
27724,2.234779091684268,0.0,99.23806654301997,1.0332792011007887,1.4557398888377278,0.10064118982096132,0.11125707260979383,0.0,0.07434469244013149,0.5223458982041329,27.33261251943344,65.0,4
22541,1.5954046671017168,1.0,131.10846975156232,0.7436060858271775,0.5028288081559448,0.036177528458350545,0.1658841956233759,0.0,0.07697095147323091,0.23984141670888795,23.440391030237485,10.0,1
112209,2.81870192439919,0.0,116.75830204916286,1.2923101708008011,1.020776755417497,0.03482762600454365,0.22310681446648367,0.0,0.10604378231919075,0.7221507233753106,24.069946698514716,44.0,3
87792,4.824000686513771,1.0,99.53666167736765,1.4240785193695762,0.9197336231387233,0.05223874875548161,0.28443031496949606,0.0,0.07610775407689287,0.8516759405752526,31.006210633124365,9.0,1
89342,5.701060861471607,1.0,86.00798186019748,0.6437972553886573,0.48009200488394477,0.05992821307386076,0.27099193577783337,0.0,0.09259922813974525,0.2821532349715344,29.801971327259288,14.0,1
70344,3.873488880460096,0.0,101.02250260726456,1.274062926972884,1.0685990710633249,0.10188625402023829,0.221024451677974,0.08931341042848823,0.10979175009966557,0.5508232274881332,21.006306524668247,38.0,2
1282,0.872923795046736,1.0,85.08211508531423,1.3447892366328362,1.2838098666500841,0.0964512307573751,0.1511740477018857,0.14104584832010492,0.09630503739313614,0.45228862939516046,27.61549022603909,12.0,1
87547,0.872923795046736,0.0,102.82851328057907,1.0605346314265924,1.2482734227611447,0.11882926267651109,0.030532185089493704,0.0,0.1411823370752117,0.7522202886606224,19.963636795477612,6.0,1
22934,4.824000686513771,0.0,111.55568549113231,1.4240785193695762,0.6077684628587345,0.042821623692057054,0.14465841868461957,0.0,0.07434469244013149,0.2971052741693927,30.277164920927245,16.0,1
134626,3.873488880460096,1.0,100.12823586871845,1.688088075804631,1.5742552026161614,0.06173878953606442,0.13233770064580988,0.003151479094324869,0.1375171518960045,0.24833490189782328,23.914882620064418,49.0,3
14943,4.359420279727952,1.0,128.39557995898733,1.2953652640842788,1.7245520312708758,0.04724682897698414,0.28837287361916497,2.739971319237871e-06,0.12845635323811264,0.8584186867061977,29.200115574716822,17.0,1
112344,5.701060861471607,1.0,77.39367112421189,1.4144297135629609,0.74981849672868,0.09596252188748704,0.0026395412914627676,0.0,0.08995736455673303,0.19140808741899407,31.00182264802765,4.0,1
5219,4.824000686513771,1.0,110.71017451558815,1.5125831187873215,1.0685990710633249,0.08438210118699253,0.0398569950795989,0.0,0.07907699494507488,0.509839587862524,19.52341002184188,22.0,2
3933,5.701060861471607,0.0,90.66418080739119,1.9939292486457882,0.9074185780413175,0.1038017549402223,0.2988083318684791,0.0,0.08422295110813957,0.7161185947953245,26.902161720635487,33.0,2
93511,2.81870192439919,0.0,150.54682784951925,0.6545544784683045,1.0294007007666441,0.07468068007540363,0.28125563818496374,0.14434714655798636,0.12499849218571271,0.6055804699512913,27.720869040791342,15.0,1
91192,5.270402895934253,0.0,182.31638221615813,1.035987948999315,0.817265915439901,0.03462304693822591,0.013232424417963167,0.14416443208629423,0.06540955400727862,0.35737047171995895,32.63176694017908,29.0,2
103516,4.359420279727952,0.0,87.8074925734448,1.0660306262012467,0.3986861421068424,0.03198347162171691,0.3576775834173402,0.14862483687317665,0.07866163055322024,0.11239761144098635,20.056481895840793,44.0,3
74964,0.872923795046736,1.0,125.04102295855682,1.0037280259604542,0.817265915439901,0.029907481693841425,0.25385506477255376,0.0009961907158109078,0.06727271957900667,0.31665838257302165,24.735490713807046,39.0,2
113913,3.873488880460096,0.0,82.86057887646157,0.6183139566629519,0.5629124880905149,0.03880600336970576,0.3214630605513888,0.1484980924115994,0.08716837634649345,0.3231583147981585,28.931378316610388,30.0,2
97526,0.872923795046736,1.0,126.4997691625769,1.3888789288233903,1.3587067315067167,0.047871617065426426,0.006927442155667886,0.001984806558653298,0.11425910032408468,0.7642061619901985,28.639016633652812,5.0,1
20826,0.872923795046736,0.0,87.11928606516571,1.1966292274711101,0.650273779481411,0.10894991098191154,0.06411915306100532,0.0,0.10915962010817792,0.3305760518370182,28.52780274405901,39.0,2
90775,5.270402895934253,1.0,128.81464282054395,1.0063959825440436,0.8628581206184712,0.02770197444137078,0.2697376361401066,0.0,0.09999929605428569,0.6292595119241615,30.112079143213826,34.0,2
25401,5.701060861471607,0.0,130.8516471497339,1.8975213518964196,1.1534632002710248,0.1090864959917678,0.3244483425283577,0.00445261658756575,0.05396269146940636,0.8136127138519201,18.089798629520928,25.0,2
130669,0.0,0.0,105.31610628158411,1.277094229670491,0.6007871602881386,0.03584231509880679,0.27651261005460964,0.01479936545329019,0.07207008747600625,0.4793441631124205,23.90185916211609,20.0,1
93921,0.872923795046736,1.0,75.93136790299769,1.249954663221884,0.971798776571637,0.03345331143459896,0.0,0.0,0.07523239892816581,0.4694400923118106,27.286566407548573,51.0,3
38596,3.873488880460096,0.0,93.8145016665209,0.8899536272626166,0.7880755588262914,0.09258961304742667,0.27499908171005494,0.0,0.11041192561352685,0.329649459445562,28.832903231726352,19.0,1
132459,0.872923795046736,1.0,27.592289670721463,0.7528078866341287,0.8488750374661344,0.043609809300476046,0.11669313372009094,0.14794570384085043,0.06365352429629562,0.0273041728684292,21.71881997770213,36.0,2
99157,0.872923795046736,1.0,80.50097564657176,1.5528898930012174,0.9508267515704789,0.09442669630209094,0.13296876435285718,0.0,0.09600744425199255,0.5773863402581226,23.692542631213502,17.0,1
127694,0.872923795046736,1.0,108.1628836176925,0.9025300258404296,0.5748678265386208,0.03247650422115219,0.3033689816821263,2.279980140797105e-06,0.05783907976462626,0.09065411316926,27.518973250683686,8.0,1
106710,6.117892928831929,1.0,145.86659630867464,1.258965687733321,1.0402249611304715,0.03482762600454365,0.011788166338059581,0.14707637421252515,0.07434469244013149,0.2999035103297946,26.852997767814212,46.0,3
155533,4.359420279727952,1.0,139.124975207374,0.8043990271576443,1.0906530470009785,0.029907481693841425,0.05919019669413417,0.007761030056575878,0.08644706391858864,0.4649320304843778,28.76604336949214,23.0,2
63800,0.0,1.0,120.25756349530357,1.2172165115891747,1.458269339562285,0.040085503505564654,0.02223288089874668,0.1300641432267015,0.061046331132959944,0.3101496044938338,26.506193856994287,24.0,2
129356,2.234779091684268,0.0,45.7676779668361,0.7643869846402107,1.4684079384441668,0.0853906261142464,0.2180697686246851,0.1488819281952906,0.10212019116983716,0.17610414704469207,25.407331268290363,42.0,3
88627,0.0,1.0,182.14828315936438,0.37125076488833264,0.6556616476550895,0.029907481693841425,0.3250784302488298,0.0,0.07610775407689287,0.22659778538501857,28.586643756851476,60.0,3
3139,4.359420279727952,1.0,134.46575822922674,1.573269725078865,1.716331415385084,0.05531977924046881,0.0,0.14792651274701046,0.1005400101632899,0.42963382439383313,26.769435465408982,61.0,4
54938,5.701060861471607,0.0,129.97992561173305,1.2801294904916005,1.01218429027079,0.10715144929109219,0.1696866721569423,0.0,0.11497228316209064,0.5720839688793614,26.49167126858258,28.0,2
23221,6.117892928831929,1.0,79.49598090885895,2.2202499098244823,0.6920073491138415,0.06563433162362835,0.3134325087343338,0.06389224038740546,0.06869912804803781,0.8575762360088297,28.56846081422917,35.0,2
5866,6.117892928831929,0.0,106.78492571499436,0.9930930893391963,1.3173907569336416,0.11276851657666974,0.09129645354967957,0.0,0.059071447418294995,0.3922603925171521,33.46825042292274,25.0,2
9745,2.81870192439919,0.0,99.5837965755386,0.977251050003743,0.07044115813186841,0.04954523409962817,0.3492986047773872,0.14397553805943164,0.07523239892816581,0.114342181214064,23.74662399011708,24.0,2
102090,5.701060861471607,0.0,111.48354358589008,1.035987948999315,1.0250847906186369,0.037042101458448426,0.10918885741547443,0.0,0.13787062555836185,0.6205010638904588,31.47059156358548,13.0,1
75188,6.117892928831929,0.0,136.67559091085394,1.0468602170294494,1.2225035455976938,0.03345331143459896,0.18677221769714705,0.015065401060720823,0.11061603839739241,0.7727530213566,28.87799869634704,40.0,2
43851,6.117892928831929,0.0,109.09908199311506,1.4597729435754092,0.8074882515588501,0.09181366582891372,0.13547693088861773,0.0,0.1274776608148665,0.745360522114038,32.165299214463126,27.0,2
148954,4.359420279727952,1.0,176.66554872921452,1.2231336726202555,0.8769353064372962,0.040085503505564654,0.09055548875425853,0.14858359650791927,0.08716837634649345,0.5035754392914052,26.503421780833996,43.0,3
141642,5.270402895934253,0.0,153.6028911405279,0.8332466137621517,0.5646149391973504,0.028073724243569836,0.3099278600381149,0.1478281207680936,0.06884501787787135,0.09163159859858028,24.74323693418107,6.0,1
28622,3.3619271977508447,0.0,72.37017323309664,1.2680121847925503,0.9279824033589994,0.10315298150069982,0.06166502125087374,0.0,0.12293774418845033,0.539272361790861,23.55883175767591,63.0,4
72927,1.5954046671017168,1.0,110.41093155706848,1.1820405678953774,1.3029499461191854,0.10549248652952234,0.04580516818086499,0.0,0.09195206939260495,0.18376276966746116,23.198822279526127,24.0,2
113876,3.3619271977508447,1.0,135.15281278641274,1.7818509781400034,1.6432088154910538,0.05312809297365113,0.2924794775923191,1.2499940308167596e-06,0.09833371298734968,0.8668370486535385,29.183925377809977,34.0,2
23598,4.359420279727952,0.0,150.04814640999223,1.232038730877049,1.3029499461191854,0.02844379682282684,0.18426934876289744,0.10835511142078431,0.09570786137811908,0.6117290310971855,25.524793377028224,44.0,3
139010,3.873488880460096,1.0,103.87038180416022,1.232038730877049,1.4406068112877073,0.05631163987576615,0.004962882796202298,0.0,0.07610775407689287,0.7838460522181683,28.641395664051586,52.0,3
135203,1.5954046671017168,0.0,105.15503354066135,0.8799567951318898,0.03804415575071908,0.03684347528477961,0.37483015478170034,0.1487428283688967,0.06727271957900667,0.2313320887455652,23.522354265252744,49.0,3
140083,1.5954046671017168,0.0,78.7600004398879,1.1966292274711101,0.21045458225094912,0.08086954562732294,0.24493038553947208,0.14659064762779658,0.1135278727644392,0.38126903601002826,26.21058206025759,40.0,2
74144,2.81870192439919,0.0,189.7101802711361,1.9978443082733723,0.895173163886735,0.04730387785758131,0.008880373055813805,0.061360570331055596,0.05658694707312501,0.46312771325061475,25.020604657773145,20.0,1
6543,4.359420279727952,1.0,94.65378093483416,1.408017586653165,0.7842157988769721,0.09512248854355311,0.2382034174387412,0.03816745169302313,0.11905083262975834,0.41872379767106116,24.968817467146945,64.0,4
129569,2.81870192439919,1.0,29.74033808806765,2.0372453139730755,0.30356347791601046,0.06969534196105091,0.32253779789110704,0.12676058324946168,0.05366577368042376,0.4847385124396228,23.771075592649744,28.0,2
127098,0.872923795046736,1.0,81.51496401295799,2.0412105181439637,0.5817394956459299,0.11518852292788895,0.2559278880813097,0.0,0.0642263303982092,0.5169896259943355,27.05813999174449,7.0,1
4152,4.824000686513771,1.0,40.09615080101512,1.1531530780227583,0.057748170668623686,0.030916456657733713,0.3602681406755159,0.14595378412874377,0.07434469244013149,0.45590417500931824,20.179989933451512,27.0,2
139859,4.824000686513771,1.0,79.4148543481641,1.2142637860645362,0.5714429205166435,0.11479499795151385,0.24819787995466153,0.0,0.07654086052747315,0.48743361513789707,25.06628737892248,3.0,1
93700,1.5954046671017168,1.0,84.45513669953861,1.837289396713911,0.3956501443205973,0.07534654601913696,0.22269219649736002,0.12676058324946168,0.0642263303982092,0.09602742885207814,25.965866031595827,41.0,3
84187,5.701060861471607,0.0,83.34960807499483,0.25888837167348283,0.08379379135792173,0.03345331143459896,0.3534152681520182,0.14773597891047588,0.0626534392312979,0.08409898345945786,22.799359626364524,39.0,2
79220,4.359420279727952,1.0,134.3854855265535,1.1966292274711101,1.3981349919391537,0.03345331143459896,0.079196038339907,0.0,0.11239606234866689,0.4973039056850378,26.197278839661088,46.0,3
36236,0.0,1.0,130.97251382838033,1.5293044363985917,0.47366004718920107,0.03482762600454365,0.3223236178244389,0.002965912600349943,0.0642263303982092,0.5570327996307758,24.71058101455803,40.0,2
34684,4.359420279727952,1.0,141.0501431545213,0.9330796361672831,0.7123149584016482,0.02627387989249491,0.18020234098276874,0.0,0.07989911657905567,0.18471915968581262,19.197918340892357,5.0,1
57615,5.270402895934253,0.0,143.17045044813895,1.1105412085910351,0.8992472401295339,0.032054095044992494,0.24308780253403353,0.1473544828317745,0.09630503739313614,0.5053659477481252,28.784140930477385,38.0,2
54315,4.824000686513771,1.0,119.78334468557166,1.338555201025666,1.6245038255176485,0.05496854635576409,0.3132018552457221,0.0033562667300124755,0.12787593330562827,0.7238730648159113,22.461485215039612,36.0,2
1676,5.701060861471607,0.0,90.7756317623212,1.0853850452792237,1.01218429027079,0.10682075272588769,0.09642761173667264,0.0,0.0929195560165614,0.58621235383743,35.607222711700544,36.0,2
40932,0.0,1.0,83.75234687303123,1.1704392993079824,0.6719252777395165,0.034280856815077226,0.2579748766335213,0.0,0.09660065570186806,0.037519350728437706,28.540104728930665,20.0,1
154715,3.873488880460096,1.0,116.73782470953788,1.1189948897666122,1.640530318907042,0.03880600336970576,0.050788310921096536,0.0,0.10263327184459343,0.3287226888922308,29.796487613950895,15.0,1
97910,6.117892928831929,0.0,96.71844017785025,0.6961860220856041,0.41090010214946837,0.0964512307573751,0.002986602388962986,0.12150916954141164,0.08644706391858864,0.25398849438243537,20.172057381597785,40.0,2
60840,5.270402895934253,0.0,112.05534291182097,0.16781750528054573,0.3334994777967263,0.03134499269087866,0.373801201041412,0.14836968489759983,0.09510266620308695,0.05954654974424027,19.79652488400545,15.0,1
112946,3.3619271977508447,0.0,145.1870319192572,1.2619772416422685,0.6182954332776928,0.03550559855419764,0.2713039252323279,0.002965912600349943,0.10363955969640551,0.5321518963893909,20.97061244743797,27.0,2
75494,4.359420279727952,1.0,185.295264652857,1.104924423867234,1.54291101289386,0.03880600336970576,0.005946621798604477,0.1480936353641807,0.1085152749541968,0.2915038241674874,26.765108449862375,26.0,2
1746,6.117892928831929,1.0,113.39306527744465,1.351039350458107,0.7880755588262914,0.04730387785758131,0.02502350614647099,0.0,0.07610775407689287,0.5641208390442669,26.805999411780753,62.0,4
56344,5.270402895934253,0.0,93.37067645705042,1.7454404380504511,0.8290620173475927,0.09661164643050027,0.25865153931348445,0.0,0.0834609979772711,0.5508232274881332,27.28837820949888,19.0,1
3197,3.3619271977508447,0.0,115.31851255292807,0.8874490702428841,1.4456428644832313,0.038157654766122096,0.002986602388962986,0.07662227615159621,0.08927426336727629,0.49820029281298683,25.220205468846924,64.0,4
11096,4.824000686513771,0.0,70.72324852889079,1.789185585833376,1.1106714973128837,0.03809250140100743,0.0140959167433516,0.0,0.13042169024990238,0.45319275256535035,22.616153634994774,59.0,3
17842,2.81870192439919,0.0,118.7370724057532,1.3447892366328362,1.54291101289386,0.10682075272588769,0.17605677935381134,0.0,0.10133787158252591,0.6519686275075127,25.677514569721836,31.0,2
55274,0.0,0.0,99.93458968994817,1.2801294904916005,0.8016444925314857,0.07044380416764916,0.13296876435285718,0.0,0.08608269509259017,0.51341580185349,25.700706571568094,36.0,2
100675,2.81870192439919,0.0,113.12570215458905,1.767234330366132,0.7784403718217229,0.06353138546601812,0.3120422282782636,0.1447665332466122,0.13426813323762224,0.3656561673256651,21.56851023298501,5.0,1
149884,5.270402895934253,1.0,126.14543532594564,1.7454404380504511,0.9950936437439697,0.11209592493449108,0.10918885741547443,0.0,0.1087314302634894,0.8178534252352518,32.19223475514715,20.0,1
87056,0.872923795046736,1.0,78.76541562543508,0.8874490702428841,0.36419289502993807,0.11119373451883552,0.3033689816821263,0.07921649421235842,0.08716837634649345,0.4150819119420289,29.192577392101036,12.0,1
159719,5.701060861471607,0.0,121.66844226023628,1.580096699910016,1.4990236923422753,0.1110323446790209,0.02409600998560086,0.0,0.12845635323811264,0.6988499935977971,28.073223664583605,4.0,1
29711,4.359420279727952,0.0,112.96626960742334,1.874800880341669,0.7123149584016482,0.046327188014090345,0.09055548875425853,0.0,0.07654086052747315,0.6728515002130602,22.90895445859818,52.0,3
82217,2.81870192439919,0.0,69.62778046598999,0.9202876017469687,0.14068687440095579,0.07226092540897922,0.352279493375899,0.14843876050703148,0.07207008747600625,0.6064592478239177,25.67387267359572,33.0,2
116262,6.117892928831929,0.0,125.21843067916636,1.1704392993079824,1.0337244907542096,0.09596252188748704,0.09715277734440843,0.0,0.061046331132959944,0.04899253370817954,27.272069040152125,33.0,2
108535,4.359420279727952,1.0,39.42207981260675,0.9126556457501946,0.2923571692648311,0.08754475966298475,0.26099785296917244,0.11270820117152178,0.07567160824092482,0.6240060675375,20.699024983653885,40.0,2
110023,4.359420279727952,0.0,84.46049829413089,1.2439669833584739,0.6610661750968433,0.0856377240318309,0.33355937323453344,0.14421725665368118,0.07523239892816581,0.23795182913777405,20.978960157694157,45.0,3
15412,0.872923795046736,0.0,72.63866208528582,1.4499888131526906,0.5375933159347819,0.05969748831732865,0.14224404248746633,5.338910797262171e-05,0.06323409511285039,0.7607840476203711,19.039726957492746,3.0,1
113885,4.359420279727952,1.0,84.81961481948137,1.246958858166756,0.43254475308730655,0.09677083598355257,0.3000907802279664,0.0,0.08307607176161669,0.7118061729084739,26.450979184458763,10.0,1
93186,4.359420279727952,1.0,153.10564725388988,1.0881650388686348,1.486230640455675,0.0461533086282955,0.08455490089482158,0.0,0.11874712021012017,0.531261178626178,25.928232931948283,47.0,3
155692,6.117892928831929,1.0,54.78382333962963,0.6895327855205698,1.7631694513334089,0.0856377240318309,0.013904227484345454,0.0,0.13987808111748654,0.4004880737342039,28.543618916496552,24.0,2
123382,3.3619271977508447,0.0,112.86339282205422,1.1849505506472449,0.5697331973345253,0.10511329257752373,0.19071575807816873,0.0,0.07907699494507488,0.3259413065890475,25.58311664890104,27.0,2
148191,3.3619271977508447,1.0,147.23922341536274,1.4827469254218961,0.7123149584016482,0.03597658040809012,0.22060518339361856,0.1472438889403441,0.08384328428839721,0.09524628865201457,24.606745846982417,1.0,1
107762,0.0,0.0,167.4061923069217,0.8091720843236079,1.6755162905062593,0.04557037994341877,0.013712425199831665,0.13484531646192216,0.08497450704940865,0.6134845293745955,29.96154955382582,36.0,2
157238,4.359420279727952,1.0,135.23803279671392,0.9984031852273931,1.448164004953569,0.05276348676969412,0.06976627626521868,0.0,0.12293774418845033,0.41417103144871215,23.717458864080125,54.0,3
4354,2.81870192439919,0.0,88.00474300831202,0.3393858056818088,1.4709477900653012,0.06534527571603274,0.0,0.12902527453437898,0.13457628781891856,0.3564489745952911,23.07203528706435,6.0,1
60565,1.5954046671017168,1.0,128.02684467828536,0.5667208372492745,0.7593119202228912,0.02844379682282684,0.300600368224815,0.0,0.08150955334797905,0.3748461739260816,30.06789495729745,18.0,1
48733,6.117892928831929,1.0,84.16017417516939,1.1531530780227583,1.8445017682915805,0.09039569818937865,0.026594062820079506,0.0034536696101615592,0.13058845981202158,0.6073378881905973,22.455431252858812,52.0,3
159572,4.359420279727952,0.0,95.61316390843858,1.0632807525460788,1.0664045786492466,0.047871617065426426,0.06330339403872892,0.0,0.08995736455673303,0.5053659477481252,25.7798838054422,14.0,1
51429,0.872923795046736,0.0,90.99847514847968,1.313779393613908,0.811393604128813,0.03134499269087866,0.012559232969426147,0.14867831647365504,0.11220324037571663,0.5773863402581226,28.03372841193348,17.0,1
89532,4.359420279727952,0.0,140.7361901775549,1.068784255159413,1.0078998505255499,0.04954523409962817,0.2655899324840549,0.001984806558653298,0.07207008747600625,0.8008731546402246,27.53132382760982,4.0,1
82194,0.0,0.0,112.5443894810155,1.3984299557000819,0.9466557329092349,0.07821024105866159,0.21245753954102564,0.0,0.08571582562284803,0.40961416743273077,26.129494150223525,30.0,2
13419,0.872923795046736,0.0,127.23329512918477,1.0090676336197404,0.5731544633651487,0.026652080324069915,0.034331660008063536,0.0,0.14510660113732368,0.19236282222973636,25.158988358452273,38.0,2
51018,0.872923795046736,1.0,127.90558344005342,0.9228387905195625,1.3882284599771346,0.11263934222691065,0.12333016422336632,5.579881052805629e-06,0.08644706391858864,0.4622253199987333,33.31554677949144,5.0,1
77313,5.701060861471607,0.0,99.71994616869122,1.0144220302914997,1.450687222114931,0.05170941569813888,0.06248535294461734,0.0,0.1110204011529758,0.3684149667388865,23.89577046683142,23.0,2
76534,5.701060861471607,1.0,73.74947757022015,1.440241690388494,0.9696927940084842,0.1035886709897732,0.023165805092240477,0.0,0.13756214704369535,0.3277957400099712,27.351481321811594,28.0,2
40472,4.359420279727952,0.0,116.34865748736188,0.9904435638128387,0.8749185103672998,0.028959096633576646,0.06872581707120798,0.04201883238917181,0.10107366171887236,0.2407859170145463,27.02923384173388,1.0,1
90486,0.0,1.0,55.80307889235352,1.5259518253987494,0.26345648549552336,0.05074489405505674,0.22060518339361856,6.048601932684817e-05,0.12037265058829381,0.5330424673029763,28.568711667204145,21.0,2
22472,4.824000686513771,1.0,124.66581361824451,0.8332466137621517,1.3125689770901088,0.029178943760520885,0.09277239074984024,0.0,0.12107639339864908,0.48114289466383386,22.264982670627642,52.0,3
6664,5.701060861471607,0.0,82.41956272892091,1.351039350458107,1.1218625664872488,0.1059512892555724,0.11056948609566525,0.0,0.06860169549037468,0.5738519916568867,22.01227746476719,10.0,1
141992,5.270402895934253,1.0,123.63061339488243,1.1360051413715428,1.640530318907042,0.042943474147672495,0.0006333997573980657,0.0,0.12622580018510962,0.35276125013630455,26.109762222417334,34.0,2
130971,4.359420279727952,1.0,56.97282716726089,1.3920585419964056,1.2108708886987363,0.10928782236190884,0.02017082332812688,0.0,0.06260042484656009,0.5383828155329159,31.031225868785377,25.0,2
143770,6.117892928831929,1.0,93.9940599638852,0.4731990747180825,1.4055865716025768,0.07759212050764247,0.0,0.0009961907158109078,0.10958238112235452,0.3831026140507271,22.326116197521003,58.0,3
60540,3.3619271977508447,0.0,178.99829152677935,2.021430197171811,1.3981349919391537,0.07261531317345733,0.01913480414395804,0.14540940449185707,0.11200919934125854,0.5401617621376549,27.014772870734454,50.0,3
81391,5.701060861471607,1.0,122.30435286723456,1.3635879022326585,1.6059025151258526,0.057623714331464716,0.02139091534724476,0.0,0.1005400101632899,0.6797957612726563,25.974164431817425,28.0,2
112166,4.359420279727952,1.0,48.249696494388566,1.6916401609057337,0.5011931214681938,0.050636785623080244,0.3542186659772389,0.14883495884772957,0.05693041831387531,0.4023146165258838,22.01556988343295,30.0,2
62364,0.0,1.0,40.83401319428204,1.7238032976844435,0.1006893865302104,0.06816008079340606,0.232394038701296,0.14808467352381494,0.06438176933966647,0.038410692203098756,37.435444116658005,26.0,2
2266,3.873488880460096,1.0,89.0485901981414,2.0891506870158856,0.6060203886768876,0.11436458132819939,0.15407694726749513,0.0,0.07654086052747315,0.2596351508210209,24.30842500129118,23.0,2
105327,0.872923795046736,1.0,59.40934263794314,1.2559580752183774,0.6610661750968433,0.10845647711077161,0.11125707260979383,0.0,0.10107366171887236,0.2605755887938996,25.44344999096836,39.0,2
154963,0.0,1.0,111.20521936457608,0.8332466137621517,0.3263033999796817,0.03219515144426198,0.35533255507846917,3.789451313814103e-05,0.07066635954166857,0.22280677295746307,24.486041220102997,48.0,3
22046,3.3619271977508447,1.0,98.79255450775858,1.5226033909488335,0.5426245627788366,0.039448600807730404,0.3026195839231112,0.0,0.08384328428839721,0.3684149667388865,25.70313282038456,36.0,2
99582,4.824000686513771,1.0,169.67440157795346,0.7574292631964193,1.0773968561658953,0.03684347528477961,0.2774134827438235,0.005864813330088342,0.0652563208801996,0.4014014281029086,24.506789849968087,70.0,4
1054,2.234779091684268,1.0,103.65171374221923,0.463866698007316,0.1761769687558619,0.032054095044992494,0.3753400103877654,0.14866510521289292,0.07739805058592603,0.21236501541503539,22.678702123165525,19.0,1
58303,3.873488880460096,0.0,82.77993023460397,1.8975213518964196,0.6253501522484253,0.11204863260618833,0.2292169810837569,0.0,0.0807099107755365,0.5214535572646147,26.89628095984568,30.0,2
94326,6.117892928831929,0.0,74.47050409303408,1.1995585970342593,1.1421322571741443,0.044209968103347645,0.026132940816025817,0.006322533498617966,0.07344443758622808,0.5428290888758212,30.998264509392172,3.0,1
72029,3.873488880460096,0.0,112.94569532260654,1.3230403074748542,0.5817394956459299,0.11948075177113998,0.21849470962927253,0.0,0.09540627374586548,0.4775448150825342,20.68623345909527,5.0,1
144693,5.270402895934253,1.0,136.25506738104426,1.3045544042799484,0.8548562783934225,0.09901837159570151,0.051043835199587106,0.0,0.1228099104642298,0.4856370331868439,18.435099552995545,42.0,3
50916,5.270402895934253,1.0,103.76105600390854,0.8724965562789044,0.06166487462878362,0.0431865287142909,0.3624966246510178,0.14818125462915135,0.07523239892816581,0.2737217164713884,22.571888294018166,36.0,2
66693,1.5954046671017168,0.0,120.96584396116512,1.2083700310814445,1.331905210558965,0.09596252188748704,0.1220165471564242,0.0,0.0846000186739813,0.38951482378095875,30.684997720065827,52.0,3
114010,0.872923795046736,1.0,105.84064786995482,1.382531875836705,1.2155178905375075,0.022316568214068962,0.06816401280319169,0.0,0.1220266290353647,0.7957699699053866,23.36484820525528,54.0,3
62674,3.873488880460096,0.0,97.61711971545634,1.3888789288233903,0.9781284470444853,0.03919224834750007,0.28154710263093813,0.0,0.0846000186739813,0.5685462219497042,22.449228494423604,18.0,1
117298,2.81870192439919,0.0,100.38460393122571,1.5125831187873215,0.811393604128813,0.07821024105866159,0.2703660577561017,0.0009961907158109078,0.07160547706998972,0.3370572240184057,26.68280449483848,10.0,1
67899,5.701060861471607,1.0,132.31608266900088,0.9589353474702558,1.4155509487585505,0.03134499269087866,0.020358832082419225,0.0,0.08892922146119757,0.41417103144871215,26.680044914148414,35.0,2
143499,3.3619271977508447,0.0,68.88322900233138,0.5035770433788322,0.1625543829221118,0.032054095044992494,0.3289923790540922,0.14882298549156928,0.065765824499414,0.23227835647910366,24.752640851808298,23.0,2
80370,6.117892928831929,1.0,118.34374189936268,1.5259518253987494,1.550718696885937,0.05328367386024081,0.1955420346167789,0.0,0.0878799146864748,0.6901966663783777,27.543027659550276,27.0,2
132192,1.5954046671017168,1.0,125.47687468837626,0.870016916351664,1.1831582989482943,0.026198033914667747,0.06655282238106731,0.1452190597580097,0.10650624542551308,0.17131070112413319,23.19304310525502,36.0,2
43382,3.3619271977508447,0.0,107.33433958907324,1.249954663221884,1.3125689770901088,0.058717534870942424,0.049079250964874775,0.0,0.1369584106580656,0.5711997449849593,28.136641496278944,66.0,4
127778,4.359420279727952,1.0,158.21976451420224,0.5486362213143707,0.9259172992484815,0.025435779189136993,0.14465841868461957,0.0,0.1382096979464234,0.26433542927204406,25.065327662175402,25.0,2
1019,3.873488880460096,0.0,100.67748155079279,1.6388100440527043,0.7272262776524988,0.09957570687151389,0.13296876435285718,0.0,0.07389614600927014,0.2511625677425661,23.465344344449036,75.0,4
24624,3.3619271977508447,1.0,139.1848822421145,1.1189948897666122,1.558545279477859,0.03743776061128075,0.005120477647060202,0.0,0.07004877567117059,0.5853303840742065,25.96948007244405,66.0,4
122647,4.359420279727952,1.0,148.0114475408376,0.7643869846402107,0.6077684628587345,0.026953409443536608,0.17236337369497504,0.13770183498111538,0.08680895131871912,0.1356735164838955,26.980879675119706,40.0,2
109394,0.0,1.0,106.58786770690504,1.3888789288233903,1.3440569354023117,0.05117544300866493,0.050788310921096536,0.13665036742839254,0.12737664277608474,0.6849985289500192,25.975502714812666,26.0,2
13265,4.359420279727952,1.0,127.09169600604986,1.0798363793789911,0.811393604128813,0.08029540932132537,0.08523649770903133,0.0009296834212699104,0.0834609979772711,0.5196684304319891,32.176514606261826,53.0,3
126260,4.824000686513771,1.0,84.20308696099413,0.3117473624906743,0.044731529828785,0.037174223482640885,0.37483015478170034,0.14865846021898388,0.07434469244013149,0.44504994222165256,33.12611135804958,36.0,2
142728,2.81870192439919,0.0,115.24158340082238,1.1077309178046657,0.7178926528129836,0.03482762600454365,0.2908511417260666,0.12297274213462288,0.0560111652642022,0.7573599992273963,22.803159780224338,27.0,2
137012,4.824000686513771,1.0,64.26868258060276,1.3635879022326585,0.6773798878749421,0.03887052098015331,0.228815907594239,0.07921649421235842,0.10388706186522997,0.7966207941075201,21.7209341553393,7.0,1
23945,4.824000686513771,0.0,90.62171816037737,0.5526328582336586,1.4785798387800124,0.06408679225719048,0.1285171062526024,0.07879148666691815,0.13099723383694759,0.2821532349715344,23.499876574496174,46.0,3
43945,4.359420279727952,1.0,82.36037647905675,0.9693795334875999,1.1489248154734721,0.08684389572442322,0.19362507690967473,0.0,0.0846000186739813,0.5026799590533929,32.18622473329814,13.0,1
87755,5.270402895934253,0.0,117.24960433347066,1.2559580752183774,1.5926792334280553,0.06124705612908051,0.012173927312330222,1.7699880314671555e-06,0.10741349334001439,0.509839587862524,26.504609837618656,35.0,2
65109,3.3619271977508447,1.0,90.08538252723697,1.1820405678953774,0.36419289502993807,0.050636785623080244,0.1941059981153935,0.0,0.13107761505746676,0.5178827095260955,25.76010498839774,46.0,3
91876,0.872923795046736,1.0,146.68444801141402,0.8824506569237538,1.5637735081033628,0.037503497957860635,0.1658841956233759,0.11059973741301266,0.0944893301378407,0.3693342235535494,31.980493897801416,35.0,2
85354,5.270402895934253,1.0,88.58014119893373,1.1474217637968984,0.40783610587122643,0.05328367386024081,0.32959850987983824,0.0,0.141075117468449,0.529479302078413,25.106983874517987,58.0,3
47020,5.270402895934253,0.0,79.05775704281713,1.5293044363985917,1.1992887046249214,0.03254668444495259,0.34605478800853107,0.04670304452004736,0.07389614600927014,0.667637849918361,30.03821211491187,9.0,1
3293,3.873488880460096,0.0,147.69965748919589,1.0010637611083457,0.7938794242950211,0.08086954562732294,0.3362515133779401,0.010552014101597989,0.08927426336727629,0.2511625677425661,23.393591102454543,16.0,1
157422,1.5954046671017168,1.0,127.52148081594484,0.7118274915660402,1.6647131528044516,0.05009339799691467,0.002986602388962986,0.0,0.10894620868502075,0.5923822294541841,33.19778846729906,58.0,3
22104,0.872923795046736,1.0,76.546127888225,2.0972051206970237,0.7593119202228912,0.048602262004528156,0.04109109367034031,0.12627545705346438,0.05749956415118494,0.46402995003512487,28.062052007412206,31.0,2
55701,5.270402895934253,1.0,123.67123279766375,0.9615409198141054,0.48331867960419655,0.026198033914667747,0.1988539897807107,0.0,0.07207008747600625,0.5641208390442669,22.79000358370468,52.0,3
1326,3.3619271977508447,1.0,139.25476911356543,0.6984104567706283,1.4080745642651042,0.11396337029635963,0.12787458610078709,0.0,0.1279740703260935,0.5357133001241309,28.963572602755214,38.0,2
556,2.234779091684268,1.0,107.06486615853125,0.5132321194330479,0.14550100580073266,0.02844379682282684,0.37183808953849257,0.14834609522529177,0.07434469244013149,0.2980382035009999,24.01918057793984,52.0,3
56951,1.5954046671017168,1.0,114.15352945781954,2.0017639122572035,0.5077466257061825,0.10348094851633399,0.06800329656658823,2.079983472138345e-06,0.07066635954166857,0.2407859170145463,23.199689071946025,18.0,1
89961,2.234779091684268,0.0,118.31819449563365,0.6502417239435571,0.6520678855900447,0.08707938669215522,0.11601985112802114,0.0,0.07739805058592603,0.6029433102477434,20.565858806086325,37.0,2
67900,4.359420279727952,0.0,190.04917446570474,0.12749635928838526,1.7054004852858022,0.054817363853910714,0.0,0.09809986301748602,0.12093734207546923,0.07723916604445669,26.935469517874623,25.0,2
5632,6.117892928831929,0.0,119.94144742208915,1.1995585970342593,1.329481015462743,0.040085503505564654,0.10918885741547443,0.015065401060720823,0.07479010183432175,0.37117222363207886,27.026758914130163,60.0,3
155415,0.0,1.0,125.23870355540136,0.5268798488130423,0.7861447309043834,0.04324715800843056,0.0634667281367411,0.0,0.07782218133052284,0.2426743316518963,30.022332634100586,19.0,1
91470,6.117892928831929,0.0,88.68131344482055,1.2142637860645362,1.6218401523063755,0.03684347528477961,0.12915797286804528,0.00011594861174122757,0.1261174700059207,0.4919223952704212,25.438292303566186,27.0,2
100779,4.824000686513771,1.0,106.84195911922082,0.8332466137621517,0.6200563553337668,0.03887052098015331,0.26910665711550336,0.0,0.08111111514562246,0.30176808255591336,20.37842037313201,29.0,2
77733,0.0,1.0,127.75398373930186,1.13316055416276,0.9908405959351675,0.060614470628754906,0.053080236648718124,2.0598378930370495e-05,0.06556245931881248,0.17802005621458933,28.5669556647796,35.0,2
28698,5.270402895934253,0.0,97.6906433800021,1.5495079674127066,0.6828512271475592,0.034759494091331875,0.22144278435145062,0.0005368959596297856,0.07389614600927014,0.3157291000839103,25.96774002134979,9.0,1
156856,3.3619271977508447,0.0,69.53408463211038,1.9051305755612356,0.666487379299709,0.09424935215065408,0.20712811703028133,6.399843524966347e-06,0.06260042484656009,0.4150819119420289,25.974699750635846,6.0,1
28374,6.117892928831929,1.0,156.57663401980017,1.3952422166886544,1.2178444213202304,0.032756846992377936,0.04649739313307388,0.001984806558653298,0.08534643612555834,0.6641594742783927,26.093088846729696,47.0,3
95539,3.3619271977508447,1.0,85.64422766150714,1.6041242390834507,0.34219145661353245,0.0483222310537884,0.3418078903960608,0.009322493694808604,0.07523239892816581,0.3481476766638229,24.66528483721827,33.0,2
122842,4.824000686513771,0.0,184.51403776316968,0.8874490702428841,1.3173907569336416,0.0689341804959577,0.1098800831673712,0.0,0.11617843095528736,0.7787286945775497,22.274041107012412,13.0,1
7406,3.3619271977508447,0.0,89.58049240545435,0.6036650358901219,0.973906712521262,0.03880600336970576,0.2404747550200633,0.14794570384085043,0.08858182813778119,0.25775370012333004,24.674986001896894,67.0,4
95419,4.359420279727952,1.0,132.50714300675443,1.6144853188230401,1.2838098666500841,0.04899224740895944,0.12267420854969888,0.0,0.040851404408130794,0.8339418701621327,24.882802642405274,33.0,2
145300,5.270402895934253,0.0,100.45783476535107,1.1360051413715428,0.36123690408972214,0.04046493489461378,0.33548893733695057,0.0,0.07207008747600625,0.6571964343496536,21.57518534738771,20.0,1
8271,5.270402895934253,0.0,105.41481088223989,1.7454404380504511,0.5869123931257155,0.039448600807730404,0.22227665399240484,0.0,0.06627170617944157,0.39957455327271907,24.050917891090144,3.0,1
13059,4.359420279727952,0.0,139.24977736086512,1.8635008037178689,1.3077553750603137,0.0492140238184839,0.057362038874988315,0.00015890346419985676,0.062441153283911706,0.5089451600367382,23.480537015830908,63.0,4
126413,3.3619271977508447,0.0,104.52079120910915,1.0937363611747035,1.366059372813981,0.09692880978339921,0.2089208133144031,0.0,0.10437726552568219,0.5897388344096739,21.961652287819444,65.0,4
102684,3.873488880460096,0.0,91.51284021780484,1.382531875836705,0.5646149391973504,0.11129950713727828,0.17553296004468336,0.001984806558653298,0.07479010183432175,0.26433542927204406,30.51770962087351,6.0,1
130603,5.270402895934253,1.0,146.84298591330645,0.925393585596664,1.5170216896823014,0.04557037994341877,0.019417686065019802,0.12225182458931208,0.08995736455673303,0.45319275256535035,27.226342050620392,55.0,3
72778,2.81870192439919,0.0,125.94795895865964,0.8187599816799841,0.47848134249935176,0.02770197444137078,0.3214630605513888,0.016823724306544618,0.05884883476647055,0.6152394809651552,22.508550558500616,8.0,1
1126,4.359420279727952,1.0,94.7434522077193,1.408017586653165,0.7977581590258924,0.04257727432062326,0.25315830735000466,0.0009961907158109078,0.07344443758622808,0.7419277041759904,26.084682721217124,70.0,4
33475,0.0,1.0,146.34251702283578,1.0853850452792237,0.34802053343545675,0.03482762600454365,0.32959850987983824,0.08211180117589235,0.1087314302634894,0.7273162537818824,27.17848645555891,35.0,2
81638,3.3619271977508447,1.0,115.79530970388521,0.8774664929240397,0.8608547809331345,0.037503497957860635,0.25831355985763427,0.0,0.07253143383276514,0.2793444188864179,23.612263232484107,44.0,3
66995,0.872923795046736,1.0,110.93710927701521,1.4794525303974508,1.3005502950795864,0.10852846367617025,0.08455490089482158,0.0,0.13615621999528407,0.4159926286676566,29.145340757522472,69.0,4
127457,0.0,1.0,112.42601666127052,0.12875964834528467,0.020304205558745618,0.032054095044992494,0.36041835637235076,0.14764028303043303,0.07523239892816581,0.03087751911614455,18.63384858853372,40.0,2
145310,3.3619271977508447,1.0,78.66793417020251,1.1646618235594426,0.736606806235421,0.03809250140100743,0.2737772756346401,0.11391180636698472,0.06928082946967935,0.22091007236670035,20.16666205711527,30.0,2
17157,0.0,1.0,113.73741953946951,1.5393873568146128,1.2039155262962848,0.07044380416764916,0.221024451677974,0.0,0.0994514137349725,0.6353823972414456,28.452782630511653,51.0,3
143526,6.117892928831929,1.0,88.94215544189561,1.3261352750235784,0.971798776571637,0.047871617065426426,0.2982919353356223,0.10471070569581331,0.09889625578485943,0.4928196937814543,23.13389522314091,48.0,3
21950,4.359420279727952,1.0,149.66286345553223,1.5596663441426157,1.7742801479019172,0.032054095044992494,0.08150525731732736,0.13612162051013485,0.0652563208801996,0.8415483063097657,27.286566407548573,21.0,2
71732,5.701060861471607,1.0,91.73012816103115,1.0605346314265924,0.8409268716865445,0.04257727432062326,0.06655282238106731,0.0,0.12148854744236103,0.6414987105437209,24.540046405388,62.0,4
69358,0.0,1.0,119.41602300317116,0.3593902352338047,0.029640572774768267,0.03345331143459896,0.3749579057766519,0.14868488297490098,0.07298954199416931,0.12889791880300963,26.906604381822376,60.0,3
15855,0.0,1.0,130.3478636526828,0.37980950185913204,0.4849346932821102,0.030629476337651843,0.2995792592214203,0.1226869371427914,0.09630503739313614,0.08409898345945786,23.594414207174214,26.0,2
80563,1.5954046671017168,1.0,125.07143826839341,1.4144297135629609,1.0818076464946016,0.05009339799691467,0.07373331035081927,0.03745043260059521,0.05772607159203345,0.7522202886606224,29.801362059900953,31.0,2
28445,4.359420279727952,1.0,120.08422426435513,0.8874490702428841,0.9341893605956845,0.041342447356368994,0.08757148586722448,0.008698409363821236,0.07697095147323091,0.5481598184332552,28.9093627219279,57.0,3
32568,5.270402895934253,1.0,151.43004870795468,1.2201731395132756,0.8074882515588501,0.032756846992377936,0.15000270958900153,0.11709011191129547,0.06370578415960063,0.6953901935688297,26.371983755707788,63.0,4
81971,6.117892928831929,1.0,103.76105600390854,0.7321803953673356,0.009061485917489284,0.036177528458350545,0.3749579057766519,0.14883495884772957,0.06874779249788905,0.3287226888922308,20.060145142177827,47.0,3
152785,6.117892928831929,0.0,140.92557063625668,0.17725810872680675,0.06713831723197625,0.037503497957860635,0.36552954711300517,0.14815534579246725,0.09162520541474937,0.04968383011534123,26.929985457042253,27.0,2
149161,0.872923795046736,1.0,112.69361679556968,0.2741048169024571,0.16378465410139162,0.0997124288993236,0.3639533056653995,0.14874914070204115,0.07389614600927014,0.13083490594461286,20.767261142951288,24.0,2
22580,4.359420279727952,1.0,146.78849127825754,1.8039074821054202,0.6610661750968433,0.04730387785758131,0.3368200216584678,0.051465821131267325,0.07389614600927014,0.44052059468949495,24.377508849648905,25.0,2
56981,4.824000686513771,0.0,119.97714391167253,1.7454404380504511,1.1376138905461024,0.11416788059761676,0.11736465633327059,0.0,0.12344151675057939,0.6936595288584673,27.49464700371826,43.0,3
87326,5.270402895934253,1.0,84.94820082500884,0.7482001681201292,1.0358893422160114,0.029907481693841425,0.3136627406670611,0.0009961907158109078,0.09600744425199255,0.6082163911561125,29.42847279006982,58.0,3
67171,6.117892928831929,0.0,110.01348143113529,0.7344587426213406,1.2271707574696977,0.03184203401148653,0.16533566327191976,0.0,0.0571585712331885,0.8466141568671022,29.96057828072656,36.0,2
148437,5.701060861471607,1.0,108.18358556972863,1.9900187305277914,1.2981526855390904,0.050636785623080244,0.06428203176449125,0.0,0.05082119912338049,0.6458635010518889,24.04950794500994,39.0,2
91269,3.3619271977508447,0.0,99.09658196905845,1.705891647744118,0.5765830106954144,0.04515926105747893,0.0821943343125134,1.3699283003558485e-05,0.06260042484656009,0.406878074585287,23.195932813739933,20.0,1
41244,5.701060861471607,0.0,156.6257183880856,1.7273986281211327,1.0100410881731547,0.060112080397729396,0.17395390653627266,0.14843876050703148,0.0626534392312979,0.6423719350959114,25.789836591140862,6.0,1
12006,6.117892928831929,0.0,131.42058847587526,0.6567157965186239,0.9887170107264152,0.03482762600454365,0.010821767172170031,0.14318458314541363,0.09227673809299898,0.14243836135642088,22.711691471719732,48.0,3
10834,1.5954046671017168,1.0,140.0680829631019,1.0224814030232345,1.481128021569572,0.041962598355487504,0.04476386769526602,0.0,0.11874712021012017,0.6038225012683465,22.46296162467599,6.0,1
64832,0.872923795046736,0.0,129.23855597338707,1.5026003343861656,0.9570978852161511,0.11218955999206842,0.28837287361916497,0.0,0.10160035464617702,0.5985452841347247,22.481263684086453,56.0,3
156955,0.0,1.0,128.71368169235143,0.8724965562789044,1.640530318907042,0.03880600336970576,0.0,0.007761030056575878,0.10829773278800112,0.43235768782226963,27.203264397195305,20.0,1
32766,4.824000686513771,0.0,116.90674740371497,1.249954663221884,0.7803636199698412,0.08954958276534362,0.26099785296917244,0.0,0.08268848505094586,0.5809184321198676,27.932340095112824,31.0,2
71478,0.872923795046736,0.0,111.07117588826452,2.0690952261837947,0.9781284470444853,0.0814343853848159,0.10359265120566807,8.78970483855636e-06,0.06571503760599098,0.7367747935949783,22.013624403292468,41.0,3
134044,0.872923795046736,1.0,66.8200577613697,1.7418233789384563,0.4387923199218749,0.08997598537939895,0.2889273505092688,0.14857662675398156,0.07344443758622808,0.3426056156966485,27.2838485509348,6.0,1
73342,1.5954046671017168,1.0,173.46770845653114,1.3323372212749316,0.8192271637225136,0.0614711458158501,0.25763548768408095,0.0,0.07298954199416931,0.4883316765960209,25.395646334325555,39.0,2
45530,4.359420279727952,0.0,94.38469429390068,1.2953652640842788,0.986595383828515,0.0311310141664868,0.0013871176823840737,0.14827357759696985,0.08608269509259017,0.15304730520534188,20.952672804064942,22.0,2
57282,5.701060861471607,1.0,149.32685970443953,0.4041624271651455,0.18746975949303926,0.026198033914667747,0.34144619681419286,0.0009961907158109078,0.08534643612555834,0.12308164179780615,19.94685572731544,13.0,1
54590,3.873488880460096,1.0,92.24390773122266,0.16915850430678758,1.6755162905062593,0.051602993765987544,0.05610906767579077,0.14452390911729715,0.1441217042871666,0.0036183107695751207,28.471896038306095,50.0,3
2295,4.824000686513771,1.0,97.6906433800021,1.4048176378816764,0.1228633469718539,0.037503497957860635,0.33139795782647213,0.14829804560960919,0.07479010183432175,0.3352063471934248,25.272051835821767,28.0,2
144754,3.3619271977508447,1.0,128.9912975402448,1.1417057923154803,0.9217929097588613,0.026953409443536608,0.06574385880311132,0.007761030056575878,0.08030591854684666,0.4050531875874435,28.598928444817137,46.0,3
59121,5.701060861471607,0.0,89.64960655876607,1.5461302380608775,0.9950936437439697,0.0851415328131488,0.004874202730416632,0.0,0.0412639597179342,0.7255949080509491,30.51471233990181,27.0,2
89618,6.117892928831929,0.0,128.97615706514134,1.1189948897666122,1.6755162905062593,0.032756846992377936,0.0009985074216367666,0.032281348581267556,0.0994514137349725,0.5285881430572061,24.372478875146143,36.0,2
6197,0.872923795046736,1.0,113.97889249938558,1.347912282370425,1.0337244907542096,0.09887638189285769,0.1220165471564242,0.0,0.11497228316209064,0.5330424673029763,30.403069666627655,54.0,3
57856,0.872923795046736,1.0,78.25615582350903,1.5293044363985917,1.2861952396200695,0.1119048278669858,0.07199457314923663,0.0,0.06033908000131138,0.46312771325061475,29.78003232610935,4.0,1
146423,0.0,1.0,176.81509191819634,1.1907821343351075,1.0143294574313837,0.06408679225719048,0.2626531020560216,0.12325518410491887,0.08422295110813957,0.4159926286676566,25.000557765739195,34.0,2
88618,0.0,1.0,134.14964471807053,1.3168623695632067,0.8789540273492653,0.10482157753073958,0.13919151447689318,0.0009961907158109078,0.0834609979772711,0.49820029281298683,26.001188672974727,18.0,1
21219,6.117892928831929,1.0,111.62782072575921,1.382531875836705,0.9259172992484815,0.034005997818489966,0.23972090973170235,0.0,0.06458850317541653,0.4004880737342039,21.42435362746772,66.0,4
34097,3.3619271977508447,0.0,146.9618732388771,1.382531875836705,1.5067245784156227,0.07296675335244636,0.15637341109399755,0.0,0.11964725123583841,0.5508232274881332,26.322281147619265,65.0,4
68155,4.824000686513771,0.0,68.29781627022957,1.0523187556135853,0.8251223509347365,0.09442669630209094,0.3441294643385888,0.001984806558653298,0.1085152749541968,0.42963382439383313,22.381809885774743,41.0,3
119077,1.5954046671017168,0.0,40.286748196628416,1.9666508341413012,1.1625640217662516,0.051282610873317286,0.03035010374323756,0.07299273513137654,0.057669506168896024,0.6152394809651552,20.16856639926048,22.0,2
98636,0.872923795046736,1.0,78.32119392958772,0.8284037357211327,0.986595383828515,0.09181366582891372,0.13485229153255027,0.06664853439726773,0.13475720148807846,0.23889672081580507,24.461796206969098,41.0,3
7337,6.117892928831929,0.0,73.90250608426636,2.412774779990174,0.008919586471252986,0.1059512892555724,0.33336457894002675,0.14752959621331127,0.07567160824092482,0.21046390307817353,25.975368888620718,1.0,1
20541,0.0,1.0,150.6504843297951,0.47695336949724787,1.8644054985234333,0.10604107796538681,0.019417686065019802,0.00681651852218226,0.10937167434329613,0.044743382268620936,29.59714221733624,39.0,2
98534,4.359420279727952,1.0,141.1448077246006,1.713043318578456,1.8134383621135695,0.05170941569813888,0.02409600998560086,0.14469493809036457,0.09570786137811908,0.7376339196406687,26.772057667442393,42.0,3
99413,3.873488880460096,0.0,120.19129095504283,0.9279519897293446,1.7218096897646715,0.058717534870942424,0.0,0.10546764829004864,0.11200919934125854,0.5826836339638324,29.065091622278203,52.0,3
85599,5.270402895934253,0.0,105.15503354066135,1.2142637860645362,0.74981849672868,0.10258997345819416,0.3023688437772764,0.0,0.07907699494507488,0.2915038241674874,27.380800829918456,9.0,1
23246,0.0,0.0,126.69712208339695,1.2649927397327414,1.1716969445284566,0.03976776049636358,0.300600368224815,0.0,0.07567160824092482,0.3693342235535494,27.288766442111346,4.0,1
110323,4.359420279727952,1.0,98.42020093328479,0.28336604953808886,1.3808202212133387,0.06056899457987591,0.1580808751609178,0.1276978124983628,0.1456544565061188,0.3259413065890475,24.403765096211274,37.0,2
18305,4.359420279727952,1.0,116.8657996558511,0.7276338680333096,0.3451025488963846,0.029178943760520885,0.20395110310415332,0.12781195674789525,0.07654086052747315,0.4667357229045698,25.12382489084893,57.0,3
91573,5.270402895934253,1.0,118.86984318119259,1.826122368673923,1.1511930062111049,0.04468629102755029,0.23041492083456172,1.629989850082615e-06,0.07739805058592603,0.7753147408630994,24.191350750018145,33.0,2
135664,5.701060861471607,1.0,116.1181417636807,0.8067838170617007,0.5697331973345253,0.060112080397729396,0.3492986047773872,0.0009961907158109078,0.08497450704940865,0.2690309433417808,27.06907197150445,27.0,2
54525,5.701060861471607,0.0,124.91935112470965,1.4176418973042995,1.0337244907542096,0.038157654766122096,0.18527405936558464,0.0,0.0652563208801996,0.7881072528363212,26.58504946423274,65.0,4
137680,0.872923795046736,1.0,86.8843718557221,1.7382106712178036,0.6449025530655125,0.032616801606282324,0.2869771905362136,0.0,0.06281225440812803,0.7333370560811653,29.42626036941318,20.0,1
2347,3.873488880460096,1.0,113.4547516503883,0.925393585596664,0.35094541577501637,0.0431865287142909,0.31728994901761837,0.001984806558653298,0.08190524688566762,0.18854264528804643,29.107092680814617,66.0,4
146628,4.359420279727952,1.0,109.57966518214785,1.9127577036644625,0.9362622300425101,0.08867623283039489,0.20712811703028133,0.0,0.13420548908334992,0.5080505822351178,26.8532594402499,1.0,1
80567,5.270402895934253,1.0,116.98863674512816,1.1588997572047788,1.0014879181509468,0.02770197444137078,0.17605677935381134,0.0,0.0807099107755365,0.6310095803516407,23.227847949875972,48.0,3
64362,3.3619271977508447,1.0,128.32992588029813,1.0090676336197404,1.3562599631415344,0.03809250140100743,0.15000270958900153,2.2099813414747433e-06,0.07434469244013149,0.21426532189317865,26.49048281719084,18.0,1
56289,5.701060861471607,0.0,71.27282334747544,0.8899536272626166,0.6112701122260614,0.02770197444137078,0.221024451677974,0.0,0.13395146506749636,0.6275089041868975,27.274010956321085,3.0,1
136034,6.117892928831929,0.0,114.43594956597697,1.5293044363985917,0.15887332376590999,0.03671076172813789,0.37144007979037114,0.1488527443441111,0.07253143383276514,0.1971334117769646,20.003234792159468,36.0,2
17394,5.701060861471607,0.0,82.80143763339474,1.6809968297595563,0.7707663064582774,0.10999102442631178,0.3145794733439592,1.6899890889495317e-06,0.09999929605428569,0.3129401677457382,22.460008740117125,8.0,1
51618,5.270402895934253,0.0,153.41583640573694,1.313779393613908,1.3343314548273377,0.05328367386024081,0.07686774310307744,0.013280431973232367,0.08608269509259017,0.7590722655097774,28.10075900004327,12.0,1
103323,2.81870192439919,0.0,140.1279320470224,1.1531530780227583,1.7410509764195912,0.053335443953215246,0.0003098564316562543,0.14704975551964483,0.051251070043230505,0.43054194018397496,32.62753036013486,27.0,2
38569,0.872923795046736,0.0,73.90250608426636,1.8559896484373444,1.3709714197337277,0.11204863260618833,0.004657329262094109,0.037017695892901964,0.040851404408130794,0.6187477473978619,27.02884307394994,13.0,1
92569,5.270402895934253,0.0,80.25259570111797,0.458303754548283,0.6413309722210081,0.03414355059055638,0.2460265192220273,0.14299435257086296,0.08892922146119757,0.2332244270349452,27.500054103877364,43.0,3
12420,1.5954046671017168,1.0,142.00633598303943,0.6141123480098922,0.7612162633794276,0.03684347528477961,0.33548893733695057,0.015153946295309568,0.07389614600927014,0.06948354091189393,26.34004886707945,47.0,3
107892,1.5954046671017168,0.0,69.67737688746976,1.6668659552267933,0.5731544633651487,0.1069043158630909,0.03683917775901111,0.14747246542893316,0.06971386977315287,0.4477656398183121,29.229390645802734,28.0,2
33632,4.824000686513771,1.0,102.33309781196736,1.4827469254218961,0.9445731428547706,0.0340748050535792,0.2713039252323279,0.000120944087049349,0.06520517018621844,0.24739195922341117,29.791734503385825,1.0,1
129935,0.872923795046736,1.0,92.23861312106851,1.5528898930012174,1.3981349919391537,0.08360405773041377,0.15058911051770973,0.0,0.11220324037571663,0.7496487913794742,27.837849927466653,49.0,3
100783,6.117892928831929,0.0,102.61474431685959,1.5495079674127066,0.7216204794212896,0.08997598537939895,0.09203541848258019,0.0,0.06677399494927812,0.18471915968581262,25.07821320968144,1.0,1
67419,5.701060861471607,0.0,160.33506400354486,1.7745339005343035,0.986595383828515,0.10139935755464843,0.27590901786834404,0.0,0.07824336696718033,0.5035754392914052,24.27215181646146,63.0,4
2086,5.270402895934253,0.0,39.810015711807544,1.5766811031181405,0.4466415085671937,0.06133680723133715,0.2552398388978087,0.14828992278854083,0.08892922146119757,0.6685071173338719,27.6547508232608,35.0,2
129432,3.873488880460096,1.0,140.75114259351815,0.7073417138831405,0.736606806235421,0.02770197444137078,0.3101645249866143,0.0,0.08150955334797905,0.22659778538501857,24.806942645470233,22.0,2
140503,0.0,0.0,101.8060168416477,1.0197912380668752,0.8628581206184712,0.1080137256563241,0.2668778892785336,0.0,0.08030591854684666,0.4730437411412784,28.54738378953147,50.0,3
7798,5.270402895934253,1.0,131.9086904762513,0.7344587426213406,1.7465677416668217,0.04438898378389238,0.0,0.0,0.09660065570186806,0.39043018103571125,27.841424381677218,62.0,4
5156,4.824000686513771,1.0,127.9510583325383,0.08012521690893078,0.02288517425301062,0.03925642207960421,0.37341213421007735,0.14841601368529395,0.07654086052747315,0.03850971783140395,19.847574930986912,27.0,2
451,1.5954046671017168,1.0,125.28431580947577,0.8625992772181287,0.8369642726908375,0.026198033914667747,0.2548947328680451,0.0,0.10763668424531088,0.2821532349715344,23.468641431236605,40.0,2
151496,1.5954046671017168,1.0,130.36802033995,1.4728761491942823,1.5325301385083494,0.05728648091811103,0.005946621798604477,0.14357825151832906,0.09323773806836998,0.21331526928243794,27.544056405732537,51.0,3
150257,4.824000686513771,1.0,71.80533581780892,2.0571171201967116,0.9675887642154379,0.09529309823863626,0.09570049597102921,2.2897996749240163e-05,0.09972625759298626,0.6266333978237972,21.723803175557848,33.0,2
36576,2.81870192439919,0.0,178.22280424232403,1.0937363611747035,1.1151419433655108,0.03254668444495259,0.005435442496575099,0.0,0.1031396955853106,0.4595172001147029,18.88297904446084,21.0,2
36611,1.5954046671017168,1.0,132.02941803672684,0.7901631590571356,1.042395729804522,0.04954523409962817,0.3060809988926816,0.07062026919522872,0.09999929605428569,0.7204278830259115,20.58731050682728,37.0,2
130307,0.0,0.0,99.75659729121912,1.3447892366328362,1.5481140364786548,0.05436144713327451,0.003511463430699803,0.1480023296960682,0.05419944900036305,0.5321518963893909,26.5054018553542,14.0,1
35191,3.873488880460096,0.0,134.81687066988238,1.4048176378816764,1.4431238001219762,0.06327295966540593,0.031077796772054658,0.00025475176987822216,0.139073149602395,0.3213020905324471,28.547007317490774,34.0,2
54248,4.824000686513771,1.0,112.8325271717026,0.9407982425356697,0.643115839399645,0.03345331143459896,0.2847155259014564,0.11847535572365805,0.0834609979772711,0.2971052741693927,29.250500715794747,39.0,2
2950,3.3619271977508447,0.0,78.42415520937533,2.150009981833069,0.6574613049083465,0.11255177811980693,0.27590901786834404,0.10521694201161472,0.07523239892816581,0.3472244379771469,27.921639624717802,5.0,1
153511,4.359420279727952,1.0,144.98853303384618,1.0523187556135853,0.7178926528129836,0.025435779189136993,0.19696805351856575,0.015065401060720823,0.07344443758622808,0.3064263084600735,20.44721290600143,27.0,2
139037,3.873488880460096,0.0,87.64751339466127,1.4794525303974508,0.7178926528129836,0.09984812356667594,0.03772983306760561,0.003939573289650818,0.09386772939038489,0.509839587862524,25.661325679710597,6.0,1
142454,4.359420279727952,1.0,109.41433729300134,0.9101188546911463,1.0315616104748004,0.037503497957860635,0.2982919353356223,0.0,0.1005400101632899,0.599425165844399,28.49074936658279,3.0,1
148886,1.5954046671017168,1.0,67.42389257625375,1.3261352750235784,0.5061055596071057,0.09708557810085501,0.05585783783563089,0.0,0.07907699494507488,0.3361318741060772,20.91552362256879,34.0,2
118930,2.81870192439919,0.0,117.00399008357141,1.688088075804631,0.46088154821066385,0.03240626087208351,0.1410276701496655,2.0699836307385176e-06,0.07567160824092482,0.22375482435312113,24.326897643490224,8.0,1
111601,0.872923795046736,1.0,132.64287242791207,1.2984243322312379,1.1173801565958892,0.10770794092542646,0.28096359619784445,0.0,0.07479010183432175,0.31386999284176065,21.253046263062327,40.0,2
90695,4.824000686513771,1.0,100.94410353010721,1.6528037535325126,0.6737416234012596,0.06056899457987591,0.21636042191977492,0.0,0.07066635954166857,0.7804349562007139,28.2958972828955,57.0,3
140583,0.872923795046736,1.0,141.37893890737325,1.3354442055656686,0.6165363485918351,0.0431865287142909,0.17342500988932696,0.08601671280632918,0.10604378231919075,0.5570327996307758,24.997398700550253,16.0,1
147551,6.117892928831929,0.0,81.89205306706965,0.4920930517323875,1.6138618224161947,0.038157654766122096,0.0019940376062208094,0.10041830705117707,0.1401051097507518,0.40779027040891674,30.11304706623522,47.0,3
7102,2.81870192439919,0.0,158.832245108874,1.1417057923154803,0.666487379299709,0.03550559855419764,0.19506447347566547,0.0,0.07697095147323091,0.5800356203400376,27.519359263400887,60.0,3
2979,4.824000686513771,0.0,133.85350512669854,0.8527586441232778,1.020776755417497,0.03880600336970576,0.15864721974158413,0.0,0.09540627374586548,0.44052059468949495,26.74477821630971,68.0,4
80545,1.5954046671017168,0.0,84.88391129289693,0.5526328582336586,0.031104081484731018,0.030629476337651843,0.37508546512046803,0.1484980924115994,0.07207008747600625,0.10947906558311733,20.773174105390016,48.0,3
151657,2.81870192439919,1.0,97.22310809455965,0.5190624428324827,0.09395717029760381,0.03345331143459896,0.3753400103877654,0.14861803168969095,0.07479010183432175,0.28121715024146815,24.72193087401216,45.0,3
119651,1.5954046671017168,1.0,101.64416138649453,1.7965377462689096,0.5342481847143612,0.05208043333747921,0.0005425596474915264,0.09534286919131267,0.08823206529773955,0.4892295852117562,27.928900963226592,7.0,1
72406,0.872923795046736,1.0,90.96664514972903,1.4273029632982537,1.6945036831477611,0.07044380416764916,0.02223288089874668,0.029205777483379724,0.11651353817190897,0.5879758736035932,30.51770962087351,16.0,1
88843,0.0,1.0,133.64263670775384,1.1105412085910351,1.368514367277708,0.032756846992377936,0.16643138894708484,0.14856962913636654,0.07567160824092482,0.2858957051591956,28.394004258174995,6.0,1
41744,5.701060861471607,0.0,140.90563756926102,0.9000075885026969,1.807818507257721,0.059651224241981105,0.0,0.0,0.104861145959801,0.24644882252897388,26.233984589957412,47.0,3
5068,1.5954046671017168,1.0,80.5171705440472,1.0468602170294494,0.9176762744407007,0.10293027132491821,0.051639214901532914,0.0009961907158109078,0.1283610048523297,0.26433542927204406,22.885926594525248,5.0,1
17659,3.873488880460096,1.0,97.56985032708742,1.7855160893099271,1.4080745642651042,0.041342447356368994,0.06371155827741139,0.015330837152477619,0.06821057908675011,0.7846985293539909,25.983130033774824,35.0,2
131817,0.0,1.0,40.364142188521704,2.2244238449503455,0.2757512611176079,0.11464570459711737,0.35357646934594433,0.03167347543926367,0.09999929605428569,0.8744040626692703,23.190731163677697,19.0,1
49097,4.359420279727952,1.0,125.51234144523877,1.573269725078865,1.4456428644832313,0.04843439090520536,0.07842206986670712,0.0,0.09889625578485943,0.6406253525679155,22.41243129129349,59.0,3
75506,3.3619271977508447,1.0,147.07084117734985,0.7253656825023128,0.5225970518766018,0.032756846992377936,0.30211763121333013,0.0009961907158109078,0.07298954199416931,0.18089235141197046,21.869036143565154,20.0,1
141835,3.3619271977508447,1.0,134.50087537800977,0.8552135014387723,0.9466557329092349,0.029178943760520885,0.23357115209643636,0.0,0.09195206939260495,0.3315024662333718,31.47962927193774,32.0,2
4386,1.5954046671017168,0.0,111.37016424417938,1.1588997572047788,0.10540024394503103,0.03414355059055638,0.37367170776866765,0.12676058324946168,0.07066635954166857,0.18280617176269412,22.88446860961763,1.0,1
62544,0.0,0.0,111.40108751901874,1.6633439737814455,0.8628581206184712,0.10152244608703388,0.19601848270027006,0.0,0.07434469244013149,0.2840248434483561,27.880977801160885,45.0,3
124787,0.0,1.0,92.79431101304571,1.1704392993079824,1.752093072887597,0.07296675335244636,0.0017951691793294344,0.09208208189304465,0.13123702703825046,0.25022020596358363,27.023893015677757,15.0,1
99019,1.5954046671017168,0.0,118.38972523778827,1.0550536357269065,0.8192271637225136,0.03421223449066382,0.07818946484900116,0.0,0.06448521017033985,0.35552730403390576,26.64559951821638,48.0,3
144373,0.872923795046736,0.0,73.31747457467576,0.8115638316796402,0.013332358152778978,0.03893498113615136,0.3752128331966564,0.14881696359613644,0.07610775407689287,0.24173022192994606,19.228895746577546,47.0,3
85169,0.872923795046736,0.0,145.86659630867464,1.2142637860645362,1.7659439067404081,0.05170941569813888,0.023631246789753486,0.0,0.11600931508282333,0.567661430117058,27.273622580623176,42.0,3
4909,6.117892928831929,1.0,116.45108794458858,1.3888789288233903,0.9424924981597133,0.05009339799691467,0.07530484433310232,0.14263080117173976,0.08716837634649345,0.38951482378095875,29.389738980218237,59.0,3
28217,0.872923795046736,1.0,112.9765565488693,1.2231336726202555,1.0272417610184217,0.11145548955579519,0.18122637916738668,0.0,0.10133787158252591,0.39957455327271907,22.733959362629573,60.0,3
13384,0.872923795046736,1.0,92.62500589896972,1.258965687733321,1.8672575445373654,0.07727921957627658,0.0003438232202314188,0.030292574946924142,0.11497228316209064,0.7057634965086762,30.401026271886924,30.0,2
88282,6.117892928831929,1.0,63.32009793186101,0.37980950185913204,1.1511930062111049,0.10698728321032973,0.013712425199831665,0.004905852458809698,0.09570786137811908,0.2896351940766277,26.236908908488097,27.0,2
47099,4.824000686513771,0.0,103.21417963741345,1.4273029632982537,0.4640655093621761,0.07261531317345733,0.2962065729522112,0.14614941886423052,0.07434469244013149,0.2624558909370821,24.980362555550144,22.0,2
39114,5.270402895934253,1.0,98.37298683041513,0.6961860220856041,1.7742801479019172,0.11200102058496486,0.010046588110102056,0.000911809992627867,0.09162520541474937,0.17418739922926474,31.019727692851397,41.0,3
67957,0.0,1.0,122.74666737202395,1.1133552989984767,0.8749185103672998,0.05009339799691467,0.2794946694778553,0.0,0.10894620868502075,0.461322770147165,24.970054613895943,45.0,3
138662,4.359420279727952,0.0,135.36835440682572,1.1274828423974343,1.33675974885698,0.06408679225719048,0.22760737007515214,0.0,0.11532226495594795,0.6936595288584673,26.981270915740698,25.0,2
140595,2.81870192439919,1.0,97.36497849669054,0.4997366955494057,0.35094541577501637,0.025893961398768567,0.36805142684005404,0.14839298975671497,0.1283610048523297,0.08096448926270047,20.15904348822594,40.0,2
94757,0.872923795046736,0.0,117.1677411029208,0.5190624428324827,1.7355427726221995,0.04257727432062326,0.023165805092240477,0.0,0.055431191649043365,0.5232380909858012,33.30775783123515,16.0,1
137896,0.872923795046736,1.0,110.32836137755567,1.8335626327890615,1.2225035455976938,0.07434357648268704,0.09350737751597628,0.0,0.05484699175740777,0.6064592478239177,22.462371068655138,61.0,4
159511,3.3619271977508447,0.0,178.3095286980025,0.6267561796552508,1.7910106182138636,0.03296644366899756,0.0026891436195031772,0.0033757532397539233,0.04639900998989982,0.4928196937814543,27.52347650276111,33.0,2
158536,4.824000686513771,0.0,104.30752083165841,1.4926549618789116,1.0973079588623809,0.10235887299442069,0.20981104117612712,1.2399412617598844e-05,0.06323409511285039,0.7169807027788505,21.72153818072881,21.0,2
56915,6.117892928831929,0.0,106.89380389258274,1.0826088263724851,0.9591921604105726,0.10024912841460783,0.22060518339361856,0.0,0.10937167434329613,0.5976652639695638,22.647882892965345,39.0,2
18852,3.3619271977508447,1.0,156.0120049444966,1.1189948897666122,0.49629680953734306,0.0492140238184839,0.3089768159015057,3.889421979092636e-05,0.05467090247378054,0.4468605662115773,27.259120524082146,46.0,3
10052,5.701060861471607,0.0,92.45565661284276,0.23072262969116245,0.0021635374356615855,0.03710819197409395,0.3692863258497086,0.14818982032418188,0.07989911657905567,0.0918270679619096,18.38721537160277,36.0,2
124177,2.81870192439919,0.0,105.37844756666927,1.2984243322312379,0.8528606142967284,0.0708133464056408,0.25420234783544504,0.000269721719423423,0.07654086052747315,0.4123487785843696,28.521273688561752,21.0,2
110221,3.3619271977508447,0.0,80.87873591927728,1.3323372212749316,1.3125689770901088,0.08997598537939895,0.226390801977457,0.0,0.10979175009966557,0.5250220325545847,26.774810791484025,23.0,2
141847,5.701060861471607,0.0,80.2147891607249,0.9798822134503042,1.3416224885557462,0.032686855767870546,0.021203510818620357,0.1097187703044099,0.07434469244013149,0.4023146165258838,22.16919769858071,35.0,2
115678,2.81870192439919,0.0,114.49755524407479,1.5393873568146128,0.6755598265644066,0.1119048278669858,0.17762069843415543,0.0,0.12488293093845737,0.3361318741060772,28.042875383784036,20.0,1
141736,5.270402895934253,1.0,169.989759241854,1.2290664655179893,1.3832875724289047,0.041962598355487504,0.012751715278126845,0.0009961907158109078,0.14340550059146004,0.6936595288584673,26.18317241136061,30.0,2
17086,5.701060861471607,0.0,84.93748638474158,1.2260981136938247,0.6901723993940194,0.024975095490244188,0.0035510419625716,0.14826535491985524,0.07389614600927014,0.5756194484892455,24.469740329092215,8.0,1
21910,4.359420279727952,1.0,122.89913669393322,0.8774664929240397,1.7603971408092527,0.0689341804959577,0.0019940376062208094,0.07157913323006877,0.1295588669753996,0.5080505822351178,30.64341374807408,71.0,4
369,4.824000686513771,1.0,96.46070438686417,0.6895327855205698,1.1196203641016944,0.05223874875548161,0.2128951275573229,0.09140365257152867,0.11239606234866689,0.5232380909858012,24.990530234072835,7.0,1
15926,6.117892928831929,0.0,137.93105414438097,0.8774664929240397,1.5690101476162517,0.038157654766122096,0.010821767172170031,0.0,0.09804963764136568,0.5561461496395317,24.831786831392233,70.0,4
63151,2.234779091684268,0.0,150.06790068434896,1.1704392993079824,1.5299401608787968,0.03684347528477961,0.155228029851228,0.0,0.11200919934125854,0.4595172001147029,27.46025633018676,39.0,2
115193,4.824000686513771,0.0,90.48900408456971,1.1704392993079824,0.9508267515704789,0.05680116751690537,0.06574385880311132,0.1097187703044099,0.1087314302634894,0.49820029281298683,22.689262227667967,26.0,2
113985,1.5954046671017168,0.0,155.18662809337965,1.0117429819484791,0.2951485489927977,0.05581785744347516,0.34252763047571555,0.1486979383007315,0.10604378231919075,0.12792909362503982,25.068618015923114,25.0,2
94569,2.234779091684268,1.0,114.5950878735165,0.7737119535467464,0.4995592265814947,0.03550559855419764,0.3306016896660256,0.0009961907158109078,0.07948948280021469,0.3509163440956271,23.140986772305745,14.0,1
16854,3.3619271977508447,0.0,105.48233799888499,1.563060875323366,0.6938441627854506,0.06450986144918483,0.009852506517610308,0.14831419246295957,0.0682595902191365,0.461322770147165,27.2921309671379,20.0,1
80643,5.270402895934253,1.0,134.6312990072233,1.2172165115891747,1.224836140286072,0.03345331143459896,0.18122637916738668,0.0,0.14289050798537303,0.5879758736035932,26.57029263824837,48.0,3
51131,3.873488880460096,1.0,94.49023150059746,1.068784255159413,1.5716316228929437,0.029178943760520885,0.10500286109376333,5.6798767511330135e-06,0.0878799146864748,0.5026799590533929,25.965062865006978,41.0,3
6382,0.872923795046736,1.0,108.85092067514114,1.8298402910541283,1.0315616104748004,0.04899224740895944,0.23896380348877203,0.06298619145799794,0.0652563208801996,0.563235334781676,24.92975725526225,50.0,3
113043,1.5954046671017168,1.0,96.94979286003469,1.0909488099104507,0.22738773227913406,0.037700358280523115,0.05552253423562286,0.14864509091371522,0.049643248551615726,0.6893306308342276,33.3099027392309,3.0,1
62016,0.872923795046736,0.0,73.94622023443027,0.6567157965186239,1.236529463082332,0.03240626087208351,0.1955420346167789,0.11709011191129547,0.14123516633138328,0.2699694764964411,23.191598159979016,6.0,1
21444,0.0,1.0,168.4072701126893,1.0224814030232345,0.5510461517347672,0.03684347528477961,0.2665568873392643,0.1226869371427914,0.11684452751132064,0.4278171081723786,26.174919087150748,19.0,1
9734,5.701060861471607,0.0,117.67413878389972,1.1105412085910351,1.0620215341973758,0.10682075272588769,0.3096907577362992,0.0,0.07948948280021469,0.5348231690526993,20.906229426808018,4.0,1
141444,5.701060861471607,0.0,117.52583241460484,1.7166256457400175,1.0840160182295047,0.11005232819260728,0.12398442007630957,0.0,0.08680895131871912,0.6187477473978619,30.408598380453594,39.0,2
94351,1.5954046671017168,1.0,116.20523316869438,0.9025300258404296,1.057646406189738,0.030629476337651843,0.0993166428042023,0.0,0.07523239892816581,0.4423328122524797,25.74475921307349,55.0,3
25346,4.359420279727952,1.0,170.94502371793217,1.351039350458107,0.6007871602881386,0.04954523409962817,0.3304017537119128,0.0,0.12633349872524277,0.6029433102477434,25.385860793575343,24.0,2
67566,0.0,1.0,126.44409755051205,0.897488732723847,1.0598329809424267,0.02844379682282684,0.14704857682625724,0.0,0.06971386977315287,0.326868612631449,27.06490776234201,52.0,3
11526,3.3619271977508447,1.0,105.41481088223989,1.826122368673923,1.1151419433655108,0.08489042627422848,0.031985046601678425,0.0,0.06153210601814461,0.8229384674438694,30.76971896047908,45.0,3
32676,0.0,1.0,106.51525426520152,1.0063959825440436,1.3734305307687875,0.032054095044992494,0.006927442155667886,0.05509567954286297,0.10937167434329613,0.529479302078413,26.670713464645058,45.0,3
25525,4.359420279727952,1.0,99.14374669719865,1.4208581649724286,1.2225035455976938,0.024898070612616233,0.014000086236480662,0.0,0.10533879505897356,0.7753147408630994,26.266671187908518,54.0,3
12611,0.872923795046736,1.0,99.15422731269894,1.4144297135629609,0.7745995549638897,0.03880600336970576,0.3310005172617356,7.499785114913213e-06,0.06966589041842604,0.6047015544677911,29.79234390555197,16.0,1
141261,1.5954046671017168,1.0,147.49174503718444,1.2142637860645362,1.3101611541437503,0.026198033914667747,0.06976627626521868,0.0009961907158109078,0.07434469244013149,0.567661430117058,26.75553487527818,59.0,3
29968,4.359420279727952,1.0,100.26427956208732,1.0224814030232345,1.5533254571377446,0.05680116751690537,0.19601848270027006,0.0,0.1231911327681001,0.16555160761465107,26.722599712872544,68.0,4
35224,3.3619271977508447,1.0,103.74023017625629,1.104924423867234,1.54291101289386,0.033937128823979576,0.015434584296125193,0.0008005423476434846,0.05929341831428709,0.4550005252381872,26.10469428173414,21.0,2
81427,2.234779091684268,1.0,119.04853957406546,0.7436060858271775,0.5093894862776464,0.041342447356368994,0.32612116500044036,0.0,0.09540627374586548,0.4023146165258838,24.766880415335763,68.0,4
140030,0.0,1.0,147.42243155197255,1.3857033743699478,1.5559343178098457,0.032756846992377936,0.012751715278126845,0.08931341042848823,0.06727271957900667,0.4928196937814543,24.540324574215358,3.0,1
3654,5.270402895934253,1.0,124.66581361824451,1.1274828423974343,1.5041555271287885,0.05824462509301763,0.005946621798604477,0.0,0.09804963764136568,0.6073378881905973,26.020976507207074,37.0,2
68615,1.5954046671017168,1.0,122.32977943497626,1.7238032976844435,1.2295073977449773,0.07971180677246352,0.056694445884583236,0.0,0.13091639863629476,0.5623496876972396,26.547092069866764,55.0,3
119390,6.117892928831929,0.0,138.77044954921024,0.8429744814568473,1.496460907685237,0.047871617065426426,0.03594595641034841,0.0,0.104861145959801,0.6449908092028069,29.907854350525124,39.0,2
122405,3.873488880460096,1.0,91.67713787952897,0.915196032112578,0.8251223509347365,0.10164462000814617,0.26363808924697757,0.11563567166745557,0.11389577405950702,0.5826836339638324,26.74399102811753,17.0,1
82996,0.872923795046736,1.0,123.27003239030968,1.0037280259604542,0.524256092697968,0.040085503505564654,0.35357646934594433,0.018555850659359212,0.07298954199416931,0.6196244736187164,25.058471818158125,7.0,1
7738,1.5954046671017168,1.0,83.75234687303123,1.0660306262012467,0.8310347149247238,0.11232767362595948,0.22227665399240484,0.0,0.11905083262975834,0.3407568569568942,19.92894554034629,75.0,4
102385,4.824000686513771,1.0,140.52184718445088,1.5495079674127066,1.4130567522589161,0.07759212050764247,0.17183062586123532,0.0009961907158109078,0.11700849582798221,0.4856370331868439,24.742545374130096,53.0,3
108321,3.873488880460096,0.0,136.35520887547338,0.9330796361672831,0.8488750374661344,0.09563039090246964,0.2267972213526766,0.0,0.11979409945598393,0.22754504202061962,20.78655191824392,47.0,3
11273,2.81870192439919,0.0,136.2750965232079,0.7925271422579314,1.0707955444139763,0.06450986144918483,0.19458579580402588,0.0009961907158109078,0.050636294096179424,0.6997146255147229,27.803110350486246,31.0,2
22546,5.270402895934253,0.0,116.34865748736188,1.104924423867234,1.319804715011444,0.0426995572243835,0.006633501818289081,0.011832964517290507,0.06874779249788905,0.05461820721445772,21.8673825756831,10.0,1
134873,2.81870192439919,0.0,101.67026959399703,0.9615409198141054,0.46885477553086813,0.040085503505564654,0.3138925520714904,0.001984806558653298,0.12022932698877,0.12889791880300963,25.48997285626993,34.0,2
83009,0.872923795046736,1.0,157.86682136689654,0.9459621033695175,0.5493582130984525,0.025435779189136993,0.35437856591396877,0.0,0.08229821707572699,0.3986608665711685,27.547013905121286,36.0,2
22285,0.872923795046736,1.0,134.36541627781006,1.2710355796097998,1.7272965097434245,0.05170941569813888,0.3252877160088613,0.0,0.052888708348168764,0.8305582689590693,29.318574508974606,4.0,1
94322,0.0,1.0,69.86469590721477,0.6437972553886573,0.3220063272070616,0.036644315941649026,0.3386941269429667,0.028501156735251186,0.09386772939038489,0.5614638976786368,20.15015272889693,45.0,3
105675,0.0,0.0,113.29024398808622,0.44177827531720376,1.2909720999978591,0.0431865287142909,0.07056408099918726,0.14785807081408228,0.062121579541474924,0.27465930423277096,27.023241646258708,55.0,3
17643,0.872923795046736,1.0,95.3233859746604,1.8075989478811065,0.7612162633794276,0.10874140811719965,0.03594595641034841,0.0,0.05658694707312501,0.40779027040891674,26.200472031259938,27.0,2
125345,3.3619271977508447,1.0,140.87075372964918,0.6829095930719221,1.5874046880354733,0.060112080397729396,0.1440571078191837,0.0,0.14589018025127526,0.40779027040891674,24.509295591045344,25.0,2
79919,2.234779091684268,0.0,143.07100664077686,0.7925271422579314,1.8134383621135695,0.06279572776316904,0.0,0.0,0.09570786137811908,0.4050531875874435,28.178950308776756,60.0,3
112596,2.81870192439919,1.0,132.07468679526917,0.9930930893391963,0.9445731428547706,0.11119373451883552,0.20981104117612712,0.0,0.11277808358501228,0.33335476170646205,33.88235864217112,32.0,2
69616,5.270402895934253,1.0,41.01224590308577,1.0577922600757719,1.331905210558965,0.03671076172813789,0.04641095122862839,0.001442001328991963,0.06702380099356973,0.8760844031087931,32.94263897299169,33.0,2
125738,3.3619271977508447,1.0,140.55175832010758,0.9050560474853104,1.395655262877005,0.054817363853910714,0.014670307255570792,0.0,0.10186112363500793,0.4793441631124205,25.52452252466302,62.0,4
38470,3.3619271977508447,1.0,182.57569141415104,0.7344587426213406,0.5903701182783821,0.032756846992377936,0.34126489173914065,0.14711587173397261,0.0875253578926078,0.553485336862008,26.55249797958438,37.0,2
117335,0.872923795046736,1.0,79.04693233107777,1.7781902494919293,0.6095183704904821,0.11023371510657519,0.1482346753096205,5.719875009337994e-06,0.08892922146119757,0.2755967034714958,20.551288177726974,15.0,1
159772,4.359420279727952,0.0,95.84489600328196,1.1588997572047788,1.139872073704656,0.10076992777346946,0.19838414786356615,0.0,0.06196127568927948,0.39500445441039295,32.175242892824706,29.0,2
153913,6.117892928831929,0.0,135.67904884523998,1.2559580752183774,1.2155178905375075,0.039448600807730404,0.20757782895809845,0.0,0.1225519383900256,0.6327591102779849,22.191830379832982,48.0,3
151817,0.0,1.0,73.70028024350623,0.2091666998351505,1.6890680687112196,0.04673112473458526,0.04038650080234692,0.14781805361170142,0.14044621221022632,0.015967169889539345,19.723328645415084,50.0,3
4480,0.872923795046736,1.0,139.62408774545258,2.0891506870158856,0.8890765263984753,0.07331527306353508,0.04993499265901868,0.0,0.06677399494927812,0.3250138217148678,27.200281480291128,78.0,4
159056,5.701060861471607,0.0,132.8891454087176,1.5159190404539722,1.1580096007646004,0.04257727432062326,0.03234721238490471,0.12180888706043436,0.0626534392312979,0.3213020905324471,25.969346225171506,48.0,3
123323,6.117892928831929,0.0,130.1210701419047,1.4240785193695762,1.0729939993093416,0.09708557810085501,0.04993499265901868,0.015065401060720823,0.11141967447734964,0.32223029241841084,22.738938328582307,38.0,2
7828,3.3619271977508447,1.0,124.55423373646018,1.035987948999315,0.4263253917583581,0.037503497957860635,0.3317940177903035,0.0,0.06971386977315287,0.6441179843263861,25.787684858469113,52.0,3
9147,5.270402895934253,0.0,177.8180099551791,1.347912282370425,1.1218625664872488,0.03509954398119719,0.16697724760173577,0.06383924281198104,0.07739805058592603,0.5472717260619129,23.906106468560115,25.0,2
126482,5.270402895934253,0.0,144.37790457411583,1.6248846462339144,1.2225035455976938,0.026953409443536608,0.012751715278126845,0.005864813330088342,0.12633349872524277,0.7701902243557449,26.371189015423386,62.0,4
95472,5.270402895934253,0.0,122.49757582138965,0.6036650358901219,1.6620176809780942,0.0689341804959577,0.0,0.12311438068917709,0.14047630593838678,0.15978487678331918,24.375133671413188,51.0,3
74546,3.873488880460096,0.0,180.1052950952062,1.6457983485520453,0.6993657939488159,0.04046493489461378,0.28125563818496374,1.1799468084978377e-05,0.05408115636961933,0.29243786124942284,23.911344111140785,35.0,2
29108,5.701060861471607,0.0,159.17998321182685,1.2680121847925503,0.7012100698643479,0.029907481693841425,0.2272027431707757,0.14025741014367893,0.10263327184459343,0.5366032848165226,25.70501979532035,17.0,1
81342,3.873488880460096,1.0,117.53606129934387,0.633122062221687,1.33675974885698,0.03880600336970576,0.002986602388962986,0.13318932759442478,0.0807099107755365,0.5747357907610485,28.88721118131493,51.0,3
143245,0.0,1.0,147.28874234883486,0.8308234223741906,0.9570978852161511,0.030629476337651843,0.3504682971490409,0.005864813330088342,0.104861145959801,0.4793441631124205,27.063996783428095,34.0,2
76213,6.117892928831929,1.0,85.32308509851414,1.2892590495900826,0.8389446157210648,0.03359185530961047,0.011208669585202388,0.0,0.07207008747600625,0.20951304419171235,20.41039589031378,33.0,2
105503,0.0,1.0,168.99002857872887,1.0332792011007887,0.7650306132434314,0.05223874875548161,0.34570735067700653,0.09839630700281216,0.14299930076649553,0.6275089041868975,26.19022627095992,26.0,2
133956,5.701060861471607,0.0,99.63616494791394,1.635322297431103,0.4201341924731819,0.09080883719607807,0.01913480414395804,3.13996233411041e-06,0.06291794151879873,0.06987658529554323,25.967070749840254,9.0,1
43756,2.81870192439919,0.0,185.94193513615227,0.17454801168244563,0.054067609070847594,0.036177528458350545,0.37183808953849257,0.14752959621331127,0.07253143383276514,0.035835160877532524,24.708504438839626,16.0,1
46169,5.701060861471607,1.0,119.05364462110683,1.0605346314265924,0.4640655093621761,0.04306510901434748,0.27711379178608764,0.14578632070984665,0.06727271957900667,0.1007111868006316,23.89619529353637,14.0,1
15540,2.234779091684268,0.0,108.55612400543541,1.1617788655968144,1.057646406189738,0.07727921957627658,0.13919151447689318,0.1193076475783222,0.13511032793040229,0.3656561673256651,23.67302442674604,55.0,3
6772,5.701060861471607,0.0,141.32912841831117,1.5528898930012174,0.6610661750968433,0.10348094851633399,0.053924667438071026,0.0009098239045114053,0.06291794151879873,0.6248819796008633,20.955302532502156,17.0,1
131381,3.873488880460096,0.0,189.30900434092328,0.6545544784683045,0.6956828410527327,0.08822904207283068,0.02788164357439433,0.0010358803519226669,0.07866163055322024,0.41417103144871215,21.965998940881168,28.0,2
10520,0.872923795046736,1.0,89.97381006295568,1.1762322066763853,0.8231553808396798,0.11423429868061653,0.17076124987887595,0.0,0.10339044157515012,0.45590417500931824,24.56465609027554,27.0,2
6824,6.117892928831929,0.0,129.64714088131956,1.433764130961678,1.5351222119478976,0.045804168123012245,0.0206406388924906,2.5699747676706214e-06,0.1393638175001956,0.09778445687136057,24.606607017060266,47.0,3
151750,2.81870192439919,0.0,116.75318276242685,1.3323372212749316,1.5170216896823014,0.0897636276352218,0.06313996865797028,0.0,0.100270542490563,0.6754565700006173,30.283794083888893,11.0,1
25072,4.359420279727952,1.0,110.3954503211129,1.5125831187873215,1.3464934343650294,0.06322975991368103,0.04649739313307388,0.0,0.07866163055322024,0.6832647885223685,26.423210158079208,67.0,4
14748,0.872923795046736,1.0,119.00259274090337,1.1218203956730715,1.1062090211057984,0.026198033914667747,0.008880373055813805,0.0,0.09660065570186806,0.6178708851250911,24.953693427168183,57.0,3
52109,5.701060861471607,1.0,102.70338794240519,1.2801294904916005,1.3882284599771346,0.039448600807730404,0.251050356351249,0.0,0.07907699494507488,0.7736070474713581,30.754814861362462,54.0,3
2471,4.359420279727952,1.0,103.04743030783277,1.1445618616011808,0.6737416234012596,0.023107041720981665,0.08379560804947994,0.14366564486079184,0.05940416375632923,0.3766821266125737,23.736241134341896,1.0,1
126188,0.872923795046736,1.0,125.31472265817229,1.0010637611083457,0.903329043187519,0.054817363853910714,0.03234721238490471,0.0,0.06627170617944157,0.4468605662115773,24.246079714481297,26.0,2
130267,4.824000686513771,1.0,107.5829984863076,1.258965687733321,0.74981849672868,0.11681521631132838,0.3688765901854031,0.01426548956005981,0.11797137715506432,0.2699694764964411,29.757350392822676,8.0,1
41312,0.0,1.0,143.66255170126186,0.894973455755926,1.0773968561658953,0.03550559855419764,0.17395390653627266,0.0,0.07654086052747315,0.5579193060105864,28.904510287266834,44.0,3
117683,1.5954046671017168,0.0,129.74295507132567,1.8224088628135273,0.7049042238456557,0.0461533086282955,0.042232620438445376,1.1199520802050608e-05,0.06012012907356574,0.7118061729084739,26.893667007420497,16.0,1
49920,5.701060861471607,1.0,119.87004988142485,0.9641501397610845,0.9012871754952682,0.04379041442699696,0.16914742208479003,0.0,0.11935085950785726,0.5499355690315485,26.10362726166699,34.0,2
120045,2.234779091684268,1.0,132.6076852296038,1.1733338226503915,0.971798776571637,0.032756846992377936,0.17236337369497504,0.0,0.07479010183432175,0.5428290888758212,25.259915342374693,58.0,3
25900,5.701060861471607,1.0,77.18190971379585,1.6179475077937715,0.744145053523369,0.11647690409210353,0.2589888169513536,0.0,0.08422295110813957,0.4468605662115773,22.93997369466722,40.0,2
70433,1.5954046671017168,0.0,124.2346303076321,0.3393858056818088,0.22870190427755221,0.06697413709052649,0.2962065729522112,0.14859745292575602,0.07479010183432175,0.07527710803127369,22.349827046131026,27.0,2
15330,5.701060861471607,1.0,127.36475982914985,1.5360221992945484,0.8409268716865445,0.07534654601913696,0.22144278435145062,0.0,0.10673525114395638,0.7273162537818824,29.85628371279901,78.0,4
12811,6.117892928831929,0.0,129.34450313300474,0.5667208372492745,1.7631694513334089,0.08307477277729898,0.0019940376062208094,0.11124613778859534,0.11566792219410234,0.2821532349715344,25.547402674394966,21.0,2
108617,6.117892928831929,1.0,141.02522991254452,1.867263047261125,1.2838098666500841,0.07468068007540363,0.05510287280776125,0.0005558166667922165,0.1441597800944334,0.43054194018397496,25.299582932205205,48.0,3
62621,0.0,0.0,119.37009643308829,1.3230403074748542,0.9383370423726153,0.11170849943950471,0.13547693088861773,1.2399412617598844e-05,0.07113757653068406,0.7530772108816399,28.547132808547833,6.0,1
70149,2.81870192439919,0.0,118.70642997995476,1.2290664655179893,0.8548562783934225,0.11108650909359,0.3265356852367424,5.7987150789276945e-05,0.12405459357167793,0.1607465310562704,34.422075465664946,18.0,1
49725,1.5954046671017168,1.0,121.8363687773886,1.8335626327890615,0.6865080892331454,0.09984812356667594,0.10780091166141967,0.0,0.10133787158252591,0.3175874845356611,25.073552997820507,44.0,3
2229,4.824000686513771,0.0,100.83433020654392,2.081114692943841,0.9383370423726153,0.10558557925566092,0.13296876435285718,0.0,0.06835750813165495,0.43144989461358074,28.81594882803652,16.0,1
2320,1.5954046671017168,0.0,123.92506083335269,0.8749797475547563,1.01218429027079,0.038157654766122096,0.23858402162324605,0.0,0.10785844760529659,0.384019149597404,22.652580979166217,35.0,2
106911,4.824000686513771,1.0,99.01272564599165,0.7185814057543572,1.6593243330522978,0.06102200408319748,0.0009985074216367666,0.11726697350035167,0.13099723383694759,0.22565033036371449,26.58979154651255,33.0,2
97781,0.0,1.0,91.38031144433491,1.5835165182702335,1.2790452321863144,0.09628957850027947,0.11194284909103239,0.0,0.050944243954632866,0.5614638976786368,29.292319727447495,7.0,1
155955,2.81870192439919,0.0,101.38825020512245,0.9667630100669081,1.0057605767148683,0.10482157753073958,0.19314302867308558,0.0,0.13042169024990238,0.4495753109342876,27.417839393141517,42.0,3
158480,3.3619271977508447,1.0,113.90183461774711,0.3328090542398401,1.2933635885898236,0.06366010318565381,0.005946621798604477,0.001984806558653298,0.13115754517295558,0.2511625677425661,30.325715576702745,16.0,1
73340,1.5954046671017168,1.0,158.7342710088317,1.0909488099104507,1.4990236923422753,0.040085503505564654,0.25420234783544504,0.0,0.10604378231919075,0.817005514313588,25.5184278307841,7.0,1
40784,6.117892928831929,1.0,111.66903786697839,0.915196032112578,1.1854566026281719,0.03550559855419764,0.050788310921096536,0.12615240624428958,0.0692325431781873,0.4159926286676566,30.439714591277106,64.0,4
20447,2.81870192439919,1.0,137.36104757243749,1.237995013338512,0.06101068640631547,0.0363111945750574,0.35437856591396877,0.0003605026569964463,0.09804963764136568,0.15978487678331918,26.245016087787135,49.0,3
34507,0.872923795046736,1.0,100.93364966278143,2.085130386455116,1.5144442747914244,0.09724115111165019,0.03870660185960439,0.0,0.13991100355737915,0.8499891302300268,23.7692280999092,5.0,1
56713,5.701060861471607,1.0,121.469940870959,1.5495079674127066,1.0489198800185926,0.026198033914667747,0.1658841956233759,0.0,0.08608269509259017,0.7838460522181683,26.810059977249672,49.0,3
45167,6.117892928831929,1.0,98.82925455981203,1.2984243322312379,0.48979344763555255,0.033937128823979576,0.3252877160088613,0.14231840799077333,0.13556372836381425,0.3231583147981585,25.7065023525219,49.0,3
32706,6.117892928831929,1.0,87.87147260441101,1.5972380637191486,0.7123149584016482,0.11585580524081658,0.30085444038956244,0.11914319391400896,0.12464975206108977,0.45228862939516046,28.526923892196752,15.0,1
57681,1.5954046671017168,1.0,108.73198138565364,1.1502855016786524,0.45611891744501903,0.030629476337651843,0.3364413409667387,0.0,0.08858182813778119,0.648480779421834,23.72073225481781,26.0,2
38738,0.0,1.0,145.4003748473923,0.7051038664063272,1.7135954813782412,0.10999102442631178,0.0009985074216367666,0.022774425824096823,0.10437726552568219,0.19236282222973636,30.351715847099886,51.0,3
33957,3.873488880460096,0.0,165.1433071753915,1.249954663221884,0.8870481719091188,0.03550559855419764,0.23858402162324605,0.13612162051013485,0.08680895131871912,0.6178708851250911,25.85554024549597,38.0,2
107854,2.81870192439919,1.0,37.31777887058708,0.633122062221687,1.4230459552752195,0.07911856488323085,0.24159944956993276,0.13805093376783517,0.14558429518033833,0.1491925360676931,25.683448760442918,5.0,1
3214,5.270402895934253,1.0,109.21796402097334,1.4112216109464688,0.8729036385143312,0.038157654766122096,0.1765793395003656,0.0,0.07782218133052284,0.6196244736187164,24.14891330539091,52.0,3
62148,5.270402895934253,1.0,167.89225936910333,0.5426649349516074,0.6095183704904821,0.04730387785758131,0.24085046066065832,0.12381015704961333,0.09917475099732172,0.384019149597404,29.236551954897873,65.0,4
81016,2.81870192439919,1.0,155.69273715977246,1.1878644052004304,1.088438717875863,0.03134499269087866,0.03683917775901111,0.0,0.11600931508282333,0.5017843279773949,24.649618932326764,62.0,4
31008,0.872923795046736,1.0,109.07323562389682,1.0965276954317247,1.0532791897548954,0.07941640169894552,0.15175752601352488,0.0,0.061046331132959944,0.6388782359477272,27.375635949928995,26.0,2
90995,5.270402895934253,0.0,75.69724680611297,0.6807085260360416,0.5259169346537883,0.03684347528477961,0.3491304041867901,0.14607939875372355,0.06474316603131854,0.22185852236336234,24.336270279496276,56.0,3
4549,4.359420279727952,1.0,151.99216189184102,0.8139590618663869,0.9570978852161511,0.02770197444137078,0.04822107664482468,0.05390299172119349,0.09833371298734968,0.6196244736187164,27.597001478107423,65.0,4
136989,5.701060861471607,0.0,175.50234975932628,1.6388100440527043,1.5874046880354733,0.10511329257752373,0.1781395052452503,0.0,0.06894210541559317,0.6134845293745955,29.31327554397636,31.0,2
89739,5.270402895934253,0.0,110.23029781163129,1.0117429819484791,1.3173907569336416,0.06657208594270177,0.020358832082419225,0.0,0.07567160824092482,0.5508232274881332,30.20514425632682,24.0,2
60333,2.234779091684268,1.0,116.78389800122048,0.30695447535215065,0.3865840447244628,0.029907481693841425,0.352279493375899,0.14862483687317665,0.06627170617944157,0.24361824637685142,22.419232227065567,39.0,2
12763,4.824000686513771,0.0,122.87372702121708,1.249954663221884,1.6432088154910538,0.06697413709052649,0.05752870250965461,0.0,0.09747580878089683,0.6858652061907988,26.14148834620374,35.0,2
102016,4.359420279727952,1.0,130.31762778479563,1.6528037535325126,0.42787759020018756,0.04730387785758131,0.0799678872523985,0.002965912600349943,0.1005400101632899,0.7607840476203711,24.546582808764512,56.0,3
53372,4.359420279727952,1.0,76.52981592888061,1.5972380637191486,0.986595383828515,0.11671255910645661,0.2517559697250103,0.0,0.14354665478631562,0.7462184204087837,30.17313755251261,52.0,3
73369,3.873488880460096,1.0,54.78382333962963,1.5059237685634277,1.4709477900653012,0.03880600336970576,0.3444821583610922,0.14846123398764682,0.07207008747600625,0.5152030121689768,23.202578222326874,12.0,1
27272,3.873488880460096,0.0,142.94171487892186,1.068784255159413,1.637853941661252,0.09998279941324975,0.05919019669413417,0.010552014101597989,0.08030591854684666,0.4999926128156961,27.022720543026143,5.0,1
74635,1.5954046671017168,0.0,125.01567605798957,1.1360051413715428,1.1831582989482943,0.08226457702046334,0.1614580741411667,0.0,0.08571582562284803,0.4847385124396228,25.910675991717675,10.0,1
109476,1.5954046671017168,1.0,98.00040639400365,1.50925136242719,0.971798776571637,0.026953409443536608,0.2272027431707757,0.015065401060720823,0.09660065570186806,0.6003049092046717,25.96774002134979,54.0,3
83035,1.5954046671017168,1.0,79.13352411754218,0.8874490702428841,0.3745934592462297,0.03359185530961047,0.3271547296815483,0.14844628185416234,0.07610775407689287,0.1894979991654187,19.381658592322566,32.0,2
65369,4.359420279727952,1.0,142.34974220583598,1.035987948999315,1.3246387704294853,0.02844379682282684,0.03234721238490471,0.0,0.08384328428839721,0.43054194018397496,26.720630601481204,58.0,3
151920,0.872923795046736,1.0,125.19815733306274,1.2142637860645362,1.1173801565958892,0.03482762600454365,0.03325079712840182,0.0,0.08927426336727629,0.35460545987661984,25.751490580619752,62.0,4
42798,0.872923795046736,0.0,106.33368969064033,1.1588997572047788,1.1900592475800453,0.10888089716477334,0.02223288089874668,0.0,0.12051510801643173,0.643245026323755,27.341789552116506,50.0,3
55378,5.701060861471607,1.0,129.93959457250548,1.0117429819484791,0.6042741472907891,0.02844379682282684,0.3399871369797906,0.1378194291568026,0.05001700446081454,0.2180635239145109,27.30312840442225,23.0,2
22136,5.270402895934253,0.0,141.97149102535494,0.6873217200952351,1.7081300168957543,0.036177528458350545,0.0009985074216367666,0.05450146477328945,0.09540627374586548,0.4775448150825342,29.293182816444634,40.0,2
48607,2.81870192439919,0.0,86.43564743398606,1.4176418973042995,0.5748678265386208,0.04626927926115054,0.27711379178608764,0.00021881689198328637,0.06222825709503983,0.15208393623644478,19.36747813059696,23.0,2
114958,2.234779091684268,1.0,139.0201290009787,1.0632807525460788,0.9259172992484815,0.032756846992377936,0.26623522842521585,0.003939573289650818,0.13914692907759219,0.8407036013755891,25.75916288280913,2.0,1
105343,6.117892928831929,0.0,152.4160149682865,1.0826088263724851,1.7742801479019172,0.06575768768239226,0.018473777957743368,0.13046348084387843,0.06874779249788905,0.4041404961216831,27.07206472740734,21.0,2
66748,0.0,0.0,148.26378005923831,1.0853850452792237,0.817265915439901,0.05556935789140062,0.10570515998144205,3.829439671576945e-05,0.07160547706998972,0.591501237117933,33.32209304131854,31.0,2
3163,4.359420279727952,1.0,110.63279519427734,1.1502855016786524,0.9950936437439697,0.08280689613768356,0.22434514853910228,0.004905852458809698,0.07824336696718033,0.4910249444225651,24.31332397517089,66.0,4
140808,1.5954046671017168,0.0,87.58351006638429,1.0826088263724851,0.9972231075729378,0.09873331191373055,0.20349305848707883,0.0,0.10263327184459343,0.5285881430572061,21.501074541500785,16.0,1
3901,3.3619271977508447,1.0,86.44633520275833,1.886141037519727,1.0337244907542096,0.04257727432062326,0.1765793395003656,0.0,0.06776790858233991,0.7795818849243831,27.068811721212377,35.0,2
153565,3.3619271977508447,1.0,139.61909788684264,0.8115638316796402,0.6235837141668364,0.03880600336970576,0.34879317068115623,0.0,0.0944893301378407,0.47664490956611383,26.699489251398894,23.0,2
8802,4.359420279727952,1.0,70.33818487297776,1.5059237685634277,1.1854566026281719,0.04673112473458526,0.10640559698907252,0.14739040867826833,0.07160547706998972,0.6658989234852036,22.16889979664316,58.0,3
11366,2.81870192439919,1.0,120.19638902837428,1.0743027900555246,1.0664045786492466,0.033036183770423166,0.3323855330835508,0.0,0.07739805058592603,0.45409671780157784,27.533253264102083,68.0,4
148486,3.873488880460096,0.0,136.5654717340167,1.928065764092387,0.22738773227913406,0.05138959171370151,0.2089208133144031,0.00028768339494939855,0.08571582562284803,0.6178708851250911,27.29627153312815,32.0,2
21279,3.3619271977508447,0.0,79.50138892691618,1.7418233789384563,0.5342481847143612,0.1119048278669858,0.22186018419829656,0.0,0.08534643612555834,0.5205610680472806,29.806845159124908,16.0,1
11383,5.701060861471607,0.0,174.8019666983145,0.7760517866541442,1.582138574210083,0.032054095044992494,0.0,0.1293431579863078,0.11700849582798221,0.4169031817689732,26.856137722505007,39.0,2
9771,0.0,0.0,179.76848462623153,0.5268798488130423,0.9950936437439697,0.05036568595552061,0.11803442510194988,7.3579310186264e-05,0.13050531086363082,0.3342806431153462,32.79110828827864,44.0,3
99499,3.873488880460096,1.0,122.76699818046248,0.7643869846402107,1.8303496651633075,0.06366010318565381,0.005946621798604477,0.14091938448110186,0.1031396955853106,0.24361824637685142,31.195555627158516,41.0,3
94823,1.5954046671017168,1.0,126.6617030069402,0.6719375043041697,1.2957571169063415,0.04557037994341877,0.0009985074216367666,0.12448573823958835,0.1445469719104457,0.26339575548611793,29.552800068806917,22.0,2
39774,5.701060861471607,0.0,180.74017764006538,1.6668659552267933,0.9115158496685433,0.03550559855419764,0.07215307736630519,0.14820684681572685,0.06627170617944157,0.7005791303777831,24.723037988469027,37.0,2
131808,5.270402895934253,1.0,128.8095950333027,0.9615409198141054,0.7309728561567572,0.080004802065222,0.2962065729522112,0.12923779968771665,0.14375506108861733,0.6806632116178793,25.367234014625144,67.0,4
54357,4.824000686513771,1.0,86.21116071857948,0.7854455645604872,0.6200563553337668,0.036177528458350545,0.2463903411380815,0.001984806558653298,0.0626534392312979,0.3628958211781966,23.05390524712719,69.0,4
64206,2.81870192439919,1.0,157.0820974757849,0.8576718908979484,0.6810255875210611,0.03482762600454365,0.2722361158306361,0.0009961907158109078,0.08111111514562246,0.2426743316518963,25.069029289561595,71.0,4
43579,3.873488880460096,0.0,164.78765572323127,1.7382106712178036,0.8330093229215549,0.03964026701337921,0.08832052273494422,0.00010096104085374003,0.036262096376852536,0.7812879084874744,22.876302737539756,23.0,2
435,3.3619271977508447,1.0,63.325683712602704,1.2260981136938247,0.23927523980075788,0.030629476337651843,0.3687395914417553,0.1477773606220054,0.100270542490563,0.2671533079347595,22.23244096208992,59.0,3
159674,0.0,1.0,107.67622438664905,1.6774576631672329,1.4130567522589161,0.04379041442699696,0.015625372543004,0.12781195674789525,0.05884883476647055,0.5720839688793614,26.633891706582844,23.0,2
40010,4.824000686513771,1.0,123.84384396565575,0.5687461083073212,1.6485721689567856,0.032616801606282324,0.0003777865581143119,0.14845377296858217,0.12665284588910405,0.12889791880300963,28.550269962516108,30.0,2
71351,4.359420279727952,0.0,116.16425014165138,1.4926549618789116,0.4545349207481146,0.05425964751920691,0.23396181207368982,0.001610020705316853,0.07907699494507488,0.24173022192994606,21.52873423156364,15.0,1
71188,5.270402895934253,1.0,96.4922691491469,0.8067838170617007,0.8488750374661344,0.03317547616112335,0.2312091724753965,0.14687096902834693,0.08229821707572699,0.3739279421988962,31.0041945847811,35.0,2
83130,5.270402895934253,1.0,143.2649128967864,2.121479287664249,1.4130567522589161,0.10816339972175154,0.002540314450893359,0.0,0.11667954399222695,0.7590722655097774,30.040757145742568,24.0,2
5313,4.359420279727952,1.0,102.36961378564952,1.0441365530273317,1.1489248154734721,0.06322975991368103,0.21934173687650124,0.0,0.08384328428839721,0.8017232752027754,34.71894606738691,31.0,2
96770,5.701060861471607,0.0,89.1071215794625,1.2172165115891747,0.7861447309043834,0.06776810307407538,0.08682041266096152,0.0,0.08497450704940865,0.2313320887455652,28.189963750741015,1.0,1
150461,1.5954046671017168,1.0,109.41433729300134,1.4827469254218961,0.668298156335253,0.07226092540897922,0.10780091166141967,0.0,0.08858182813778119,0.4014014281029086,26.90137766975907,40.0,2
105611,3.3619271977508447,1.0,142.5537389424716,1.2083700310814445,0.46725657598435466,0.03637793803600697,0.2053189330857846,3.109963050359908e-06,0.1299964056903021,0.16651198557114857,26.7581580042403,18.0,1
147729,5.701060861471607,0.0,76.48087708100688,0.9433783587917097,0.48170445036181103,0.04533576573671653,0.33663084347941513,0.1487173288253286,0.090631273449164,0.7376339196406687,27.424288617011474,23.0,2
57070,2.234779091684268,1.0,114.55402295096158,1.1617788655968144,0.7086058516452183,0.03550559855419764,0.32402641652571607,0.0,0.09386772939038489,0.7966207941075201,27.490784345529367,52.0,3
64579,4.359420279727952,0.0,118.23132741785196,1.1388535531640749,0.9341893605956845,0.04257727432062326,0.22186018419829656,0.13887710140023055,0.07066635954166857,0.3831026140507271,22.75562715479984,29.0,2
140051,3.3619271977508447,0.0,102.93798010891383,1.9089419001378047,1.3734305307687875,0.09915929004532116,0.05019124218082728,2.789702650986018e-05,0.07610775407689287,0.2952388627866774,28.55265404205601,33.0,2
77465,0.0,1.0,102.1661439262254,1.4467356640090427,0.9074185780413175,0.029398196082016312,0.21678920175813712,0.001392542379648135,0.12757809509702486,0.3054950288257411,26.77035325600299,51.0,3
52046,2.81870192439919,1.0,87.61017893010349,0.977251050003743,0.4093672276915117,0.027253648886448583,0.37010016318977634,0.00275071032154072,0.10673525114395638,0.219012573347335,18.29306099921287,32.0,2
90396,6.117892928831929,0.0,118.78814060127999,1.5059237685634277,1.6432088154910538,0.03482762600454365,0.08906753062547003,0.08129859283466698,0.0692325431781873,0.7812879084874744,25.340977618894073,27.0,2
48773,4.824000686513771,0.0,110.77723033925164,1.0224814030232345,0.6484815224571175,0.11382252188875658,0.17553296004468336,0.0,0.060992161803410216,0.39500445441039295,22.140139590488204,4.0,1
22170,5.270402895934253,0.0,129.07708876036526,0.925393585596664,0.9176762744407007,0.0708133464056408,0.27408364899257415,3.1899611249325913e-06,0.10999979085255757,0.29056960183628,29.76466843851688,26.0,2
72728,0.872923795046736,0.0,153.62750117325513,1.5835165182702335,1.1017545099034765,0.09220467864151599,0.03531916938589519,0.0,0.12476668575403163,0.5152030121689768,29.54985864838299,36.0,2
21142,1.5954046671017168,1.0,94.95966841327997,0.6373823175983337,1.7742801479019172,0.0769637268850384,0.019417686065019802,0.055685670262276735,0.10237756976806238,0.3472244379771469,29.437567101765566,67.0,4
2749,3.3619271977508447,0.0,103.02137224379837,1.2892590495900826,1.582138574210083,0.037503497957860635,0.07530484433310232,0.0,0.12356559458620506,0.6537117577120378,24.886109328908994,41.0,3
220,0.872923795046736,1.0,75.3703938292182,1.3199493399191744,1.5900409064989947,0.0685487630522728,0.0009985074216367666,0.05330022584439068,0.08823206529773955,0.3324287028011156,29.80209317970748,62.0,4
95497,6.117892928831929,1.0,123.45288103546125,0.4201227557391191,0.3865840447244628,0.028885681770251494,0.3060809988926816,2.7197173839593203e-05,0.07567160824092482,0.12405157644659484,36.32436390644903,53.0,3
19019,3.3619271977508447,1.0,104.61440245954749,0.6373823175983337,0.5595130343273138,0.029907481693841425,0.27530300231186905,0.14767258601261452,0.07207008747600625,0.2426743316518963,29.17823881309105,10.0,1
52373,1.5954046671017168,1.0,106.48931917867418,1.4305314995612604,1.0862263751542853,0.11005232819260728,0.2655899324840549,0.0,0.10237756976806238,0.39957455327271907,28.543493414886864,12.0,1
129422,0.872923795046736,1.0,140.66640922589758,1.5293044363985917,0.8789540273492653,0.09141646816813875,0.004962882796202298,0.13570989269086825,0.05884883476647055,0.555259355923415,22.99364447452529,27.0,2
130870,5.701060861471607,0.0,127.98137364190167,1.2710355796097998,1.0337244907542096,0.11200102058496486,0.1847723004118197,0.0,0.08961697180144913,0.5196684304319891,24.83068300289487,7.0,1
129391,2.234779091684268,0.0,175.26571354053334,1.2892590495900826,0.8409268716865445,0.08438210118699253,0.3122750050704796,0.13997812937397572,0.12405459357167793,0.16747215160921813,25.793601830048743,52.0,3
78162,2.234779091684268,1.0,82.03743555373741,1.7273986281211327,0.8789540273492653,0.10755176218457028,0.15175752601352488,0.0,0.11407800504076084,0.6082163911561125,22.623501034553605,13.0,1
51644,2.81870192439919,0.0,144.37293859996868,0.7140754272172378,0.6413309722210081,0.029471148318205066,0.054093267613122005,0.0005229526291793665,0.06776790858233991,0.08233612464031928,29.746371013299402,61.0,4
53656,4.824000686513771,1.0,101.53971897302009,0.9511404885049599,1.4633344786443667,0.029105727562491277,0.006074293247937052,1.289993642659344e-06,0.11874712021012017,0.4495753109342876,26.242623982422273,19.0,1
83254,5.701060861471607,0.0,125.42113831344064,1.246958858166756,1.0532791897548954,0.03421223449066382,0.06001745175361135,0.14555209515107553,0.08268848505094586,0.5401617621376549,25.568645746521952,24.0,2
70508,3.3619271977508447,0.0,149.54922724315315,1.0660306262012467,0.585186269256022,0.032054095044992494,0.18726924343725465,0.0,0.1325941870935916,0.3370572240184057,24.459984145162842,14.0,1
87752,2.81870192439919,1.0,91.96323355904951,0.8824506569237538,0.7216204794212896,0.11005232819260728,0.35890541083679917,0.0,0.07989911657905567,0.2999035103297946,25.44914976778499,7.0,1
154397,3.3619271977508447,1.0,73.90250608426636,0.6632195463963222,0.8016444925314857,0.02785087616681932,0.30161378407295175,0.0004053710191397379,0.12268131026148278,0.4568076672489063,25.8610439888996,19.0,1
143,5.270402895934253,1.0,132.7986853853428,1.0743027900555246,0.7403721686283902,0.02770197444137078,0.03612480643663832,0.0,0.13107761505746676,0.4838398383414279,24.19205293306979,2.0,1
14906,2.234779091684268,1.0,97.10223221249406,0.4509289094337133,0.31915017287557573,0.02770197444137078,0.3154895427727972,0.011468359494094787,0.1085152749541968,0.34999362956189706,27.44736837024449,53.0,3
125910,3.873488880460096,1.0,101.54494145805626,1.2559580752183774,1.2108708886987363,0.10852846367617025,0.006407970177793581,0.0,0.05664429602242664,0.7787286945775497,31.0019412478228,41.0,3
150304,4.359420279727952,1.0,106.75381475036878,1.5664596139965252,1.1557353982549923,0.11730449554479444,0.14704857682625724,0.0,0.07160547706998972,0.4990965284816648,22.876302737539756,30.0,2
121249,6.117892928831929,0.0,107.50530141443893,1.978314396768651,0.9383370423726153,0.042332057504160955,0.11194284909103239,1.5899034244066426e-05,0.06766915227167633,0.33798239709523725,24.606051692069443,17.0,1
13793,6.117892928831929,1.0,70.43172782441276,1.5766811031181405,1.1969783179741296,0.10980454318077999,0.33850815172552834,5.369889837231397e-06,0.12051510801643173,0.7864031279468107,26.376089654467805,6.0,1
124852,2.234779091684268,1.0,147.23922341536274,1.313779393613908,1.4080745642651042,0.02672751500031876,0.01447895654022694,0.12651942629048368,0.07479010183432175,0.0829238282292207,24.609383514772098,41.0,3
99578,5.701060861471607,0.0,108.73198138565364,1.0881650388686348,1.4939002107471904,0.10558557925566092,0.1892456434457902,0.0,0.07610775407689287,0.6849985289500192,23.925637515660366,2.0,1
136567,2.234779091684268,1.0,91.75132305060251,1.7965377462689096,0.7403721686283902,0.05431056943270107,0.06896625627207055,0.0009961907158109078,0.041537978515635704,0.7872552495643941,26.77612173522301,36.0,2
51882,6.117892928831929,0.0,128.16829534247842,1.818699770638293,1.2412209663588705,0.08386550447689363,0.1847723004118197,0.11830585579778928,0.05940416375632923,0.6650292642763783,22.475213306233368,6.0,1
41927,0.872923795046736,1.0,133.91876427737878,0.6675719032394865,1.5377163817742514,0.05738304142820021,0.003640076420860044,0.00027970073293319923,0.1440176487038123,0.3693342235535494,29.678114623567613,49.0,3
138646,5.270402895934253,0.0,85.69773471890247,0.5606640996118144,0.3820745262413231,0.026198033914667747,0.35309207935843534,0.13776078708605485,0.08608269509259017,0.3922603925171521,20.928840485620675,25.0,2
76805,1.5954046671017168,1.0,124.42742104475629,0.977251050003743,1.6059025151258526,0.041962598355487504,0.15175752601352488,0.0,0.1031396955853106,0.602063981300623,23.929033119904954,1.0,1
13870,0.872923795046736,0.0,179.22939931740257,0.3328090542398401,0.2406044124121248,0.032756846992377936,0.3163930134310159,0.08525667246632279,0.07298954199416931,0.08116046522221033,25.943103106282564,56.0,3
33710,0.872923795046736,0.0,121.83128058193459,0.9957462955575801,0.9259172992484815,0.08777467453951815,0.056694445884583236,0.011468359494094787,0.09323773806836998,0.49551067655190706,30.418572360354464,38.0,2
115796,5.270402895934253,0.0,99.22234745809459,1.13316055416276,0.716031549250245,0.10823744678519129,0.13980511964077502,0.0,0.07989911657905567,0.16266919995123785,19.968269909319268,33.0,2
127790,0.0,1.0,119.19657322764945,0.9330796361672831,0.11583499524062144,0.03684347528477961,0.3717056213181921,0.11038156139749708,0.07948948280021469,0.2530467117592156,22.36656264574341,14.0,1
216,5.270402895934253,1.0,110.323200448025,1.8484962499838813,0.7803636199698412,0.09943794886500139,0.045631865334373974,0.0,0.08823206529773955,0.35276125013630455,27.16044466358173,40.0,2
43567,3.3619271977508447,1.0,81.29398217750767,1.3292342453589678,0.6235837141668364,0.11505198726839158,0.2671982360325522,0.0,0.11407800504076084,0.6380044771041449,25.876342901662046,26.0,2
156043,6.117892928831929,0.0,105.24336811606364,1.2892590495900826,0.8931390217637617,0.037765861341979366,0.024188881320729293,0.00017088834675030637,0.07344443758622808,0.49820029281298683,24.601469937143293,27.0,2
105487,3.873488880460096,0.0,137.9560466984077,0.7321803953673356,1.0685990710633249,0.02844379682282684,0.13857634901143603,0.1456512507835498,0.06971386977315287,0.22943896094336566,29.353309637337745,5.0,1
99188,4.824000686513771,0.0,149.2428418374203,1.2231336726202555,1.4633344786443667,0.04071676728200563,0.2172170175632873,0.1459900800986709,0.11717145598614156,0.567661430117058,24.239348352055124,31.0,2
113656,4.824000686513771,0.0,139.7089114333271,0.562679835601423,1.7410509764195912,0.11452277064016791,0.010821767172170031,0.06582721232408337,0.07298954199416931,0.13277101043652648,29.06409994565144,29.0,2
56798,4.359420279727952,0.0,135.76422144472738,0.6545544784683045,0.14068687440095579,0.032054095044992494,0.37197035660800803,0.13665036742839254,0.0846000186739813,0.20665925415005007,23.300089303197506,49.0,3
22931,5.270402895934253,1.0,116.97328311841632,0.870016916351664,1.558545279477859,0.05328367386024081,0.002986602388962986,0.1315163736555853,0.1135278727644392,0.46853879156411365,29.788199802488663,6.0,1
35979,3.3619271977508447,1.0,137.14595711900043,1.3014873780326923,0.9176762744407007,0.0431865287142909,0.08757148586722448,0.004905852458809698,0.0909648244230264,0.5321518963893909,26.691607573578192,62.0,4
16538,1.5954046671017168,1.0,127.015830042139,1.2831687122254798,1.582138574210083,0.07727921957627658,0.1680649782500538,0.12325518410491887,0.07824336696718033,0.6632895533953425,22.01302577078272,23.0,2
52071,5.270402895934253,1.0,126.64146289803071,1.2350149125555943,1.319804715011444,0.04071676728200563,0.2903041499614681,0.0,0.08307607176161669,0.7040358811081453,26.01322303384219,36.0,2
123374,4.824000686513771,1.0,67.8389291506474,1.3604447167824396,0.41704913999794835,0.039448600807730404,0.32253779789110704,0.14772552432777777,0.07434469244013149,0.14822830413968097,28.354940569485372,30.0,2
14934,2.81870192439919,0.0,90.91359162023411,1.6598262815654952,0.6359874431092684,0.10176588683583664,0.11398938173084487,0.0,0.11617843095528736,0.5685462219497042,26.588869520015223,15.0,1
48642,2.81870192439919,0.0,131.6520918364144,0.7597450800680996,1.810627357456136,0.06133680723133715,1.109981585762505e-05,0.14714191966744974,0.12807164233603202,0.20665925415005007,26.962095580514877,25.0,2
72436,2.81870192439919,0.0,126.54531605440414,1.5528898930012174,0.9074185780413175,0.05776762020712451,0.30311965169622707,0.0,0.07697095147323091,0.7727530213566,22.014073370498657,9.0,1
144876,5.701060861471607,0.0,117.3468063006594,0.9851555438001129,0.9550055590897916,0.029178943760520885,0.21025463587619359,0.0,0.08422295110813957,0.3766821266125737,27.38609414300003,47.0,3
143815,4.359420279727952,0.0,99.69376561752412,0.8874490702428841,0.3263033999796817,0.05400437326746097,0.3645296181750358,0.0014024356789996248,0.07948948280021469,0.0985651196650772,19.633476476391973,40.0,2
116057,0.0,0.0,147.16989289737108,0.3149566351558883,1.2766659695073987,0.03482762600454365,0.0,0.08409722913207923,0.08384328428839721,0.3398322134003418,30.519388010062283,21.0,2
122330,5.701060861471607,0.0,94.2052423678039,0.9589353474702558,1.0467431886384175,0.041777130381945686,0.022139438509497362,0.0,0.07567160824092482,0.31386999284176065,24.62465046361248,12.0,1
82468,1.5954046671017168,1.0,183.3772950107689,2.16230715593104,0.6938441627854506,0.0470181310899528,0.08682041266096152,0.14796473604214241,0.07479010183432175,0.11531412862393906,25.97309377169773,10.0,1
10162,0.872923795046736,0.0,112.89940122181477,1.50925136242719,0.9654866865759476,0.06697413709052649,0.12333016422336632,0.11563567166745557,0.13395146506749636,0.3656561673256651,27.507648568447795,60.0,3
8,5.270402895934253,1.0,105.2901291897455,1.3076254137645986,1.139872073704656,0.024666575841302687,0.04038650080234692,0.022774425824096823,0.07434469244013149,0.832250298026632,26.82367946311692,71.0,4
7571,2.81870192439919,0.0,110.96289311603034,0.8899536272626166,0.7517134112457518,0.032054095044992494,0.2552398388978087,0.09839630700281216,0.07344443758622808,0.470341237512751,24.275654687317918,10.0,1
80608,2.234779091684268,1.0,92.23861312106851,0.5850631189120629,0.7460343185053053,0.02770197444137078,0.29274903786299833,0.1472812298315819,0.11161742520075171,0.37025330913284016,27.67923736784913,22.0,2
16381,3.873488880460096,0.0,142.40945290184177,1.456507450130662,0.736606806235421,0.03441791698119191,0.03879524610014085,0.0023093985895781565,0.07654086052747315,0.3831026140507271,24.59758193450078,20.0,1
44792,3.3619271977508447,0.0,182.09544742820998,0.3510049058496123,0.41550924816995743,0.028369916082223195,0.3443059588382177,0.0,0.08384328428839721,0.286830856430596,33.27704134395131,31.0,2
746,2.81870192439919,1.0,77.76269910486118,1.3076254137645986,1.1877569186390118,0.10348094851633399,0.33832185948404825,0.03152094615885867,0.1274776608148665,0.44052059468949495,22.484952401298823,50.0,3
90180,0.0,1.0,144.24878128675624,1.3230403074748542,1.1173801565958892,0.03345331143459896,0.04993499265901868,0.11655301181893674,0.12982288277910556,0.7367747935949783,25.613663118025165,34.0,2
112354,3.3619271977508447,1.0,98.46741180197729,1.1246497122921346,0.736606806235421,0.10326311031119288,0.2011869296779366,0.0,0.10741349334001439,0.3739279421988962,26.59729866715278,2.0,1
95613,0.872923795046736,1.0,127.26363486237898,1.1560244956058299,1.2131933798627534,0.09039569818937865,0.23590238986591258,0.0,0.07782218133052284,0.37025330913284016,29.629696160486773,42.0,3
95682,5.270402895934253,0.0,192.5626705379744,0.5229649023558965,1.640530318907042,0.07154319726812285,0.07056408099918726,0.029983207994882504,0.11239606234866689,0.43961424622178924,26.01656524070427,4.0,1
60042,4.359420279727952,0.0,138.37582473214968,1.4208581649724286,0.5325783271168508,0.039448600807730404,0.00021393157445401628,0.1397871163588293,0.06469164859324981,0.49820029281298683,26.236244310093703,19.0,1
159846,0.872923795046736,1.0,116.79925518722224,0.8749797475547563,0.5192843709763387,0.036177528458350545,0.3099278600381149,0.14792651274701046,0.07610775407689287,0.43054194018397496,27.427254912936146,25.0,2
101502,4.824000686513771,1.0,159.8408751765992,1.6492989120715298,1.1877569186390118,0.040085503505564654,0.17710064452048874,0.1370948477600934,0.0329519534082417,0.5062609762137036,26.4989332394,5.0,1
31107,5.270402895934253,0.0,127.32431122242926,1.1502855016786524,0.3850791304369432,0.046327188014090345,0.33199153204608667,0.000269721719423423,0.052285935053547644,0.3027000936330375,29.31081068580438,3.0,1
32735,4.359420279727952,1.0,116.86068104305915,0.6632195463963222,0.4656601541525873,0.03482762600454365,0.27651261005460964,0.0,0.07389614600927014,0.30735740567019904,22.17143187736263,41.0,3
71496,3.3619271977508447,1.0,119.60990734009467,1.5259518253987494,0.524256092697968,0.10558557925566092,0.025948304091180735,0.04014745378156355,0.1173334149753333,0.43417279113429047,20.947567406408606,3.0,1
72573,0.872923795046736,1.0,124.99539800784741,1.4467356640090427,0.7347269443802338,0.03637793803600697,0.11870244613380132,0.08005785534492274,0.07389614600927014,0.5472717260619129,20.957932040089172,17.0,1
12698,4.824000686513771,0.0,98.28904265576222,0.9930930893391963,1.6032536372686526,0.041342447356368994,0.02502350614647099,0.002965912600349943,0.12008513127007257,0.36657593878089856,26.765632961948278,9.0,1
144249,4.359420279727952,1.0,113.20797734669654,1.7454404380504511,1.2838098666500841,0.05223874875548161,0.17553296004468336,0.001984806558653298,0.08927426336727629,0.6745883431787558,23.19304310525502,28.0,2
55909,3.3619271977508447,1.0,39.863687983390506,0.6373823175983337,0.48979344763555255,0.03421223449066382,0.35690217537331775,0.1488819281952906,0.08927426336727629,0.039103819918679915,21.601568832585077,27.0,2
1591,1.5954046671017168,1.0,127.38498344279616,0.9641501397610845,0.9929661400695023,0.025435779189136993,0.10640559698907252,0.0,0.07523239892816581,0.24361824637685142,25.773292011468588,73.0,4
16545,2.81870192439919,1.0,114.19461495193414,1.2892590495900826,1.4080745642651042,0.029907481693841425,0.11936872550991845,0.0,0.10999979085255757,0.6336336735553394,27.718564402124823,74.0,4
16994,2.81870192439919,0.0,90.27660377338344,1.2409790360109807,1.2719135502914645,0.04747472386211118,0.17342500988932696,0.00011894591982413152,0.10339044157515012,0.26433542927204406,30.633131285090403,3.0,1
32982,1.5954046671017168,1.0,103.6412993341479,1.826122368673923,0.6737416234012596,0.10348094851633399,0.019606135890101437,0.0,0.07113757653068406,0.5330424673029763,31.008108008223918,18.0,1
152846,0.872923795046736,0.0,108.19911166212415,0.9330796361672831,1.1218625664872488,0.047871617065426426,0.03861793216455963,0.1387706483270397,0.13245002823797614,0.37300954001041753,28.590279397307494,36.0,2
7336,3.873488880460096,1.0,125.95302300872216,0.7140754272172378,1.4330682921235658,0.11124680106042624,0.09203541848258019,0.0,0.13567406462223022,0.5276968367130614,26.342567511023347,19.0,1
20257,0.0,1.0,108.43196486347085,1.2680121847925503,0.6993657939488159,0.11946283339028396,0.33119941052022045,0.0,0.11549563035956101,0.39500445441039295,23.418290952403378,15.0,1
24751,1.5954046671017168,1.0,121.07279869118831,1.0660306262012467,1.4785798387800124,0.04843439090520536,0.10359265120566807,0.0,0.11061603839739241,0.5125219727084062,23.685135540401145,60.0,3
124693,0.0,1.0,79.80955949552255,1.3635879022326585,0.1811796128063288,0.09901837159570151,0.3695584367825989,0.10645466200194527,0.06913586784584445,0.04434788309198025,22.901377389937352,22.0,2
20248,3.873488880460096,0.0,81.74124719343206,1.7490618513824774,0.8270912295607865,0.10501676070355577,0.3201606123038974,0.0,0.06556245931881248,0.5276968367130614,23.193187596444428,13.0,1
26272,6.117892928831929,1.0,119.17615635733436,1.7855160893099271,1.2648001779253042,0.045218147863641235,0.012270296384560423,0.0002986587587781541,0.06093795348961398,0.7761684083032372,26.375162554024303,36.0,2
121570,4.824000686513771,1.0,136.75066488020138,0.43270279790335536,1.730043125748694,0.06492934472932263,0.05919019669413417,0.0009961907158109078,0.14154156766285975,0.3849355163638353,23.75785677833593,25.0,2
21599,4.359420279727952,1.0,135.01744753313835,1.116173191799425,0.858853361084863,0.02770197444137078,0.21245753954102564,0.0,0.08571582562284803,0.5339328914848354,22.850625775552402,17.0,1
126424,6.117892928831929,0.0,113.51129327863917,0.8478595149544487,0.7141723179935984,0.06235797169475681,0.1988539897807107,0.0,0.11220324037571663,0.20951304419171235,29.528159480686867,56.0,3
13089,0.872923795046736,1.0,128.00158327693705,0.7760517866541442,1.6218401523063755,0.04557037994341877,0.03505015914588083,0.12488166899894099,0.065765824499414,0.6632895533953425,24.043585561267264,29.0,2
42229,1.5954046671017168,1.0,119.53337942542403,1.2260981136938247,0.4017291313143787,0.032756846992377936,0.32979984747365504,0.1479929896671981,0.07654086052747315,0.4223630722672164,28.4352962428339,34.0,2
128497,5.701060861471607,1.0,135.89447061782644,1.2529544013102096,0.8349858419672646,0.05631163987576615,0.29568023772375085,0.0,0.11296729991626979,0.659808559089989,24.280978396427834,20.0,1
71215,1.5954046671017168,1.0,127.71860677037573,2.0491546563964507,1.2131933798627534,0.06052347948452763,0.01533914805932433,0.06905809860746162,0.03953279125301633,0.591501237117933,26.23983300550099,21.0,2
33696,5.701060861471607,0.0,84.90534190786006,0.925393585596664,0.4341039988334495,0.052606545210827686,0.34691834404738436,0.008894358574393134,0.08307607176161669,0.2737217164713884,28.277713189851937,61.0,4
119931,5.701060861471607,0.0,92.175074415691,1.443486624022477,0.41704913999794835,0.04071676728200563,0.2818379910590027,0.11188054575620471,0.08608269509259017,0.2615158354360752,26.415669426376642,9.0,1
93074,1.5954046671017168,0.0,178.71897911617194,1.357305564867754,1.5351222119478976,0.024666575841302687,0.019417686065019802,0.012377812595437692,0.07389614600927014,0.4059657136933484,26.855483585884503,3.0,1
68815,5.270402895934253,0.0,106.10018438598419,0.9330796361672831,1.0973079588623809,0.1069043158630909,0.13672143769829853,0.0,0.1087314302634894,0.3370572240184057,35.93672054181871,23.0,2
123188,4.824000686513771,0.0,89.37842277519927,1.5596663441426157,1.095087666887929,0.048097319744238816,0.036660739087824634,0.0,0.11566792219410234,0.4999926128156961,19.766142220337656,32.0,2
85423,1.5954046671017168,1.0,67.41281997458168,1.6388100440527043,0.3248693292889913,0.046960830782220575,0.2697376361401066,0.1334377433402856,0.0807099107755365,0.146299191059229,28.81495129786032,26.0,2
134279,0.872923795046736,1.0,120.51750533754287,0.8503073162091651,0.21045458225094912,0.032124654964770724,0.06920649536037776,0.1415723233322975,0.0944893301378407,0.5169896259943355,25.96827543012165,19.0,1
100885,1.5954046671017168,0.0,111.56083822904557,1.9822113074352263,1.0057605767148683,0.08911637209763554,0.06744008578773071,1.3299932422772305e-06,0.0846000186739813,0.26433542927204406,28.561310871786187,6.0,1
31015,4.359420279727952,0.0,101.59194209707798,2.232785830627002,1.3101611541437503,0.10348094851633399,0.07064373994853332,1.0999537763078135e-05,0.0834609979772711,0.6901966663783777,26.63783855107008,1.0,1
94531,4.824000686513771,1.0,44.3786411808627,1.4305314995612604,0.8809746737279629,0.06204930777128733,0.041618479950598815,0.003599634950781015,0.09718602680360759,0.7846985293539909,28.81470191162851,35.0,2
150185,5.270402895934253,1.0,115.75943153270691,0.25437647934640445,0.1712004727243582,0.029178943760520885,0.3542186659772389,0.0,0.07479010183432175,0.13470623423522704,20.253030286110057,49.0,3
129189,4.359420279727952,1.0,88.80376309165716,0.9798822134503042,0.895173163886735,0.09754875144648864,0.2684731067739852,0.0,0.13200780581487184,0.35921294629456185,20.090548794961034,4.0,1
38510,2.81870192439919,1.0,53.41298991818506,0.6653940706483308,0.20273364528447474,0.032054095044992494,0.3504682971490409,0.0,0.12175920649046457,0.48743361513789707,21.67847311991869,44.0,3
10824,2.81870192439919,1.0,161.8065526739076,1.2142637860645362,1.1808620069999787,0.039448600807730404,0.017527096931831115,0.024418278472219074,0.13107761505746676,0.7573599992273963,26.623101634225826,31.0,2
29560,2.234779091684268,0.0,103.922435929685,1.6492989120715298,1.1466586274561965,0.11285320965981253,0.15751312861954064,0.0,0.09510266620308695,0.7539340114733682,25.887880123111998,57.0,3
2099,5.270402895934253,0.0,84.08506929414435,1.5528898930012174,0.7900082832763979,0.10665182007938102,0.30085444038956244,0.0009961907158109078,0.08268848505094586,0.40961416743273077,24.940351618931384,78.0,4
19264,3.873488880460096,0.0,157.3273839616266,0.9984031852273931,1.582138574210083,0.0719035626650213,0.10640559698907252,0.14843876050703148,0.09417957066797655,0.2802808782739762,30.20091828811625,39.0,2
3013,3.3619271977508447,1.0,113.07941859841065,0.6567157965186239,0.007219120470992473,0.061426404648300695,0.375466997075387,0.14836185351286132,0.05652955654759033,0.25775370012333004,18.73936418324851,27.0,2
133004,0.0,0.0,102.43220826893824,1.5259518253987494,0.6218191154126793,0.09080883719607807,0.2659129107407421,0.0,0.09029545927515505,0.5454951065995263,26.879548674679086,48.0,3
26749,0.872923795046736,0.0,131.55647795617392,1.4016217618309161,1.3391900932368495,0.029178943760520885,0.015625372543004,0.02110588240330083,0.1282651059706081,0.5490477660515011,25.17293505480511,49.0,3
113254,5.701060861471607,1.0,168.87835557238702,1.1133552989984767,1.1694107022410731,0.06575768768239226,0.006927442155667886,0.07528457935098694,0.1085152749541968,0.14533430943290376,26.766681965136666,31.0,2
1660,3.3619271977508447,0.0,122.08565313186834,1.9861127510729824,0.6218191154126793,0.10076992777346946,0.3329739778200281,0.0,0.07160547706998972,0.6126068486236221,26.894059111309222,1.0,1
20357,1.5954046671017168,1.0,141.25938950674492,1.3199493399191744,0.7977581590258924,0.03789669224235712,0.35485671654693723,0.0,0.06201474868435833,0.4041404961216831,20.16840770866462,6.0,1
133214,3.3619271977508447,1.0,120.34931684750555,2.187027436278164,1.3173907569336416,0.06408679225719048,0.11870244613380132,0.0,0.0875253578926078,0.8634710425866993,27.934760051796363,57.0,3
5036,5.270402895934253,0.0,97.18632205530025,2.3088942342987417,1.2814265310363273,0.052449192885192675,0.12333016422336632,0.005616184019392687,0.07523239892816581,0.8727232799003789,26.890007183451967,9.0,1
2476,3.3619271977508447,0.0,79.64197902087581,0.4237021425873922,1.8416670275191742,0.08954958276534362,0.0005156023364353361,0.0,0.12696665599738943,0.379434781026071,30.322584884307286,38.0,2
1783,2.81870192439919,1.0,91.66123994297048,1.437000860302872,0.7688525187496839,0.09579709610988524,0.18122637916738668,0.0,0.0692325431781873,0.40870230130966556,28.072081248022048,63.0,4
45951,2.234779091684268,0.0,132.94442219223848,1.6179475077937715,1.2039155262962848,0.05636078343304576,0.2343516206207626,4.279300275603927e-05,0.12757809509702486,0.7324773129381172,28.061290192993386,24.0,2
90658,2.234779091684268,0.0,84.08506929414435,1.354170443691811,0.986595383828515,0.03657781073805104,0.13422605430153228,0.0006424185345811264,0.052467228893042235,0.4649320304843778,27.287472318768565,7.0,1
136928,0.872923795046736,0.0,94.64850577655311,1.6283596013417518,0.5817394956459299,0.09334166241755217,0.12069608348726522,0.14818982032418188,0.090631273449164,0.1980869142931519,28.770162808537062,25.0,2
77827,3.873488880460096,0.0,118.08823231841812,1.5393873568146128,1.368514367277708,0.023890353676344383,0.14224404248746633,0.0,0.12417503957929378,0.8000229170012528,24.887900326498055,23.0,2
48783,2.81870192439919,1.0,143.40907521785923,1.5664596139965252,0.973906712521262,0.10778520225113049,0.10918885741547443,0.0,0.1031396955853106,0.6134845293745955,27.681416082662675,17.0,1
117580,2.234779091684268,1.0,76.74183284807815,0.5093607830228893,0.6147791006233524,0.04071676728200563,0.3003458152426495,0.0,0.0571585712331885,0.43689424042349,18.340093670978614,23.0,2
157419,0.872923795046736,1.0,104.7807929172468,1.3888789288233903,1.3981349919391537,0.08412484604572,0.14284992485469716,0.0,0.10807879371529658,0.35737047171995895,28.1319519203821,11.0,1
52662,4.359420279727952,1.0,98.48314803984357,1.489348138354589,0.9802422468499067,0.05531977924046881,0.09642761173667264,0.1472187256702987,0.12051510801643173,0.6624195015311976,27.8291678064363,33.0,2
54190,4.824000686513771,1.0,95.33392555528188,1.4663162944046058,1.4785798387800124,0.09628957850027947,0.0799678872523985,0.0,0.08644706391858864,0.2624558909370821,28.180722785139594,43.0,3
50028,0.872923795046736,1.0,108.16805915879821,0.8235748656635028,0.189997298660205,0.11246303557064592,0.36146323341331466,0.0,0.11949950664623125,0.4014014281029086,26.81739413151967,34.0,2
105254,0.0,1.0,85.40338686934514,1.6528037535325126,0.28679477094481415,0.029178943760520885,0.3582934576644075,0.09627997572786516,0.09162520541474937,0.39043018103571125,25.43028290915001,22.0,2
40499,5.270402895934253,1.0,90.43060109572635,0.3165654838115098,1.450687222114931,0.05117544300866493,0.005946621798604477,0.12325518410491887,0.11061603839739241,0.34168132433451065,25.787415883314075,59.0,3
84682,2.81870192439919,1.0,140.21769880620113,1.2024918523025487,1.2861952396200695,0.044982288551343556,0.1523395503043589,0.0,0.10627575941954966,0.5667764960218026,25.708119621458586,18.0,1
85945,5.270402895934253,1.0,122.43147814412488,1.3416702104497014,1.6674107491010164,0.09477728604255982,0.1360999778061121,0.0009961907158109078,0.11700849582798221,0.6571964343496536,28.919190306918342,43.0,3
37198,1.5954046671017168,0.0,99.94505842033061,1.6774576631672329,1.1534632002710248,0.09915929004532116,0.2172170175632873,1.689890894853426e-05,0.07824336696718033,0.4847385124396228,27.020505777948532,63.0,4
112657,1.5954046671017168,1.0,79.40403658188202,1.2439669833584739,0.9950936437439697,0.06292632681838277,0.1028847268953419,0.059867776561257274,0.07344443758622808,0.2690309433417808,21.702657056112074,43.0,3
158372,4.824000686513771,0.0,141.6478721227064,1.5393873568146128,0.8035905104059599,0.029105727562491277,0.023445151604939436,0.012558881304517515,0.047429924857714,0.6388782359477272,26.639548726800758,34.0,2
16011,0.872923795046736,0.0,44.431500239737076,0.6057480280565445,1.3611555555156263,0.04257727432062326,0.002986602388962986,0.07573354737493142,0.11407800504076084,0.551710741535826,24.65974015456702,13.0,1
24762,4.824000686513771,0.0,80.12296270704891,2.0611052313033036,0.5869123931257155,0.05074489405505674,0.0051106301656624106,0.01786611536513251,0.11684452751132064,0.2332244270349452,23.6209702506411,1.0,1
119174,2.81870192439919,1.0,122.77716340396876,0.6697530468859387,1.2600680937293525,0.03414355059055638,0.0009985074216367666,0.0009961907158109078,0.07697095147323091,0.36381610868103414,27.957042405333382,31.0,2
81124,5.701060861471607,1.0,133.61753015125137,1.1502855016786524,0.6901723993940194,0.024898070612616233,0.30801870464992115,0.0,0.11081886050973534,0.48114289466383386,27.02011492422121,13.0,1
47435,0.872923795046736,1.0,60.799279873061174,0.06287135971167497,0.05298851546889425,0.060112080397729396,0.19506447347566547,0.14894416997466625,0.13631186222496286,0.0019994840278861,10.3780794360111,40.0,2
80427,0.0,1.0,124.07732193171286,1.792859470542298,1.0467431886384175,0.0363111945750574,0.3150353369161678,0.0,0.08307607176161669,0.6266333978237972,26.229331808345073,19.0,1
95184,0.0,1.0,123.03633593861244,1.2559580752183774,1.1534632002710248,0.029178943760520885,0.09055548875425853,0.0,0.07824336696718033,0.723011956415217,29.30896194911478,49.0,3
155691,1.5954046671017168,1.0,109.54866892085597,1.2260981136938247,1.1625640217662516,0.032756846992377936,0.04822107664482468,0.12311438068917709,0.11296729991626979,0.6029433102477434,26.435113598204964,58.0,3
45473,5.270402895934253,1.0,80.76543427797199,1.6633439737814455,1.2412209663588705,0.04943502408239586,0.06960644974970544,0.010827644917144066,0.07523239892816581,0.6388782359477272,29.311796646088712,38.0,2
18854,4.359420279727952,1.0,121.84654507706269,2.053133596177965,1.0773968561658953,0.10304203740104016,0.022139438509497362,0.0,0.13599807026133018,0.5017843279773949,20.948031567878555,43.0,3
75866,5.701060861471607,0.0,136.3752359098381,1.2892590495900826,1.0467431886384175,0.051602993765987544,0.01970031939835326,0.00021083002148050814,0.09162520541474937,0.45319275256535035,27.547013905121286,10.0,1
152633,4.359420279727952,1.0,150.6504843297951,0.9798822134503042,0.9300494478737024,0.02844379682282684,0.16089867049836257,0.0,0.13599807026133018,0.721289365608233,26.04770059448803,51.0,3
60885,4.359420279727952,1.0,124.81794496981483,1.2831687122254798,0.986595383828515,0.03684347528477961,0.02129722678586382,0.10645466200194527,0.08892922146119757,0.44142678332063784,26.365360422353774,46.0,3
32383,0.0,1.0,146.17894433612992,1.1531530780227583,1.4380918973981762,0.05728648091811103,0.0019940376062208094,0.020262220644609228,0.13691023836234864,0.44595533372469104,26.633102289937415,61.0,4
101731,4.359420279727952,1.0,47.17409177611542,1.1675486338704655,0.22607522343651465,0.041962598355487504,0.3289923790540922,0.011468359494094787,0.1046199903677044,0.3110799737441455,25.17812954374694,36.0,2
50535,1.5954046671017168,1.0,172.38374891064424,0.9075856561859189,0.9696927940084842,0.040085503505564654,0.060842390389807495,0.05022077303255995,0.07019179955184995,0.35737047171995895,22.118217294226422,51.0,3
65585,2.81870192439919,0.0,107.28770688321913,1.5026003343861656,0.9696927940084842,0.09277983356126722,0.14645328997075285,0.0,0.07344443758622808,0.417813571389132,21.31504340299403,9.0,1
66891,5.701060861471607,0.0,56.3315947454874,1.0144220302914997,0.9115158496685433,0.10038079826288383,0.13233770064580988,0.0,0.10510074374136276,0.4278171081723786,29.734778657358028,46.0,3
106737,6.117892928831929,0.0,125.75550344266168,1.2529544013102096,1.6728123173826326,0.0461533086282955,0.16752177592828701,0.0,0.10388706186522997,0.7599282170448584,22.463404534837583,52.0,3
132754,6.117892928831929,0.0,124.61002546513048,1.0037280259604542,0.8468851234775537,0.0363111945750574,0.34518401980879204,9.206760357609942e-05,0.08384328428839721,0.30176808255591336,23.767664761069838,14.0,1
52053,3.873488880460096,0.0,132.43675694946083,1.5495079674127066,1.1557353982549923,0.03155839396012166,0.11669313372009094,0.0,0.08961697180144913,0.4159926286676566,22.903126094118758,61.0,4
25175,4.359420279727952,0.0,94.12077752280646,1.1531530780227583,1.2131933798627534,0.0689341804959577,0.26623522842521585,0.0,0.08961697180144913,0.567661430117058,23.1897196403716,13.0,1
11685,0.0,1.0,190.8652693499915,0.5687461083073212,0.5834619703150993,0.02740336134270613,0.3448336751049843,0.0,0.07479010183432175,0.22565033036371449,29.531347612740262,37.0,2
122344,3.3619271977508447,1.0,56.91612230520261,1.8635008037178689,0.15764955306624195,0.0851415328131488,0.005268154733943106,0.14779779239226265,0.0929195560165614,0.06673116700079375,24.61479707550786,25.0,2
18423,0.0,1.0,122.86356294155124,1.573269725078865,0.5011931214681938,0.07600145917456508,0.2977735712272259,0.0,0.07907699494507488,0.4278171081723786,23.627106682994558,57.0,3
10443,6.117892928831929,0.0,115.9541796422169,1.580096699910016,1.0598329809424267,0.09181366582891372,0.012751715278126845,0.0,0.062121579541474924,0.44414439156625246,24.600775681463272,42.0,3
108565,3.3619271977508447,1.0,102.3278810923472,1.1105412085910351,0.9887170107264152,0.037503497957860635,0.0341517760422906,0.002965912600349943,0.11600931508282333,0.372090967206333,24.425537693750407,56.0,3
23589,5.270402895934253,1.0,121.42921690097113,0.9000075885026969,0.6288885490015691,0.02770197444137078,0.28975503342092523,0.1009793634590622,0.11461791565793807,0.15497339791921644,27.999917756245875,29.0,2
2778,3.3619271977508447,1.0,95.38662096393949,1.4016217618309161,0.7536102102164997,0.10315298150069982,0.27560631382197387,0.0,0.11389577405950702,0.49371684008158656,30.636598891721604,55.0,3
86628,3.3619271977508447,0.0,122.49757582138965,1.2862118976616896,1.4431238001219762,0.07226092540897922,0.1511740477018857,0.0,0.10363955969640551,0.6780604729547725,28.59717371012421,46.0,3
79627,4.824000686513771,1.0,140.57668356972343,0.7597450800680996,0.7593119202228912,0.04065389307740725,0.33394795317970766,0.0,0.09689431395432624,0.6292595119241615,30.969433250478534,3.0,1
90494,1.5954046671017168,1.0,117.69970614406198,2.330308527991424,1.0057605767148683,0.08660651291880815,0.23934276540465588,1.7398843435764832e-05,0.05687327673656359,0.5446065792778642,27.285660475837332,31.0,2
70765,5.270402895934253,1.0,175.74859597359512,1.0251752790418884,1.4913416009490772,0.032756846992377936,0.0009985074216367666,0.14687096902834693,0.07654086052747315,0.19617970441626129,26.23478215334682,26.0,2
27763,0.0,1.0,163.53956715217817,1.9511627062983132,0.7403721686283902,0.07881827414418355,0.11936872550991845,0.035267599177157063,0.07907699494507488,0.6029433102477434,23.541527585957716,54.0,3
91797,2.81870192439919,0.0,86.63334068660689,1.5766811031181405,1.173985195547883,0.09060308225465417,0.0007381845889554851,3.619499429947021e-05,0.1294698537927405,0.4169031817689732,27.77511835350914,18.0,1
115789,3.873488880460096,1.0,112.53924320703172,1.347912282370425,0.9238541349219103,0.03254668444495259,0.16860685887279303,7.76976936501521e-06,0.12982288277910556,0.4378010692265794,26.247540927134278,68.0,4
35333,4.359420279727952,1.0,72.16185984652073,1.8785764755549763,1.1969783179741296,0.03880600336970576,0.21593067514693054,0.0009961907158109078,0.12022932698877,0.8861571884716617,26.864248115831042,60.0,3
117822,4.359420279727952,1.0,88.53221175189717,1.2290664655179893,1.448164004953569,0.04730387785758131,0.17183062586123532,0.0,0.10212019116983716,0.7590722655097774,25.85298946048331,48.0,3
108725,3.873488880460096,1.0,86.20046879766281,1.586940561014816,1.2814265310363273,0.08171337117473375,0.1781395052452503,0.0,0.12306481658547469,0.6580672741241114,29.561500597968596,13.0,1
66287,1.5954046671017168,1.0,149.30709140439006,1.4499888131526906,0.8931390217637617,0.09754875144648864,0.056694445884583236,0.0,0.09323773806836998,0.3739279421988962,25.929840797580994,46.0,3
49970,1.5954046671017168,1.0,119.96694506974836,0.458303754548283,0.6792018079786396,0.029907481693841425,0.3476040495825947,0.13988311293636624,0.05772607159203345,0.3110799737441455,24.861164053924377,9.0,1
154694,0.872923795046736,1.0,105.03030784683119,1.6598262815654952,1.03805616547117,0.11285320965981253,0.09203541848258019,0.0,0.09889625578485943,0.3757642353460366,26.257638634195143,3.0,1
80770,2.81870192439919,0.0,105.80949737928272,0.8067838170617007,1.6351796831827423,0.0462113194824791,0.09642761173667264,0.0,0.06697391089549902,0.3259413065890475,21.71036188568874,2.0,1
41859,6.117892928831929,0.0,79.43108060413216,1.818699770638293,1.2861952396200695,0.05752756983506813,0.22352051064288078,0.00011295123496251468,0.07479010183432175,0.4856370331868439,25.70933252783957,26.0,2
1157,0.0,1.0,96.60273421263062,1.0550536357269065,0.7555088942782333,0.02932517795428082,0.3051012612299239,0.0001109529456114145,0.06281225440812803,0.12986652282760713,27.798510246766583,57.0,3
106241,6.117892928831929,1.0,141.15975393016495,0.6653940706483308,1.6351796831827423,0.0689341804959577,0.06896625627207055,0.04637627609682684,0.10212019116983716,0.4730437411412784,29.463610439569464,23.0,2
107334,6.117892928831929,0.0,169.44146808207609,0.5268798488130423,0.1263991383510244,0.03482762600454365,0.3726286889175506,0.14846123398764682,0.07066635954166857,0.13760742289418632,22.912888039995618,12.0,1
126161,0.0,1.0,111.29285068441888,0.6763163713235399,0.339287251038444,0.03482762600454365,0.27530300231186905,0.0009961907158109078,0.12429477370514681,0.5205610680472806,25.955959130637765,56.0,3
68764,3.3619271977508447,0.0,111.92144542849285,1.382531875836705,1.802207267989014,0.05824462509301763,0.056694445884583236,0.12965566199889592,0.0929195560165614,0.6693762543425813,32.30996811145427,39.0,2
67872,4.824000686513771,1.0,133.5673150108913,0.6873217200952351,0.18369075490158024,0.03550559855419764,0.37405960254010995,0.1485484678378855,0.08229821707572699,0.5125219727084062,23.38037233034343,33.0,2
63376,2.81870192439919,0.0,190.3737635765293,2.0611052313033036,1.6138618224161947,0.0708133464056408,0.0822707938427152,0.0,0.11461791565793807,0.7169807027788505,24.609383514772098,5.0,1
43631,6.117892928831929,1.0,134.6664099684438,1.1820405678953774,1.1877569186390118,0.1038017549402223,0.009852506517610308,0.0,0.10107366171887236,0.3082883206301165,29.80550490976343,42.0,3
5646,6.117892928831929,1.0,85.31773126416277,1.6283596013417518,0.729098628509576,0.10747283603763581,0.27005216575859037,0.0,0.09999929605428569,0.6248819796008633,25.41113487884187,63.0,4
73967,2.81870192439919,1.0,189.06059616171527,0.7231008787618839,0.5595130343273138,0.024666575841302687,0.27711379178608764,0.0,0.09510266620308695,0.24739195922341117,27.438215414460917,2.0,1
101532,3.3619271977508447,1.0,130.45871991108785,0.8259875510638431,1.645889431984084,0.05680116751690537,0.004962882796202298,0.12699896453563442,0.12079744792434513,0.1942716743024051,27.282554268668108,28.0,2
58078,2.234779091684268,0.0,182.37401105565235,1.3168623695632067,0.40783610587122643,0.037700358280523115,0.24927322505169477,0.1487428283688967,0.06928082946967935,0.3064263084600735,25.294950407631855,2.0,1
64298,2.81870192439919,1.0,136.2700892772062,0.4237021425873922,1.550718696885937,0.03880600336970576,0.002986602388962986,0.0009961907158109078,0.11371239933650804,0.3867677441611076,29.29897739211145,31.0,2
21285,2.81870192439919,1.0,168.61126844069042,0.5132321194330479,1.3029499461191854,0.05531977924046881,0.030532185089493704,0.12881031191840378,0.10937167434329613,0.27653391437213615,24.389941051990125,1.0,1
114881,0.0,1.0,137.91605830053163,0.7528078866341287,0.5765830106954144,0.041342447356368994,0.07215307736630519,0.08487279545671522,0.13837404082200308,0.16939184884033198,26.93781959698279,31.0,2
9369,3.3619271977508447,0.0,116.09252486644338,1.0278728688856018,1.481128021569572,0.054817363853910714,0.012751715278126845,0.04637627609682684,0.10979175009966557,0.2943053803806194,26.7182675374696,73.0,4
14359,3.873488880460096,0.0,114.07135212328872,1.8635008037178689,0.8850217453836101,0.045862486478646186,0.26429137748300496,0.0,0.07207008747600625,0.27653391437213615,25.969212377430377,24.0,2
36083,6.117892928831929,0.0,111.1536669169728,1.3920585419964056,1.0036232661278224,0.029178943760520885,0.14525821594835667,0.13206390058035544,0.10133787158252591,0.6353823972414456,23.765674956647338,56.0,3
99818,3.873488880460096,0.0,115.82606115639541,1.1820405678953774,0.37907688330725015,0.033036183770423166,0.35844681225356584,0.0,0.06865042905475728,0.2313320887455652,25.154748618071586,42.0,3
41430,3.3619271977508447,0.0,90.17037688896741,0.37466554269853625,0.21693416964812412,0.03414355059055638,0.34879317068115623,0.1465285787042002,0.08384328428839721,0.09485566336762855,23.18986414552234,50.0,3
3253,3.873488880460096,1.0,121.72951028386673,1.705891647744118,0.6865080892331454,0.05223874875548161,0.1580808751609178,0.0,0.08892922146119757,0.6797957612726563,24.14624171422747,50.0,3
11671,1.5954046671017168,1.0,148.87209375562978,1.1445618616011808,0.8035905104059599,0.021518860597070293,0.20667737463872096,0.0,0.10829773278800112,0.4332653199494439,25.157620753186734,65.0,4
154069,5.701060861471607,0.0,119.93634779948415,1.104924423867234,1.4406068112877073,0.04730387785758131,0.018473777957743368,0.14459789690953062,0.10696278729458521,0.6064592478239177,26.367612482608237,30.0,2
30643,1.5954046671017168,1.0,113.98916632053898,2.0372453139730755,0.8568538604471809,0.03848255151408425,0.1862740142590032,0.0,0.06427818044461425,0.47664490956611383,24.607162333567686,16.0,1
6039,3.873488880460096,0.0,116.10789510180845,1.2054289960576283,0.9591921604105726,0.09708557810085501,0.3075369769343362,0.0,0.07567160824092482,0.5454951065995263,27.72470981491075,23.0,2
22728,5.701060861471607,1.0,104.6092021486371,0.458303754548283,1.496460907685237,0.03880600336970576,0.10640559698907252,0.0009961907158109078,0.10696278729458521,0.41143740592545724,29.19059994346977,34.0,2
45604,0.872923795046736,1.0,76.6602977581221,0.9615409198141054,0.7460343185053053,0.0756753591574628,0.04179407419342824,1.4899151900348739e-05,0.07253143383276514,0.3407568569568942,21.739050016775746,31.0,2
56502,5.270402895934253,1.0,115.81581080200797,0.641655665212604,0.7669406212233013,0.024666575841302687,0.2861332159338602,0.14743759830632788,0.08823206529773955,0.470341237512751,20.950352271988812,29.0,2
103007,0.0,1.0,43.95544833351757,0.33773735110466063,0.008716924749277592,0.030916456657733713,0.3753400103877654,0.14882298549156928,0.07523239892816581,0.08595895986566385,17.33615131181424,1.0,1
37982,4.359420279727952,0.0,128.35012764741953,1.0197912380668752,0.5309102739761682,0.023890353676344383,0.10640559698907252,0.0,0.08497450704940865,0.29337171326094935,28.542363883436966,53.0,3
37561,5.270402895934253,1.0,139.0550789949077,0.9563334199741291,0.6628713893276507,0.029907481693841425,0.33776107338884,0.013280431973232367,0.07066635954166857,0.4694400923118106,23.035184965281264,30.0,2
8756,5.270402895934253,1.0,117.53606129934387,1.0441365530273317,0.8548562783934225,0.029907481693841425,0.004962882796202298,0.1478679710128337,0.10388706186522997,0.18471915968581262,26.016030507207226,14.0,1
95861,3.3619271977508447,1.0,121.65826382985729,1.6283596013417518,1.3173907569336416,0.08867623283039489,0.25420234783544504,0.0,0.11667954399222695,0.7187045430626944,24.195282797628117,28.0,2
62166,6.117892928831929,0.0,143.2400552233384,0.11499862055439129,0.4124347299272793,0.029398196082016312,0.29139601967277307,0.14851985496221193,0.0642263303982092,0.037915527127570396,21.88196114546414,27.0,2
3696,3.3619271977508447,1.0,67.20239139457867,0.6373823175983337,0.7309728561567572,0.03134499269087866,0.18426934876289744,0.14061673185062884,0.09804963764136568,0.23227835647910366,21.200905571953758,27.0,2
76239,0.872923795046736,1.0,112.57012034618242,1.3354442055656686,1.4031006457171435,0.02770197444137078,0.015625372543004,0.0009961907158109078,0.11828452903796835,0.33335476170646205,26.854044447143846,12.0,1
21754,4.359420279727952,1.0,147.259031275187,0.915196032112578,0.4930415516733339,0.026198033914667747,0.26099785296917244,0.014176275640349664,0.07113757653068406,0.283089132646496,26.825119710434745,48.0,3
70101,5.270402895934253,0.0,68.97153166346752,0.6939649337958178,1.366059372813981,0.10888089716477334,0.13795961794494901,0.055685670262276735,0.1451817105516947,0.5089451600367382,26.944607930524786,24.0,2
16712,1.5954046671017168,1.0,84.83033138070282,1.8823565270014346,0.6007871602881386,0.11729057326740305,0.14764237027396704,0.0,0.0652563208801996,0.4586141796681728,29.091362628571094,19.0,1
33474,5.270402895934253,0.0,112.43116367611167,1.563060875323366,1.0186256893922574,0.09815004583580092,0.2053189330857846,0.0,0.07066635954166857,0.6719828838800403,21.561378466254023,24.0,2
12209,1.5954046671017168,1.0,104.59360099424424,1.7202123044997546,0.6993657939488159,0.07851550707857491,0.1796884828622201,0.0,0.1087314302634894,0.5967851052426851,26.821715404677715,52.0,3
7148,6.117892928831929,0.0,154.72453549758853,1.1388535531640749,1.1557353982549923,0.030629476337651843,0.03325079712840182,0.0009961907158109078,0.11141967447734964,0.6388782359477272,24.550754365259763,35.0,2
139677,1.5954046671017168,0.0,157.63146306212002,0.8163577776207587,0.8270912295607865,0.03134499269087866,0.30311965169622707,0.09438710991476489,0.10212019116983716,0.7005791303777831,27.36866230846379,19.0,1
142409,4.824000686513771,1.0,100.4055278050832,0.4436023788930477,1.6728123173826326,0.053799353682425805,0.0,0.1266403540043594,0.08111111514562246,0.21141456008304993,26.226273960680764,53.0,3
4553,0.0,1.0,126.11505722863124,1.0117429819484791,0.8729036385143312,0.07468068007540363,0.23160499351003486,0.0009961907158109078,0.07989911657905567,0.30735740567019904,28.595669593269015,59.0,3
19409,0.872923795046736,1.0,82.70464806650368,0.9459621033695175,0.8094399761009098,0.030629476337651843,0.22269219649736002,0.0,0.11161742520075171,0.6047015544677911,26.27875556789592,45.0,3
18579,6.117892928831929,1.0,80.17698008221632,2.113369398190098,0.776519017031305,0.09815004583580092,0.19362507690967473,0.0,0.1031396955853106,0.22849210047277335,27.29303675251742,7.0,1
72920,2.81870192439919,0.0,113.78366471403649,1.0965276954317247,0.9259172992484815,0.09277983356126722,0.0993166428042023,0.09275157909340251,0.05962517592933622,0.3693342235535494,30.980350954439484,54.0,3
89645,0.0,1.0,162.5196061550497,1.1445618616011808,0.7745995549638897,0.11826939476123788,0.314807612848614,0.0,0.10339044157515012,0.5259137815807644,28.3227799681945,14.0,1
64437,5.270402895934253,1.0,137.92105694110367,0.9615409198141054,1.481128021569572,0.08226457702046334,0.06166502125087374,0.0028192229032774794,0.09540627374586548,0.7341966756319006,20.768194843453916,55.0,3
36482,5.270402895934253,1.0,117.63834314436464,1.6916401609057337,0.6218191154126793,0.11476552077136203,0.004193532789191521,0.0,0.12051510801643173,0.6275089041868975,31.2347459307768,46.0,3
134703,2.81870192439919,1.0,67.79467580386378,0.7760517866541442,1.7493293362478723,0.059651224241981105,0.06493263849957365,0.0,0.10915962010817792,0.6519686275075127,27.93195798361389,37.0,2
83103,0.0,1.0,110.08576034052916,1.593801330922556,0.6810255875210611,0.05170941569813888,0.25865153931348445,0.0,0.0678665245991464,0.3831026140507271,29.18281284869444,11.0,1
17514,5.270402895934253,1.0,133.0298434746018,1.1246497122921346,0.35534568477806994,0.029907481693841425,0.35813985800982173,0.015065401060720823,0.07479010183432175,0.3986608665711685,24.3663301746902,70.0,4
31276,1.5954046671017168,1.0,93.95709608402052,0.5347472887120701,1.6836409726368637,0.03482762600454365,0.0,0.0009961907158109078,0.065765824499414,0.6266333978237972,30.253774108407562,59.0,3
132103,4.824000686513771,0.0,132.94442219223848,1.886141037519727,0.7938794242950211,0.09901837159570151,0.059934830629756436,0.00010495789435948806,0.06591796798118409,0.5570327996307758,22.608510634865688,22.0,2
84199,5.270402895934253,0.0,142.36467021629133,0.9050560474853104,0.6025297380460697,0.07759212050764247,0.1642345639618373,0.00021182840698592262,0.06391444984743964,0.1703513804874109,25.15926187345801,22.0,2
143787,5.701060861471607,1.0,101.21062495368395,1.4761622725906902,1.6593243330522978,0.06024956685516704,0.07694566250348112,0.025876976244122947,0.06652329787396519,0.4269085074607398,27.156679519489572,25.0,2
79378,5.270402895934253,1.0,97.53833558489315,0.2942962661319116,1.5403126485640692,0.04462693456131607,0.0006523632577044099,0.02359941253875624,0.053903394329781126,0.49461383429655437,34.00070338268358,64.0,4
49755,4.824000686513771,0.0,103.4069355841969,1.6528037535325126,0.9074185780413175,0.11473585419921435,0.24085046066065832,2.0499839454247078e-06,0.055547523366614934,0.5765029649516105,19.853669397832064,1.0,1
134656,4.359420279727952,1.0,193.90571668924767,0.9641501397610845,1.0014879181509468,0.09708557810085501,0.19744118313193104,0.0,0.07567160824092482,0.6134845293745955,27.892708871217934,21.0,2
112427,2.81870192439919,1.0,123.17859351132472,0.7390256179332092,1.236529463082332,0.060112080397729396,0.026870414285047127,0.0,0.08961697180144913,0.4378010692265794,29.307606158172277,42.0,3
57187,0.872923795046736,1.0,104.33873502015317,1.6774576631672329,0.8688796649587435,0.11005232819260728,0.25763548768408095,0.0,0.12405459357167793,0.8727232799003789,33.99391349399625,13.0,1
66398,5.270402895934253,0.0,114.26650948007187,1.6041242390834507,0.5309102739761682,0.09915929004532116,0.31180902369825003,0.12421788637162054,0.11020651288205074,0.639751861069095,25.07231931406449,17.0,1
156310,6.117892928831929,0.0,134.33531159955592,0.6015852734389804,1.2909720999978591,0.03198347162171691,0.11870244613380132,0.044857827120008374,0.10557531116723944,0.6213775183157527,29.78954058491055,4.0,1
115739,3.3619271977508447,1.0,84.39079377914635,0.8799567951318898,0.3163008607122087,0.04257727432062326,0.35469759064187173,0.14678496326864135,0.09259922813974525,0.3342806431153462,31.383762207044647,28.0,2
130422,4.824000686513771,1.0,121.61245938476297,1.1878644052004304,1.0928693631362019,0.030629476337651843,0.13296876435285718,0.0,0.11389577405950702,0.6283842755198784,25.189199582982877,23.0,2
58839,1.5954046671017168,0.0,79.74469558483935,1.7490618513824774,1.0358893422160114,0.06575768768239226,0.0978759997682047,0.0,0.1199400574388863,0.2821532349715344,27.815247021479106,6.0,1
429,0.0,0.0,138.6206109839416,1.277094229670491,0.9300494478737024,0.06931636345747896,0.1614580741411667,0.096894553979929,0.08608269509259017,0.6728515002130602,23.234198565410654,58.0,3
119209,5.270402895934253,1.0,106.30255988754926,1.6283596013417518,1.236529463082332,0.10723265730154023,0.07873191210006487,0.1458052673668145,0.08995736455673303,0.4032276391499472,26.776383918729447,22.0,2
45223,6.117892928831929,1.0,85.83148153601351,2.266422398777513,1.2039155262962848,0.08777467453951815,0.006457011899877935,1.009961030643975e-05,0.06761972143576706,0.6519686275075127,28.060528364460627,50.0,3
103167,1.5954046671017168,0.0,166.7058996483491,0.6309968373439115,1.3513725909920593,0.04843439090520536,0.12915797286804528,0.0009961907158109078,0.11979409945598393,0.4586141796681728,30.76971896047908,28.0,2
58533,0.872923795046736,1.0,92.56150509860868,2.2622012929733035,0.45611891744501903,0.1132207133723428,0.024374542771290923,0.0,0.07824336696718033,0.4784445662216481,27.81218125615023,48.0,3
61941,4.359420279727952,1.0,149.1835310250993,0.6162115293567928,1.7355427726221995,0.09239789907154937,0.00010298414635008484,0.10341642761842723,0.13865361202330673,0.23889672081580507,34.62000120668928,52.0,3
42231,0.0,1.0,129.33945831202323,0.2513820855061488,0.0368828105525538,0.042085969832141766,0.36581324459950676,0.14755211061393636,0.09804963764136568,0.05205308651571354,19.020097907487816,50.0,3
131937,4.359420279727952,0.0,131.92881283493145,1.433764130961678,1.2671692686441056,0.03414355059055638,0.2905779107542213,0.00681651852218226,0.10133787158252591,0.7333370560811653,23.29231007740163,31.0,2
8897,0.872923795046736,0.0,108.91813901120787,0.5830123021618808,0.28402374109287,0.0851415328131488,0.2684731067739852,0.0013826483254247449,0.0846000186739813,0.21046390307817353,31.44217572603541,33.0,2
151042,6.117892928831929,1.0,103.05264180765778,1.0660306262012467,1.057646406189738,0.030629476337651843,0.1912034946595629,0.14091938448110186,0.13865361202330673,0.47664490956611383,28.564070643566595,23.0,2
24358,1.5954046671017168,1.0,82.32270934659805,1.5059237685634277,0.10321384220102889,0.0461533086282955,0.37483015478170034,0.14891620743927975,0.07434469244013149,0.26433542927204406,24.69562703084282,34.0,2
6521,4.824000686513771,1.0,173.35161652633434,0.7006382405716461,1.8473386702586734,0.05680116751690537,0.0,0.14768326310243535,0.11315533132292098,0.49640736697300886,28.64640370785198,34.0,2
84825,4.359420279727952,1.0,129.9748843298426,1.1274828423974343,0.6377667747259554,0.025435779189136993,0.27469455038309665,0.12539887678696096,0.06474316603131854,0.2980382035009999,24.650312256473363,33.0,2
138397,3.3619271977508447,0.0,116.12326504611084,1.8635008037178689,0.8890765263984753,0.07851550707857491,0.006290240327327443,0.14861119938559042,0.04704475287557075,0.3101496044938338,29.799899783441244,30.0,2
63847,3.873488880460096,1.0,104.34393725516382,2.045180298001813,0.5748678265386208,0.08115311709967152,0.029803226206433615,0.0009862664132414558,0.06556245931881248,0.22375482435312113,24.333892379164798,65.0,4
70775,3.3619271977508447,1.0,117.06028319234412,1.249954663221884,0.8931390217637617,0.06737279893323408,0.06493263849957365,0.0,0.09029545927515505,0.6962553346128163,29.948556990782414,62.0,4
36223,2.234779091684268,1.0,98.68244266538855,1.5528898930012174,0.8016444925314857,0.08334048687121909,0.20577278583815367,0.13758299323655312,0.09804963764136568,0.5490477660515011,29.713416213525623,42.0,3
1627,1.5954046671017168,0.0,80.14997204277648,1.4176418973042995,0.9950936437439697,0.09785169032817521,0.020922198374690445,0.0,0.06632209626065663,0.7178426855050967,31.109265087644832,56.0,3
11856,6.117892928831929,0.0,123.69661895465411,0.9330796361672831,1.4836782886015223,0.050636785623080244,0.03683917775901111,0.0,0.1282651059706081,0.555259355923415,25.919790526085276,29.0,2
70816,6.117892928831929,0.0,128.22891021237965,1.8410205856641353,1.378354930922237,0.10224203121314437,0.1912034946595629,0.0,0.07344443758622808,0.5107338658349185,23.18856357730885,36.0,2
117473,4.359420279727952,1.0,121.84145694243071,1.1791344541649518,0.8628581206184712,0.046327188014090345,0.13233770064580988,0.0,0.053427459979327366,0.4838398383414279,29.79770627662462,51.0,3
102654,5.701060861471607,0.0,102.92234300923363,1.792859470542298,1.2482734227611447,0.06450986144918483,0.06735953760387925,0.0,0.1028873097127769,0.7126689085118315,23.338095888578366,57.0,3
22191,0.0,0.0,129.29405365506256,1.3635879022326585,1.3343314548273377,0.06253352324993962,0.014670307255570792,0.0,0.07654086052747315,0.5232380909858012,27.03157836766104,50.0,3
41540,6.117892928831929,0.0,89.20820832565119,0.4731990747180825,0.36863987357613676,0.08684389572442322,0.36721859571827453,0.1485053757043052,0.07697095147323091,0.14050664092053686,20.992404572103048,29.0,2
23161,6.117892928831929,0.0,124.08239684088666,0.894973455755926,1.4155509487585505,0.039895027311060795,0.011788166338059581,0.11744276161502963,0.07344443758622808,0.24173022192994606,32.1642584748043,32.0,2
94068,5.701060861471607,1.0,107.7590821685003,1.0660306262012467,0.7842157988769721,0.037503497957860635,0.002986602388962986,0.14824048470688458,0.07019179955184995,0.5250220325545847,27.986054965111403,15.0,1
20810,5.270402895934253,1.0,119.52317517383975,0.9641501397610845,0.195072089767301,0.029178943760520885,0.3521161806147746,0.0,0.08422295110813957,0.28776582155373864,27.19457440959083,39.0,2
8574,0.0,1.0,117.40307585864237,1.338555201025666,0.6701107889329828,0.080004802065222,0.20257379790106939,0.14626896722824653,0.09386772939038489,0.3426056156966485,27.800554801401546,15.0,1
111015,6.117892928831929,0.0,101.52927388783036,1.5059237685634277,1.3489319860322233,0.10432098682144851,0.21069722185364373,0.10069974269607121,0.13042169024990238,0.2615158354360752,28.192115459599517,15.0,1
155199,1.5954046671017168,1.0,66.79234036938288,0.6588804120467933,0.08491673980274259,0.03296644366899756,0.36581324459950676,0.14855554980531355,0.09386772939038489,0.1356735164838955,27.287601732984488,18.0,1
7561,1.5954046671017168,1.0,181.49008094581097,0.4731990747180825,1.044568472103753,0.02770197444137078,0.1892456434457902,0.10125718256430889,0.08030591854684666,0.3398322134003418,27.087025128885543,70.0,4
68215,0.872923795046736,1.0,118.62981896294191,0.7073417138831405,0.048580483322845126,0.11897528076758793,0.2946215020022468,0.0209376539589468,0.1135278727644392,0.13277101043652648,24.370243105496844,21.0,2
32301,0.872923795046736,0.0,65.48776506197677,1.635322297431103,0.5510461517347672,0.1036956043327662,0.2292169810837569,0.0,0.06365352429629562,0.639751861069095,29.816712997696182,16.0,1
158359,5.701060861471607,0.0,99.37428372504382,1.3952422166886544,0.6395479508797876,0.09915929004532116,0.043893390801080984,0.13570989269086825,0.09972625759298626,0.4495753109342876,30.00620483048905,21.0,2
29800,0.872923795046736,0.0,97.53308298651673,0.8454152376174606,0.9802422468499067,0.05606528305964056,0.26396506912166884,6.288488822006247e-05,0.12441380069370117,0.49461383429655437,19.621518598073735,36.0,2
98778,0.872923795046736,1.0,122.1059996572688,1.0770677015296135,1.0402249611304715,0.040085503505564654,0.19169008643354407,0.0,0.07113757653068406,0.470341237512751,25.603258470585125,64.0,4
107853,0.0,1.0,116.12838829620628,1.6041242390834507,0.668298156335253,0.09901837159570151,0.18776509519169676,0.0,0.07479010183432175,0.2690309433417808,26.76707533411966,54.0,3
74641,3.3619271977508447,0.0,137.8310774383774,2.0690952261837947,1.5299401608787968,0.09181366582891372,0.17289483365382932,0.0,0.07160547706998972,0.8735637266114633,26.7664197169624,13.0,1
56681,1.5954046671017168,1.0,126.94501595533929,0.4920930517323875,1.3464934343650294,0.03345331143459896,0.14465841868461957,0.0,0.11935085950785726,0.44504994222165256,24.13020796852203,29.0,2
35282,5.270402895934253,1.0,167.3138166863103,0.38670890522831725,1.738295804622485,0.0814343853848159,0.0031748554318519746,0.0,0.0666236838570972,0.39957455327271907,33.30301611807726,31.0,2
78656,2.234779091684268,0.0,110.56056751206255,1.437000860302872,1.4180472143719791,0.05591695627403682,0.2548947328680451,0.0,0.0929195560165614,0.48024360588362286,22.907788865618684,34.0,2
5262,6.117892928831929,1.0,104.70800174150193,1.7238032976844435,0.5292440246282983,0.09121551619797047,0.011788166338059581,9.006899513129656e-05,0.07389614600927014,0.5330424673029763,20.956230619218413,29.0,2
112290,5.701060861471607,1.0,76.50806587991194,1.5159190404539722,0.7030562129490128,0.11426718624503288,0.11125707260979383,5.819870600703345e-06,0.07567160824092482,0.5419401255638323,30.612678887352715,11.0,1
2877,2.81870192439919,1.0,117.77129052607238,1.4240785193695762,1.3391900932368495,0.04557037994341877,0.008880373055813805,0.0,0.0542585308030303,0.6187477473978619,26.057049625189485,60.0,3
78999,5.270402895934253,1.0,97.29141975312244,1.1021217240069057,1.0707955444139763,0.07971180677246352,0.06428203176449125,0.0,0.0443003734968351,0.5879758736035932,17.686288828204674,13.0,1
38015,2.81870192439919,1.0,152.80029373703817,0.436323991484237,1.637853941661252,0.058717534870942424,0.0009985074216367666,0.1367148843160287,0.10937167434329613,0.4990965284816648,29.51368730412317,40.0,2
150400,1.5954046671017168,1.0,132.43172916895097,1.354170443691811,1.2201729728079924,0.06616661355998277,0.06735953760387925,0.13787776303598756,0.07019179955184995,0.40779027040891674,26.630997101056025,11.0,1
12587,4.359420279727952,1.0,114.07135212328872,1.1560244956058299,0.7919429048882065,0.11200102058496486,0.2652662918471982,0.0,0.09718602680360759,0.684131723091564,28.91421459989207,25.0,2
47160,1.5954046671017168,1.0,127.38498344279616,1.4144297135629609,1.0402249611304715,0.10511329257752373,0.10570515998144205,0.0,0.10807879371529658,0.425999744827912,22.65463618565209,41.0,3
41152,0.0,1.0,122.89913669393322,1.4794525303974508,0.6938441627854506,0.06322975991368103,0.2180697686246851,2.3999779955192454e-06,0.06556245931881248,0.3647362240112409,22.01781452471916,41.0,3
148424,2.234779091684268,1.0,92.75727928859709,1.7745339005343035,0.8992472401295339,0.07790245322973517,0.26133027192518365,0.0,0.10080771222471868,0.867678271931209,26.850904325844407,59.0,3
2125,0.0,1.0,111.12788941114,0.4094558895082161,0.120514163416919,0.029907481693841425,0.3635186979644739,0.06510096349073521,0.08030591854684666,0.13373873230055272,25.598663297327366,47.0,3
56078,0.872923795046736,1.0,99.00748428911022,1.5972380637191486,0.5443052610488156,0.09984812356667594,0.11669313372009094,0.0,0.11651353817190897,0.2624558909370821,26.814382054803254,4.0,1
14590,2.234779091684268,1.0,100.5467476718674,1.382531875836705,1.3029499461191854,0.0426995572243835,0.26232341760931527,0.0,0.0878799146864748,0.6327591102779849,26.630076045319555,54.0,3
20746,4.824000686513771,1.0,101.50838325691184,1.2680121847925503,0.5869123931257155,0.04888106720670597,0.35129560712583835,0.0,0.11479565148345594,0.219012573347335,24.479215245178967,77.0,4
147411,0.0,1.0,121.15427893402452,1.3762010353347607,1.3416224885557462,0.03345331143459896,0.24711566424780276,0.0,0.11425910032408468,0.509839587862524,25.342610678758128,31.0,2
141453,2.234779091684268,1.0,118.46124979677406,1.1303197887629002,1.1308513369073827,0.06226997050178794,0.304855180705445,0.0,0.06682402732607857,0.7983220901795082,32.06899053419209,36.0,2
144050,4.824000686513771,1.0,120.02813626066953,1.7418233789384563,0.973906712521262,0.029178943760520885,0.3242375668695837,0.0,0.07567160824092482,0.7718988755203128,25.23972454897351,11.0,1
73759,2.81870192439919,0.0,103.26107094945517,0.977251050003743,0.7900082832763979,0.06366010318565381,0.2343516206207626,0.0,0.12910867417091867,0.35737047171995895,28.75543083611661,3.0,1
71385,3.3619271977508447,1.0,144.56162841636913,0.8552135014387723,0.9279824033589994,0.023107041720981665,0.18122637916738668,0.08713778001551319,0.09689431395432624,0.2709078202006909,27.65410961569048,21.0,2
101577,1.5954046671017168,1.0,124.55423373646018,1.4827469254218961,0.5342481847143612,0.10673658905851677,0.2886503818235435,0.00044225123321281674,0.08150955334797905,0.14726385588242943,24.606051692069443,29.0,2
107471,5.701060861471607,1.0,143.81162557158171,1.2409790360109807,0.8890765263984753,0.026953409443536608,0.18376520063227575,0.0,0.08422295110813957,0.34168132433451065,25.429060986693393,62.0,4
110402,4.359420279727952,1.0,78.20737219327164,1.2831687122254798,1.1017545099034765,0.03482762600454365,0.10500286109376333,0.005864813330088342,0.10718886451071041,0.4694400923118106,24.249304711144568,26.0,2
89405,0.872923795046736,0.0,67.9053014829846,1.789185585833376,0.5595130343273138,0.10200572894442908,0.1529201254059554,0.13944324308140393,0.10696278729458521,0.3490707404716398,29.339271164824098,42.0,3
7854,6.117892928831929,1.0,140.1279320470224,1.670392228724202,1.1808620069999787,0.09628957850027947,0.16312805578940295,0.06664853439726773,0.059955501299521215,0.5428290888758212,27.370341258727734,58.0,3
29409,1.5954046671017168,0.0,116.963047207102,0.8924617548512922,1.5900409064989947,0.06492934472932263,0.043893390801080984,0.0,0.10160035464617702,0.5205610680472806,29.737463478220835,32.0,2
158738,0.0,1.0,118.74217936670789,1.2409790360109807,0.9012871754952682,0.10390712915025974,0.14764237027396704,0.0,0.053248268515888486,0.5756194484892455,32.855197224607124,16.0,1
3462,5.701060861471607,0.0,110.42125220861267,1.9822113074352263,1.160285808401269,0.06969534196105091,0.2847155259014564,0.14513188790775852,0.07389614600927014,0.46312771325061475,22.019460497304564,53.0,3
118980,0.0,0.0,160.69700427624403,0.7006382405716461,0.817265915439901,0.02844379682282684,0.29803299985297993,0.0,0.08571582562284803,0.2971052741693927,24.549502948685966,47.0,3
74292,0.872923795046736,1.0,116.33841373227034,1.9165779889820305,0.5731544633651487,0.11145548955579519,0.06856541298711974,0.0,0.07207008747600625,0.19617970441626129,31.0050247332281,60.0,3
29696,3.3619271977508447,0.0,92.50858301601906,0.870016916351664,1.3513725909920593,0.07226092540897922,0.00558297915210123,0.0,0.1332915131480091,0.6117290310971855,32.156625676437564,10.0,1
143593,2.81870192439919,0.0,121.73968786148606,1.1995585970342593,1.0862263751542853,0.03530284399437761,0.13296876435285718,5.6798767511330135e-06,0.05687327673656359,0.22280677295746307,21.717762837091957,10.0,1
43534,6.117892928831929,0.0,40.41771043290848,1.313779393613908,0.35534568477806994,0.09352603656759394,0.1252878557882259,0.14794570384085043,0.07824336696718033,0.1684321059565338,26.905559094704024,15.0,1
157226,0.0,1.0,84.57308058054956,0.4165552655321328,0.1811796128063288,0.032054095044992494,0.37405960254010995,0.14854135749879283,0.07907699494507488,0.3240861578407269,25.20204216195479,39.0,2
77247,1.5954046671017168,0.0,88.654690766322,1.6492989120715298,1.020776755417497,0.11069945647795845,0.31273927947477687,3.689479884755781e-05,0.0846000186739813,0.6108510766913567,21.73799353648776,31.0,2
22620,4.359420279727952,1.0,131.37528751126155,1.338555201025666,1.020776755417497,0.07226092540897922,0.011305323735968674,0.00011694772206823469,0.057612899810003226,0.39043018103571125,28.8176944490578,43.0,3
115314,5.270402895934253,1.0,139.79372774242145,0.6610483277676394,1.5299401608787968,0.07468068007540363,0.020358832082419225,0.13918990221031644,0.1374719209323013,0.4793441631124205,27.47236725473394,41.0,3
58050,4.359420279727952,1.0,172.13197571253627,1.1189948897666122,0.9341893605956845,0.03550559855419764,0.15000270958900153,0.14703635922097283,0.06677399494927812,0.6615493185898008,28.559303650615675,14.0,1
100734,6.117892928831929,0.0,110.17868039869329,1.6388100440527043,1.257705099064472,0.028147872668643843,0.21636042191977492,0.0004342780159022778,0.10160035464617702,0.8794437592650981,27.020505777948532,11.0,1
49057,4.359420279727952,1.0,116.46133028126107,1.232038730877049,1.1308513369073827,0.0395125464150817,0.06784249099466885,1.0799554418735879e-05,0.13375726721458914,0.425999744827912,26.245016087787135,34.0,2
99462,2.234779091684268,1.0,106.12613304421323,1.0495876169697003,0.7141723179935984,0.09424935215065408,0.3448336751049843,7.939759162446107e-06,0.09747580878089683,0.461322770147165,23.181770921881864,22.0,2
9727,4.359420279727952,0.0,181.16325481240202,1.6809968297595563,0.5011931214681938,0.05170941569813888,0.15694397548208475,0.02110588240330083,0.07160547706998972,0.3472244379771469,24.28027795349152,25.0,2
37987,1.5954046671017168,0.0,60.72623839248291,0.17184815051354005,0.1100219716449971,0.04257727432062326,0.293554609982518,0.14694093514392947,0.07389614600927014,0.03186954320375656,24.80901363783653,12.0,1
147244,5.701060861471607,1.0,109.60549444235964,0.7140754272172378,0.288182827141673,0.02785087616681932,0.37077267711256123,0.0,0.10807879371529658,0.5773863402581226,21.728634634935215,3.0,1
24473,5.701060861471607,1.0,129.48070265379155,0.9957462955575801,0.4450681356611424,0.04992945244340003,0.34071913509562407,0.013729197166331633,0.07654086052747315,0.2943053803806194,26.593611138908127,55.0,3
125053,3.873488880460096,1.0,121.49030212320349,1.1646618235594426,0.5510461517347672,0.08386550447689363,0.3075369769343362,0.001984806558653298,0.08497450704940865,0.31479963689727203,23.143736162536886,16.0,1
2859,0.0,0.0,105.39922682367933,1.1588997572047788,0.8192271637225136,0.0685487630522728,0.19217553698332104,8.237406750105703e-05,0.04762187471060336,0.5080505822351178,31.939494165455148,11.0,1
82774,0.0,1.0,154.00642436155587,0.8824506569237538,0.3597615049766524,0.03414355059055638,0.2780110728216572,0.008698409363821236,0.07782218133052284,0.2530467117592156,22.721655239127497,29.0,2
137254,4.824000686513771,1.0,174.68117032528275,1.4728761491942823,1.6728123173826326,0.032896640880451446,0.2514035351565574,0.0002148235177427465,0.04914234463751893,0.7479338501661067,23.485981830150674,31.0,2
6488,4.359420279727952,1.0,89.78249703900472,1.310700409278527,0.8016444925314857,0.11285320965981253,0.15349925612982013,0.0,0.12499849218571271,0.5685462219497042,23.525645958034744,24.0,2
78254,5.270402895934253,1.0,115.71842596059032,1.1417057923154803,0.9696927940084842,0.0814343853848159,0.06655282238106731,0.0,0.11296729991626979,0.3647362240112409,25.999717547159566,37.0,2
133065,5.701060861471607,0.0,105.77315348353952,1.2649927397327414,0.3835759578380506,0.11452277064016791,0.02898112427759635,4.009385769204231e-05,0.07866163055322024,0.15689863189189093,30.993282644427605,13.0,1
30465,5.701060861471607,1.0,104.95234353986277,1.4467356640090427,1.0664045786492466,0.09661164643050027,0.079196038339907,0.0009961907158109078,0.08680895131871912,0.3008358881800992,27.420935149605047,22.0,2
25498,1.5954046671017168,1.0,105.07708246114865,1.3045544042799484,0.666487379299709,0.10698728321032973,0.21849470962927253,0.0,0.11061603839739241,0.23795182913777405,28.192495161290847,10.0,1
143955,5.701060861471607,1.0,120.22697681862604,0.544652211466266,0.3850791304369432,0.029178943760520885,0.3524425401801228,0.0,0.08892922146119757,0.35737047171995895,25.562693482288974,43.0,3
135423,2.234779091684268,1.0,108.46818004494294,1.2290664655179893,0.6130236887191868,0.04899224740895944,0.237821988557352,0.0,0.06370578415960063,0.7350561716768521,28.07220818476233,25.0,2
48561,3.873488880460096,0.0,119.98734262953705,1.1417057923154803,1.0664045786492466,0.03557306247571486,0.3619075119375166,0.14865846021898388,0.08644706391858864,0.20475571420411642,27.943165106066054,35.0,2
155827,1.5954046671017168,1.0,127.02594587876692,0.544652211466266,0.3911092445795827,0.07468068007540363,0.35936182252310406,0.0,0.07113757653068406,0.39774701348203345,33.8126896920418,34.0,2
67494,0.872923795046736,1.0,44.42562744849635,1.5461302380608775,1.0164765902676833,0.11382252188875658,0.2300164851229946,0.012377812595437692,0.11161742520075171,0.7221507233753106,27.957678865954442,6.0,1
116313,2.81870192439919,1.0,103.04743030783277,0.9984031852273931,1.2155178905375075,0.038157654766122096,0.23357115209643636,0.0,0.11949950664623125,0.7821407418654969,27.935906297149312,41.0,3
44733,6.117892928831929,0.0,98.80828333986086,0.6246407414236833,1.4734897236080668,0.06522086742444376,0.023445151604939436,0.0,0.08111111514562246,0.5169896259943355,32.61539103497956,7.0,1
25614,1.5954046671017168,1.0,164.05164319613084,1.489348138354589,0.6901723993940194,0.10881139747315668,0.011788166338059581,0.08211180117589235,0.11081886050973534,0.37759984787925627,26.414081717398957,40.0,2
130805,0.0,1.0,126.79831163540466,1.338555201025666,1.395655262877005,0.06737279893323408,0.09642761173667264,0.0,0.1323042586793445,0.5017843279773949,24.7910611452175,6.0,1
87595,3.873488880460096,0.0,138.36583213932246,1.4761622725906902,0.9053728438287705,0.04987470818470548,0.08288171875137863,0.0,0.07610775407689287,0.20189888019114546,27.924951973992968,63.0,4
21788,1.5954046671017168,1.0,112.52895055809813,0.11996830113552034,0.06494425015178365,0.03482762600454365,0.3619075119375166,0.14618395950442653,0.07523239892816581,0.0477083815054258,31.207953803270158,59.0,3
124192,3.873488880460096,0.0,123.93013663456772,1.818699770638293,1.2695403925683402,0.056507959226749484,0.32465874438882003,0.0021619579904737134,0.12356559458620506,0.6571964343496536,22.014073370498657,48.0,3
59146,0.872923795046736,1.0,101.13224671804835,1.4467356640090427,1.1648442414606313,0.07971180677246352,0.12723040671399632,0.0,0.13075335469188817,0.6571964343496536,26.62086429567998,26.0,2
39576,2.81870192439919,0.0,98.26805501269365,1.2201731395132756,0.729098628509576,0.10549248652952234,0.3163930134310159,0.009628717289747853,0.08150955334797905,0.4014014281029086,24.3604599813251,44.0,3
25945,4.824000686513771,1.0,139.85359363877342,1.6075736872862627,0.9633865604732803,0.0431865287142909,0.06248535294461734,0.0,0.12476668575403163,0.5008885459395205,23.182782679007847,56.0,3
122703,1.5954046671017168,1.0,127.93084755495448,1.4663162944046058,1.420545549682991,0.06931636345747896,0.06493263849957365,0.004905852458809698,0.09227673809299898,0.6624195015311976,27.969896993523676,1.0,1
7230,5.701060861471607,0.0,123.96059081700986,1.3888789288233903,1.4836782886015223,0.05338716901728622,0.1580808751609178,0.0,0.07479010183432175,0.8271728376179924,24.743651863929156,33.0,2
108791,3.3619271977508447,0.0,89.41565102039013,1.246958858166756,0.7574094640680615,0.0856377240318309,0.19458579580402588,0.0711013647450537,0.11964725123583841,0.4023146165258838,22.89758822226861,53.0,3
18452,5.270402895934253,1.0,122.69583824201469,0.3279063019121422,1.752093072887597,0.05276348676969412,0.0421449613639152,0.14309016173429945,0.11239606234866689,0.3277957400099712,30.007902773618714,13.0,1
100336,2.81870192439919,0.0,163.9589988288076,1.0993228154521477,1.2529852016303604,0.038157654766122096,0.1750078775205933,0.0,0.1046199903677044,0.7040358811081453,22.808420827766717,37.0,2
55232,1.5954046671017168,0.0,115.60564991627602,0.5687461083073212,0.8668705620052803,0.03345331143459896,0.1098800831673712,0.010552014101597989,0.06727271957900667,0.146299191059229,25.89941385381434,28.0,2
112223,5.270402895934253,0.0,143.50351513212178,0.5190624428324827,1.0532791897548954,0.04954523409962817,0.03325079712840182,0.12165947486732004,0.12845635323811264,0.29617216065705904,24.521682541776517,70.0,4
86158,0.872923795046736,1.0,105.72642299490664,2.150009981833069,1.0510985468541778,0.10270424619248793,0.04336991068881819,0.0,0.10080771222471868,0.5844482742465293,29.063852022879612,16.0,1
12714,0.0,1.0,105.92370944090631,1.246958858166756,0.650273779481411,0.03880600336970576,0.02129722678586382,0.14607939875372355,0.07866163055322024,0.7676263476484754,28.68394498840418,54.0,3
15037,2.81870192439919,0.0,85.72448646153742,1.7309982986371468,0.986595383828515,0.05395318518153418,0.22516613192824542,0.0,0.06830856655814778,0.3463010242500451,21.408651879629964,8.0,1
10181,2.81870192439919,0.0,85.37662080880973,1.4176418973042995,0.882997246197953,0.09858915255184081,0.3390651291819761,0.0,0.09227673809299898,0.5044707688151407,26.601117526240838,64.0,4
10437,6.117892928831929,0.0,115.75430594983773,1.6598262815654952,1.103980770181698,0.050636785623080244,0.1488254969080726,0.0,0.10212019116983716,0.6240060675375,26.05918622652476,80.0,4
151455,6.117892928831929,1.0,101.4666001523546,1.8075989478811065,1.3709714197337277,0.08707938669215522,0.012559232969426147,0.004375308583343803,0.09540627374586548,0.51341580185349,19.930705051695227,27.0,2
61686,3.873488880460096,1.0,113.80421726204293,0.5995087379969654,1.752093072887597,0.06492934472932263,0.0,0.1413336012658936,0.09417957066797655,0.51341580185349,31.086305443833094,17.0,1
44782,5.701060861471607,0.0,149.94936944393262,1.13316055416276,1.3758917009694793,0.04673112473458526,0.010821767172170031,0.14567081143587732,0.11600931508282333,0.33335476170646205,29.14014400613038,24.0,2
123535,1.5954046671017168,0.0,144.37790457411583,0.9459621033695175,0.189997298660205,0.03482762600454365,0.37197035660800803,0.13799351352922265,0.07019179955184995,0.114342181214064,29.14880490642441,53.0,3
125459,5.270402895934253,1.0,108.8664331254222,1.6951965578252368,1.0773968561658953,0.030269292847822718,0.21420196030178915,0.00045520667240981196,0.05744283478429998,0.5667764960218026,26.235180928861585,46.0,3
98975,1.5954046671017168,1.0,166.98314919981576,0.3593902352338047,0.11583499524062144,0.036177528458350545,0.3635186979644739,0.07921649421235842,0.08111111514562246,0.08116046522221033,22.437706026167092,1.0,1
15321,0.872923795046736,1.0,116.15400406172432,1.2439669833584739,1.7026730866736057,0.0711798012622476,0.029711987457928867,1.0599570768579249e-05,0.10413295990069908,0.7152563614657733,30.998264509392172,32.0,2
92570,1.5954046671017168,1.0,184.2215547290396,0.49399933792676487,0.6235837141668364,0.030629476337651843,0.04476386769526602,0.14769389526576468,0.11684452751132064,0.24739195922341117,23.714042826722196,67.0,4
12813,0.872923795046736,1.0,25.331857372883967,0.3197916190244143,0.811393604128813,0.03414355059055638,0.29568023772375085,0.14798361083700573,0.10533879505897356,0.4919223952704212,32.580559112117136,42.0,3
28615,1.5954046671017168,0.0,113.11027460348953,0.7459014238100226,0.593835151024814,0.03880600336970576,0.3467462059806955,0.12565298513121476,0.07907699494507488,0.379434781026071,24.701997069569412,56.0,3
63182,0.872923795046736,1.0,91.56054387141185,1.7382106712178036,0.6025297380460697,0.1130192548806852,0.21157937986456504,1.5699058386571558e-05,0.06622128016933822,0.5791526678427404,28.9474163681966,47.0,3
65408,1.5954046671017168,1.0,125.52247454080886,0.6099237123615296,0.018451835279900984,0.03441791698119191,0.37144007979037114,0.0003694775631435619,0.07389614600927014,0.11239761144098635,24.483673170610647,56.0,3
44973,2.81870192439919,0.0,44.255268866416785,0.434511896914128,1.6647131528044516,0.04090505509611655,0.0011579920132691814,0.14846866504801617,0.1332915131480091,0.6606790044748683,32.25598596221871,20.0,1
153915,3.3619271977508447,1.0,118.3641792542119,1.0144220302914997,0.3378377290312707,0.036177528458350545,0.3605683341804634,0.1480116311050532,0.09417957066797655,0.6780604729547725,25.965464450410757,37.0,2
30866,2.234779091684268,1.0,49.30456673142447,0.8799567951318898,0.8290620173475927,0.10739334615536911,0.2370566471492302,0.0,0.1176543571357466,0.8330961411733153,29.359711625809798,25.0,2
154635,0.872923795046736,1.0,161.52804650063752,1.0144220302914997,1.1376138905461024,0.0851415328131488,0.027789847142669463,0.005864813330088342,0.09386772939038489,0.4990965284816648,32.67662857005855,22.0,2
63160,0.872923795046736,1.0,113.85559630985999,2.3691553732353574,1.1992887046249214,0.07821024105866159,0.00012197775852911817,0.026758848443563087,0.07697095147323091,0.3324287028011156,28.55880183026548,5.0,1
76010,0.0,1.0,133.67276368382022,0.39889551584562244,0.650273779481411,0.028812200552599924,0.2791991299722246,0.14213877062417382,0.07434469244013149,0.146299191059229,19.817083867846893,31.0,2
113484,3.873488880460096,1.0,151.45964106250628,0.6807085260360416,1.366059372813981,0.03345331143459896,0.049079250964874775,0.14814663838183756,0.1299964056903021,0.3342806431153462,26.569106579890736,1.0,1
18478,5.701060861471607,1.0,123.09222564839581,1.0826088263724851,0.7669406212233013,0.07664561864626834,0.27005216575859037,0.0,0.07389614600927014,0.7547906905198852,30.94010851675825,19.0,1
93333,3.873488880460096,1.0,100.57289638912395,1.7855160893099271,1.2459205763017733,0.05747943529414456,0.07935057743909288,0.0,0.09355379050258464,0.7761684083032372,23.628533606088855,34.0,2
105588,4.824000686513771,0.0,88.0633728669087,1.5259518253987494,0.28679477094481415,0.040590962981325904,0.3310005172617356,0.14848343783585247,0.09386772939038489,0.5472717260619129,20.171422687524295,14.0,1
116658,0.872923795046736,1.0,107.5519206203876,0.7972654942346424,0.7555088942782333,0.11458463290479251,0.1410276701496655,0.0,0.09630503739313614,0.4865354007105218,25.502170483029037,28.0,2
6090,0.872923795046736,1.0,171.19220074121932,1.2619772416422685,1.0186256893922574,0.08029540932132537,0.19601848270027006,0.0009961907158109078,0.13710141442161908,0.326868612631449,27.027019440092282,56.0,3
2421,0.0,1.0,107.88335177013695,1.3984299557000819,0.8729036385143312,0.047871617065426426,0.24085046066065832,0.0,0.07739805058592603,0.49820029281298683,27.918709246112694,45.0,3
66337,4.824000686513771,0.0,144.4325286742134,0.37466554269853625,1.3981349919391537,0.07007114572550133,0.13296876435285718,0.0,0.08644706391858864,0.24644882252897388,33.47500110844095,62.0,4
42402,3.3619271977508447,0.0,90.11725675286908,0.7854455645604872,1.1946699466487898,0.08280689613768356,0.029620722255763815,0.12367263895685356,0.11979409945598393,0.539272361790861,28.845739166076154,2.0,1
12177,4.824000686513771,1.0,110.33352227256897,1.6598262815654952,1.1923635900503382,0.03386819800867214,0.1750078775205933,0.0604793940582636,0.13375726721458914,0.2426743316518963,23.618115729353057,12.0,1
10571,0.0,1.0,139.1149903422703,0.9693795334875999,0.9115158496685433,0.029178943760520885,0.007905355412165744,0.08005785534492274,0.05940416375632923,0.5285881430572061,30.165887521461833,14.0,1
130609,0.0,0.0,94.79619435620069,1.3076254137645986,1.1831582989482943,0.07296675335244636,0.23972090973170235,0.0,0.07434469244013149,0.8263261932576995,35.27994492352396,17.0,1
25933,0.872923795046736,1.0,123.98089301032547,1.354170443691811,0.7555088942782333,0.04040183679378418,0.32858651853078835,4.239313292677753e-05,0.07697095147323091,0.4014014281029086,31.124998744870055,1.0,1
36280,6.117892928831929,0.0,115.42620103573921,1.5698625629767227,1.2295073977449773,0.08889717616409516,0.04126698976593212,0.043719125023246166,0.05658694707312501,0.7273162537818824,25.05147754742034,26.0,2
96193,4.824000686513771,1.0,155.4225141503182,1.0909488099104507,1.3416224885557462,0.032054095044992494,0.0,0.14083400409828686,0.10186112363500793,0.5720839688793614,28.480318244991565,15.0,1
54173,0.872923795046736,1.0,118.54298458478658,1.5562760176399235,0.6993657939488159,0.09239789907154937,0.016577632105374596,0.0,0.07654086052747315,0.24173022192994606,25.41303653930203,13.0,1
16070,2.81870192439919,0.0,128.60766030201998,0.8139590618663869,0.7234872037486205,0.03455473157697528,0.24711566424780276,0.012558881304517515,0.1299098908721293,0.1942716743024051,25.959306343873248,19.0,1
6588,6.117892928831929,0.0,98.5828025444995,1.4926549618789116,1.0729939993093416,0.03421223449066382,0.022326295988844936,0.0,0.07479010183432175,0.2727839400024509,23.90426603170064,33.0,2
90019,6.117892928831929,0.0,91.0143895521816,1.789185585833376,1.0510985468541778,0.08731300249953422,0.038972458256688124,0.0,0.060174925966771875,0.351838884233596,23.190442160054218,13.0,1
40722,2.234779091684268,0.0,130.5746006686981,1.5360221992945484,0.6938441627854506,0.080004802065222,0.24271691165998005,0.0,0.06932908154789773,0.5835660242459407,19.526815309394873,61.0,4
5251,1.5954046671017168,1.0,85.72983666723988,2.1459202330581157,0.6395479508797876,0.11276851657666974,0.055941604706593616,0.0,0.07066635954166857,0.4105258689230816,28.188191671028967,50.0,3
48468,5.701060861471607,0.0,117.40307585864237,1.8298402910541283,0.8231553808396798,0.10539871697488398,0.0,0.007761030056575878,0.10510074374136276,0.5870941836445066,29.065835364565583,19.0,1
27240,6.117892928831929,1.0,108.26638771641286,1.6916401609057337,0.9508267515704789,0.032896640880451446,0.1580808751609178,0.0,0.07948948280021469,0.6406253525679155,27.02311137109203,32.0,2
67294,0.0,1.0,148.52099690381297,0.38325336735090565,0.9445731428547706,0.03880600336970576,0.002986602388962986,0.057430635859968215,0.09833371298734968,0.4694400923118106,28.929264321679973,11.0,1
149536,0.0,0.0,137.94604975464816,0.4564555043992068,0.4656601541525873,0.030629476337651843,0.36220253218566517,0.14808467352381494,0.0692325431781873,0.1894979991654187,23.70165690478439,44.0,3
44499,6.117892928831929,0.0,108.9698413881336,0.7854455645604872,1.8587079012801966,0.07941640169894552,4.869645558889222e-05,0.14837748463692157,0.100270542490563,0.08908965544124542,29.798315595163924,6.0,1
142228,5.701060861471607,0.0,79.49057283840753,2.166415532745215,0.973906712521262,0.10665182007938102,0.02788164357439433,0.0,0.07389614600927014,0.7470761963978335,23.914033410185127,16.0,1
19017,6.117892928831929,0.0,101.8060168416477,1.532661226759913,0.9217929097588613,0.05776762020712451,0.32059631992253895,0.0,0.11717145598614156,0.555259355923415,30.120063870790425,2.0,1
144834,5.270402895934253,1.0,112.5443894810155,0.7299054380798758,0.3880907013868155,0.037503497957860635,0.35195260131748,0.12627545705346438,0.09417957066797655,0.5888574238226963,25.67387267359572,14.0,1
159552,5.270402895934253,0.0,107.14779137495086,1.2142637860645362,1.1511930062111049,0.10665182007938102,0.09055548875425853,0.0,0.06370578415960063,0.35737047171995895,27.047074807007682,25.0,2
49119,1.5954046671017168,1.0,62.53179919281366,1.7309982986371468,0.903329043187519,0.10064118982096132,0.09350737751597628,0.0,0.06561335504490168,0.5196684304319891,28.571345532602543,37.0,2
99505,6.117892928831929,0.0,88.9474776109968,1.246958858166756,0.3049719219434852,0.11160832397974157,0.23858402162324605,4.32928383244682e-05,0.06840641496750414,0.6936595288584673,32.39301176750881,1.0,1
49986,0.872923795046736,1.0,72.49073674042012,1.1878644052004304,0.7178926528129836,0.10867092527459508,0.05836061652265536,0.0,0.09660065570186806,0.3940899342910126,26.92685136662877,28.0,2
3781,4.824000686513771,1.0,65.59893550299061,1.5427567021324977,1.4684079384441668,0.09708557810085501,0.1220165471564242,0.0,0.11532226495594795,0.7169807027788505,24.261781314369014,50.0,3
24377,5.270402895934253,0.0,143.62279492554103,1.8447562024754598,0.9487402689416761,0.06257731742288392,0.19169008643354407,0.00011195209410341938,0.10510074374136276,0.5490477660515011,22.456907930230237,52.0,3
16139,4.359420279727952,1.0,98.16835496363677,0.8874490702428841,1.6218401523063755,0.07226092540897922,0.0,0.09208208189304465,0.07253143383276514,0.6510968640924567,26.362313309115063,27.0,2
13390,0.0,1.0,133.25592073206604,1.1133552989984767,1.395655262877005,0.03880600336970576,0.013712425199831665,0.0,0.08571582562284803,0.5605779646133879,28.391737047786968,63.0,4
80671,0.872923795046736,0.0,67.7172225693656,1.7202123044997546,0.8931390217637617,0.080004802065222,0.19838414786356615,0.0,0.09689431395432624,0.37851739929939954,26.69699355805301,7.0,1
38278,4.824000686513771,1.0,78.81956456599012,1.0743027900555246,1.3758917009694793,0.0856377240318309,0.25763548768408095,0.0,0.05186136939192016,0.8127642241578598,29.388262715924412,45.0,3
10559,3.873488880460096,0.0,121.46485048157923,0.5995087379969654,0.6883393129818888,0.04245477455583468,0.051894016673403286,0.0008869817116441428,0.07479010183432175,0.14822830413968097,21.87564957581486,71.0,4
35437,0.872923795046736,1.0,77.38824237565044,0.7095829213622472,0.9279824033589994,0.07941640169894552,0.015625372543004,0.0,0.12037265058829381,0.18567534203771005,26.090420434824527,50.0,3
43841,1.5954046671017168,0.0,101.17927470023646,1.104924423867234,0.2001732032125568,0.04071676728200563,0.3542186659772389,0.015947865155063325,0.11389577405950702,0.4595172001147029,24.869572918506023,44.0,3
92650,5.270402895934253,1.0,121.00149704097291,2.0372453139730755,0.8688796649587435,0.1136042213312547,0.04589178258003029,0.0,0.04895374704181113,0.6117290310971855,19.790740106226345,10.0,1
113351,5.701060861471607,1.0,98.01615331737551,0.44725961555888705,1.4836782886015223,0.0588116288426824,0.0008349566156870441,0.11124613778859534,0.08716837634649345,0.14147261013649215,21.391721931321563,11.0,1
64987,5.701060861471607,1.0,128.6732940662898,0.9433783587917097,1.0510985468541778,0.05937280274030666,0.04615147779376545,0.0,0.06717325841193995,0.3315024662333718,27.799915889095058,9.0,1
56731,0.872923795046736,1.0,132.39150594056053,1.5293044363985917,1.2529852016303604,0.049047764439865124,0.237821988557352,0.0,0.04958079604023858,0.7161185947953245,24.16564136010938,21.0,2
128028,4.359420279727952,1.0,186.63136128024632,0.8043990271576443,1.1106714973128837,0.030629476337651843,0.012751715278126845,0.0,0.14354665478631562,0.28121715024146815,27.880850271032152,40.0,2
121975,4.359420279727952,1.0,141.0102816646337,1.6598262815654952,1.3709714197337277,0.08334048687121909,0.11398938173084487,0.0,0.07207008747600625,0.643245026323755,27.905456218036544,47.0,3
148883,3.3619271977508447,0.0,117.84286868343592,1.6041242390834507,0.9612883852905215,0.08612600426799331,0.21376733495324746,0.0,0.07654086052747315,0.46763733513873956,28.819190638129403,24.0,2
75354,0.0,0.0,89.71339749347274,1.818699770638293,0.8349858419672646,0.11341562392299441,0.02898112427759635,0.0,0.07523239892816581,0.1732287102697829,27.21493453974184,19.0,1
81299,0.0,0.0,118.79324724803953,0.8405372437315713,1.1376138905461024,0.03684347528477961,0.04476386769526602,0.0,0.10160035464617702,0.24927765074655053,28.14006328257363,23.0,2
110723,4.824000686513771,0.0,87.11928606516571,1.2801294904916005,0.5143288414977084,0.06657208594270177,0.30311965169622707,0.0,0.08858182813778119,0.33798239709523725,24.937324969048912,18.0,1
4581,0.872923795046736,1.0,71.30028624066391,1.2649927397327414,0.9844757146265559,0.08307477277729898,0.0034421896519724205,0.11709011191129547,0.14275967910907167,0.3693342235535494,23.216875946336547,11.0,1
68174,4.359420279727952,0.0,104.23468253331718,1.6318388174675127,0.28402374109287,0.05776762020712451,0.045631865334373974,0.1467704075936858,0.09718602680360759,0.20570758564253153,23.72386303882053,6.0,1
56421,1.5954046671017168,0.0,115.80556031784285,0.8675408250285294,1.5221827970798172,0.05223874875548161,0.002986602388962986,0.14327763949295524,0.12777722757972032,0.16170797203546602,28.700827615565036,26.0,2
27404,6.117892928831929,0.0,139.6390571679755,0.8284037357211327,1.3440569354023117,0.044982288551343556,0.10359265120566807,0.0,0.07523239892816581,0.36381610868103414,28.243975708298038,66.0,4
134461,2.234779091684268,1.0,155.57482994267792,0.4237021425873922,0.0672481848728948,0.034691301089441025,0.3735420189563072,0.14806663858333122,0.06254737241429921,0.1770622063486073,25.059705963890174,34.0,2
73488,0.872923795046736,1.0,106.15208079568879,1.3045544042799484,0.6271184303094184,0.11622178905275528,0.21934173687650124,0.0,0.1135278727644392,0.3693342235535494,25.980186336522394,16.0,1
134323,0.872923795046736,1.0,53.27563454768284,2.1787686595395814,1.0840160182295047,0.07759212050764247,0.2463903411380815,0.0,0.09510266620308695,0.7135315184130544,26.234117518333434,13.0,1
47335,0.0,0.0,104.25029135222204,1.7202123044997546,1.288582650538607,0.11537254932925099,0.08906753062547003,0.0,0.13880891039221258,0.5579193060105864,29.279987984592612,44.0,3
13585,0.0,1.0,95.48146223020169,1.2559580752183774,0.5527359021169996,0.11081194339916868,0.20025699425502924,0.0,0.08150955334797905,0.2821532349715344,26.386948324528028,13.0,1
128782,4.824000686513771,0.0,120.1301116609262,0.9719997127794917,1.3053516392490825,0.1116585814136889,0.29906579540725825,0.0,0.12556619701215935,0.643245026323755,25.954620163248876,21.0,2
128117,2.234779091684268,1.0,125.52754104467913,1.2201731395132756,1.6138618224161947,0.03345331143459896,0.014670307255570792,0.0,0.14592670863568027,0.5888574238226963,26.550520294583464,47.0,3
67859,5.270402895934253,0.0,109.80693282694114,1.3667351240154904,1.5611583427172575,0.054817363853910714,0.1252878557882259,0.13988311293636624,0.07523239892816581,0.22565033036371449,29.181082190188455,48.0,3
80931,5.701060861471607,0.0,87.96209961241188,1.7202123044997546,0.668298156335253,0.11011320908121598,0.23317963820531065,0.0,0.11700849582798221,0.3693342235535494,28.04528882851539,11.0,1
54852,3.3619271977508447,0.0,121.89233692055757,1.5562760176399235,0.48655249206632356,0.05390195258396368,0.2791991299722246,0.14762942407511653,0.07989911657905567,0.6029433102477434,23.763258614292322,15.0,1
98513,4.359420279727952,1.0,102.81808700024123,1.0743027900555246,0.9012871754952682,0.03455473157697528,0.2671982360325522,0.00014192299975651447,0.09227673809299898,0.20951304419171235,29.31204313261477,26.0,2
126196,3.3619271977508447,1.0,128.1834494446904,1.684540299697343,1.095087666887929,0.1035886709897732,0.12267420854969888,0.0009961907158109078,0.05940416375632923,0.601184514321482,26.095356851077437,43.0,3
46715,0.872923795046736,1.0,72.0631552436115,1.0881650388686348,0.47366004718920107,0.07331527306353508,0.2905779107542213,0.13787776303598756,0.08422295110813957,0.36657593878089856,26.237839327017767,19.0,1
107712,5.270402895934253,1.0,88.5428630598737,1.3168623695632067,0.9383370423726153,0.04183900787932587,0.16033788778722907,0.0,0.07253143383276514,0.470341237512751,26.6267863836156,54.0,3
114101,4.359420279727952,1.0,90.0481938971889,1.3045544042799484,0.5426245627788366,0.058717534870942424,0.2382034174387412,0.0,0.08229821707572699,0.5835660242459407,21.934810145270458,68.0,4
58259,3.3619271977508447,1.0,104.79119106664992,1.573269725078865,0.09327562802106627,0.03482762600454365,0.3752128331966564,0.148710890826415,0.07479010183432175,0.5596918883888553,21.252586572995213,29.0,2
74436,2.81870192439919,0.0,109.0473883790544,1.0965276954317247,0.8528606142967284,0.1131809531893536,0.23041492083456172,0.00681651852218226,0.07113757653068406,0.5747357907610485,24.740608936350043,23.0,2
15802,1.5954046671017168,1.0,132.07468679526917,1.249954663221884,1.4031006457171435,0.044982288551343556,0.011401949328277764,0.1472438889403441,0.11389577405950702,0.5285881430572061,23.911627204873838,4.0,1
39896,4.359420279727952,1.0,121.40885418301876,1.7166256457400175,0.8992472401295339,0.10894991098191154,0.24159944956993276,0.0,0.039742232546621695,0.6353823972414456,32.19535503917408,66.0,4
92357,4.824000686513771,1.0,68.81699144991074,0.7830919477975231,0.7919429048882065,0.0856377240318309,0.1153448023958126,0.011468359494094787,0.1192013035939258,0.3509163440956271,26.904644445798276,32.0,2
57685,3.873488880460096,0.0,107.5415610465063,0.7690426018513223,0.7612162633794276,0.026198033914667747,0.29541631388901735,0.0,0.1314728113806297,0.5276968367130614,25.498105047324188,46.0,3
18563,0.0,1.0,84.09043424548771,1.347912282370425,0.6701107889329828,0.10411557344988047,0.3046086394461067,0.12565298513121476,0.07697095147323091,0.5508232274881332,28.215903358325424,28.0,2
12185,5.270402895934253,0.0,56.80836101459968,1.698757269387999,0.7272262776524988,0.05728648091811103,0.09715277734440843,0.14785807081408228,0.08422295110813957,0.5888574238226963,24.610494054485272,11.0,1
139735,1.5954046671017168,1.0,139.06506447626987,1.4273029632982537,0.5955704093858848,0.08199009495769913,0.010821767172170031,0.13758299323655312,0.11566792219410234,0.5437179067418695,20.73207128533652,31.0,2
51521,6.117892928831929,0.0,117.22913929265111,1.2260981136938247,1.3173907569336416,0.11135185545816513,0.05518685242325488,0.0,0.0607750943259681,0.591501237117933,23.658342998239473,24.0,2
34833,5.701060861471607,0.0,112.65245346391436,1.9434457150353295,1.1900592475800453,0.10188625402023829,0.11936872550991845,0.0,0.10263327184459343,0.6371305844385486,23.925071549963025,45.0,3
5377,4.359420279727952,1.0,122.50266004664076,1.9013237270942018,1.3029499461191854,0.0756753591574628,0.10500286109376333,1.7599881663821054e-06,0.09972625759298626,0.4105258689230816,22.2369006224894,45.0,3
83313,4.824000686513771,1.0,121.02696260611579,1.1675486338704655,0.8369642726908375,0.07821024105866159,0.1832598522183656,0.0,0.05896022144259537,0.551710741535826,32.85269002352255,30.0,2
118285,6.117892928831929,0.0,140.033169305289,1.0853850452792237,1.458269339562285,0.059651224241981105,0.02129722678586382,0.0,0.10673525114395638,0.529479302078413,29.06137271562099,47.0,3
137772,4.359420279727952,1.0,130.42848772436503,0.8187599816799841,0.7197556293230039,0.030629476337651843,0.232394038701296,0.1370323600818471,0.07160547706998972,0.666768452000647,25.19015609820832,32.0,2
52126,2.234779091684268,0.0,128.00158327693705,1.6668659552267933,1.0078998505255499,0.09495055493920068,0.15637341109399755,0.0,0.06727271957900667,0.5241301357294121,22.25532751095041,52.0,3
1688,6.117892928831929,1.0,135.11771995674337,0.1993098882802688,0.1100219716449971,0.04843439090520536,0.2343516206207626,0.1485484678378855,0.07160547706998972,0.3110799737441455,23.722724604192507,39.0,2
26971,0.0,1.0,120.06382906048295,1.7346023120600809,1.0598329809424267,0.045687377085124485,0.027973413346776416,0.14845377296858217,0.090631273449164,0.6073378881905973,26.504081816852516,26.0,2
25151,4.824000686513771,0.0,124.16866575238232,1.0632807525460788,1.3077553750603137,0.036177528458350545,0.16089867049836257,0.1482488086305023,0.08307607176161669,0.5906201054722333,23.94232943645234,35.0,2
23219,3.873488880460096,0.0,154.92611082416227,0.38497967590839305,0.2743784292767496,0.02770197444137078,0.3602681406755159,0.07706208435339319,0.09259922813974525,0.07527710803127369,21.834143086522836,56.0,3
78191,0.872923795046736,1.0,110.80301949515334,1.9588977384166186,0.4930415516733339,0.10115040624203152,0.05248771370758104,0.0023290446010666844,0.07567160824092482,0.48114289466383386,28.933740891873104,10.0,1
21823,0.872923795046736,1.0,143.8861542008813,1.3667351240154904,1.262433119818314,0.06816008079340606,0.17022461334284544,0.0,0.07207008747600625,0.3656561673256651,27.05905110492393,42.0,3
101071,2.234779091684268,0.0,116.28719302101116,1.5159190404539722,1.0358893422160114,0.05586742831684419,0.07694566250348112,0.0,0.0682595902191365,0.388599298650405,26.501045558598065,26.0,2
16615,0.872923795046736,0.0,51.22646686241631,1.3604447167824396,1.8275257219533083,0.06697413709052649,0.006025194680008859,0.07836356462879837,0.07160547706998972,0.58621235383743,33.7553395908679,21.0,2
148740,0.0,1.0,112.96626960742334,1.313779393613908,1.0664045786492466,0.04730387785758131,0.1440571078191837,0.0,0.08111111514562246,0.8525191769204221,30.031909497972634,33.0,2
3485,3.873488880460096,0.0,103.0786987420075,1.249954663221884,1.1489248154734721,0.10337243046019386,0.08066074544653497,0.0,0.09417957066797655,0.5410510166898501,27.810520537019322,14.0,1
2971,1.5954046671017168,1.0,108.78886771298066,0.4675905146382711,0.9404137982053083,0.1129367836452434,0.21764387222561646,0.0,0.12757809509702486,0.372090967206333,19.034120029453717,27.0,2
41427,2.81870192439919,1.0,109.03704923588323,1.1218203956730715,1.486230640455675,0.041962598355487504,0.21376733495324746,0.0009961907158109078,0.12107639339864908,0.8068215443635162,30.288976191401353,36.0,2
60564,4.359420279727952,1.0,171.31334724087517,0.977251050003743,1.3808202212133387,0.04899224740895944,0.1832598522183656,0.13652029537356714,0.13131606348807848,0.7393518023357826,30.423017869986936,32.0,2
87330,5.270402895934253,0.0,106.13651225359807,1.3952422166886544,1.1308513369073827,0.09460267036318325,0.32059631992253895,0.0,0.1192013035939258,0.5605779646133879,22.181260467045462,20.0,1
141369,4.359420279727952,0.0,154.25732586110203,1.7818509781400034,0.4063067360061781,0.11717617817954636,0.02456009599912757,0.0,0.05143462821197626,0.6589379823386252,30.997434236718508,8.0,1
79754,5.270402895934253,0.0,162.5196061550497,0.641655665212604,0.7086058516452183,0.032756846992377936,0.3315961599830793,0.0,0.12717284007352847,0.3027000936330375,28.454417672743674,29.0,2
154816,1.5954046671017168,1.0,151.23767818303762,0.9798822134503042,0.6377667747259554,0.032756846992377936,0.1153448023958126,0.06964799176973854,0.09029545927515505,0.5809184321198676,22.15578944668371,46.0,3
127661,6.117892928831929,1.0,110.72049117406219,1.3416702104497014,0.9445731428547706,0.04276061748620796,0.17129658598427597,0.0,0.06479464666176499,0.4359872512326654,19.524220840447175,11.0,1
102498,2.81870192439919,1.0,96.56591452959172,1.2984243322312379,0.3077939213433398,0.032756846992377936,0.36735793741944806,0.0,0.07948948280021469,0.7316174461161188,26.134692094391184,40.0,2
2620,4.359420279727952,1.0,171.72999739121272,0.9126556457501946,0.6592628138396347,0.027478115992428973,0.228815907594239,0.04748249027192083,0.046463798328716804,0.1866313169426985,25.019506479825203,40.0,2
72641,3.873488880460096,0.0,132.92934703234826,1.7781902494919293,1.378354930922237,0.09724115111165019,0.011111986864713333,0.0,0.05222541553625711,0.7324773129381172,28.55980546494258,27.0,2
97658,4.824000686513771,1.0,120.52260143391435,0.9330796361672831,1.5247664907417113,0.042332057504160955,0.004381103098323658,1.1999944988780516e-06,0.05419944900036305,0.723011956415217,30.345217211025698,46.0,3
151942,6.117892928831929,1.0,119.91594899876343,1.3952422166886544,0.7593119202228912,0.032054095044992494,0.26232341760931527,0.0,0.0692325431781873,0.6187477473978619,23.565836792160418,59.0,3
146275,5.270402895934253,1.0,157.75895506197958,1.0251752790418884,1.6620176809780942,0.032054095044992494,0.007905355412165744,0.1478679710128337,0.09747580878089683,0.1385740475400913,26.325729252986175,15.0,1
109316,0.0,1.0,103.74543668916901,0.9615409198141054,0.41090010214946837,0.046095246648766026,0.3503020202802957,0.0,0.1028873097127769,0.31851640614259263,20.4828862900627,59.0,3
33704,2.81870192439919,0.0,129.8438011682955,1.1791344541649518,1.224836140286072,0.041962598355487504,0.08073762434352733,0.11761748361776994,0.10263327184459343,0.7479338501661067,30.604543165855212,15.0,1
21102,4.359420279727952,1.0,113.55755161486384,1.684540299697343,1.03805616547117,0.03012476416116336,0.12658456236904403,0.1440029101497214,0.12037265058829381,0.8440817409401928,24.61493587415958,28.0,2
19779,1.5954046671017168,0.0,83.65034586334043,0.4527680845221138,0.11466919863657576,0.032124654964770724,0.37508546512046803,0.1485905385235853,0.0440345432350501,0.036925012187081725,21.71957505699753,40.0,2
96902,2.81870192439919,0.0,116.28719302101116,1.068784255159413,1.1625640217662516,0.03331451855029561,0.015243683732244764,0.0,0.052285935053547644,0.388599298650405,27.01086359537276,48.0,3
124,6.117892928831929,0.0,92.22272903039169,1.2113149601562354,0.07154523887308223,0.10064118982096132,0.3613146724313329,0.14633561656093394,0.07389614600927014,0.2971052741693927,22.122394095111552,53.0,3
16905,4.359420279727952,1.0,67.80573952519,0.4731990747180825,1.7631694513334089,0.05581785744347516,0.0,0.09596965385219867,0.09510266620308695,0.48294101076463797,31.85238036617593,33.0,2
447,5.701060861471607,1.0,98.66146699224207,0.6741252782109894,1.7493293362478723,0.06616661355998277,0.004962882796202298,0.0,0.11828452903796835,0.3463010242500451,29.7585701526699,61.0,4
91276,4.359420279727952,1.0,114.94918556979951,1.1445618616011808,1.393177598252768,0.04736087659945684,0.26815536298715575,0.0,0.07907699494507488,0.4059657136933484,21.707491673472752,30.0,2
13683,2.81870192439919,0.0,90.32971052838502,0.5249208133713501,1.1671264680853237,0.07296675335244636,0.23474058021231803,0.001984806558653298,0.07298954199416931,0.4423328122524797,32.06713649616604,53.0,3
22638,5.270402895934253,0.0,97.90591726355956,2.0096167646815903,0.3436461415696114,0.11861382984969251,0.10570515998144205,0.0,0.052888708348168764,0.7376339196406687,19.355574251813582,7.0,1
154603,1.5954046671017168,1.0,137.3660491016223,0.9407982425356697,0.6095183704904821,0.02770197444137078,0.3379483210404142,0.015947865155063325,0.06727271957900667,0.6292595119241615,28.94493024650384,5.0,1
17580,3.3619271977508447,1.0,113.53699268710379,1.456507450130662,0.9217929097588613,0.04843439090520536,0.3089768159015057,0.0,0.08716837634649345,0.8861571884716617,29.36020404690162,64.0,4
92729,0.0,0.0,82.36575729758931,0.45461028195060604,0.18369075490158024,0.03482762600454365,0.3752128331966564,0.14829804560960919,0.07066635954166857,0.24927765074655053,22.57056384627395,28.0,2
25477,4.359420279727952,0.0,97.18632205530025,0.9798822134503042,0.7574094640680615,0.09901837159570151,0.12658456236904403,0.0,0.09747580878089683,0.2840248434483561,27.68743897991201,29.0,2
6797,6.117892928831929,1.0,108.98018144264249,1.0853850452792237,1.4734897236080668,0.032616801606282324,0.005612478590052018,9.7796346085352e-06,0.06479464666176499,0.6737199866144137,22.902688926505633,57.0,3
99389,5.270402895934253,1.0,96.55539425202777,1.8112948160060567,0.3911092445795827,0.09677083598355257,0.3136627406670611,0.0001658947792060326,0.07344443758622808,0.23511597741337825,20.642046414568117,46.0,3
82948,5.701060861471607,0.0,72.99460319692666,2.2077563009621057,0.23265440637180526,0.10304203740104016,0.10500286109376333,0.07662227615159621,0.07739805058592603,0.03850971783140395,27.279188938984667,26.0,2
113335,3.3619271977508447,1.0,108.6388854887814,1.068784255159413,0.3971672696281201,0.07261531317345733,0.3638086632494495,0.05022077303255995,0.06050287974072933,0.5650062005971751,26.884255346343732,40.0,2
90804,2.234779091684268,0.0,132.76350410407545,1.1077309178046657,1.6701104704372907,0.08867623283039489,0.1511740477018857,0.0,0.07434469244013149,0.6187477473978619,23.194054530836027,23.0,2
89767,4.824000686513771,1.0,155.3635474520997,1.2953652640842788,1.1854566026281719,0.07534654601913696,0.007905355412165744,0.0,0.1085152749541968,0.4838398383414279,27.20430188128511,27.0,2
60151,1.5954046671017168,1.0,44.90683487561117,0.43270279790335536,1.6539440066230873,0.04673112473458526,0.002986602388962986,0.14471891507251883,0.12293774418845033,0.42963382439383313,22.592778219054374,9.0,1
84524,0.872923795046736,1.0,120.92509574271385,1.50925136242719,1.3562599631415344,0.04843439090520536,0.0822707938427152,0.0,0.10160035464617702,0.6615493185898008,25.83660666192909,37.0,2
42610,5.270402895934253,1.0,117.82241841621862,0.9641501397610845,0.49792712282742835,0.038157654766122096,0.3175131692008499,0.1353564655945731,0.0929195560165614,0.5446065792778642,21.339044379253277,28.0,2
145104,5.270402895934253,1.0,104.88996613498,1.7818509781400034,0.6865080892331454,0.09546239530113286,0.2489155364887245,0.0,0.062121579541474924,0.5826836339638324,24.045559798724206,25.0,2
1217,6.117892928831929,0.0,113.92238411503835,2.073097115660239,0.736606806235421,0.11160832397974157,0.020922198374690445,0.0,0.06928082946967935,0.5160963935823022,25.897000105829775,17.0,1
30230,2.234779091684268,1.0,101.31511578361605,1.7023222984191564,0.668298156335253,0.051068087757705695,0.1765793395003656,0.0,0.11843967107822272,0.6702452610397654,29.78698087351888,58.0,3
39910,0.0,1.0,109.70880278378252,1.7818509781400034,0.5325783271168508,0.07727921957627658,0.08196483031701395,0.0,0.1005400101632899,0.5374931232470989,26.36787742227578,15.0,1
50830,6.117892928831929,1.0,100.55720727531748,0.7901631590571356,0.5834619703150993,0.10452341798063405,0.3092152367522777,0.0,0.07739805058592603,0.4241817332356303,25.647829640901843,25.0,2
71996,4.359420279727952,1.0,180.09086221633513,0.9407982425356697,1.7108616820708253,0.04899224740895944,0.019417686065019802,0.14844628185416234,0.12022932698877,0.3986608665711685,30.115708744643893,11.0,1
23786,1.5954046671017168,1.0,76.23611590539763,1.3230403074748542,0.7842157988769721,0.05090670273808929,0.1892456434457902,0.0,0.07344443758622808,0.6108510766913567,28.56557589685901,14.0,1
6192,5.701060861471607,0.0,116.2769484914974,1.532661226759913,1.01218429027079,0.0469034800419901,0.0114985463733897,0.0,0.07066635954166857,0.25681268701775833,27.29277795878456,42.0,3
2274,6.117892928831929,0.0,82.40880204313561,2.117422027987917,0.8729036385143312,0.06043233200590555,0.11736465633327059,0.0,0.07389614600927014,0.28121715024146815,27.288248797791827,18.0,1
54231,6.117892928831929,0.0,74.2958013303746,1.1704392993079824,0.7977581590258924,0.10731328807663247,0.19744118313193104,0.009628717289747853,0.1085152749541968,0.4694400923118106,26.900201564277197,1.0,1
74486,1.5954046671017168,1.0,143.74702961496507,1.1445618616011808,0.30356347791601046,0.02844379682282684,0.35195260131748,0.06766234264150146,0.07907699494507488,0.2952388627866774,23.640802744247637,53.0,3
149767,4.359420279727952,1.0,97.53308298651673,1.6457983485520453,1.2742887424067721,0.06378849202968817,0.038529237005250974,0.0,0.04958079604023858,0.4667357229045698,21.55409332641077,17.0,1
23460,5.270402895934253,1.0,62.044698952052464,0.897488732723847,1.0078998505255499,0.10639383282620979,0.22060518339361856,0.12527070615428185,0.09718602680360759,0.3157291000839103,26.463270564112836,28.0,2
44903,3.873488880460096,0.0,163.6273679350367,1.8710297385230998,1.2909720999978591,0.07261531317345733,0.04736046046136347,0.13250639007998805,0.1295588669753996,0.5116279940761842,26.897195802341006,36.0,2
57658,6.117892928831929,0.0,65.93784041389124,1.1704392993079824,0.5612118533538111,0.032054095044992494,0.04649739313307388,0.14739040867826833,0.07948948280021469,0.25869452132756765,26.631523408889855,8.0,1
124013,1.5954046671017168,1.0,106.4633831893349,0.870016916351664,1.7355427726221995,0.05025691368938432,0.01809543890580775,0.12688011858465612,0.07782218133052284,0.15497339791921644,29.791856384501884,11.0,1
50404,6.117892928831929,0.0,121.2306595399302,1.8002204158456978,0.668298156335253,0.03848255151408425,0.06248535294461734,0.004771015376483049,0.1252275809854624,0.5419401255638323,24.878806665682742,46.0,3
139339,4.824000686513771,1.0,117.25983666223995,1.6668659552267933,1.458269339562285,0.05631163987576615,0.07686774310307744,0.0,0.0875253578926078,0.5321518963893909,26.366817652745848,36.0,2
52809,1.5954046671017168,1.0,71.90409070044961,0.6697530468859387,0.06242880463366318,0.046095246648766026,0.375466997075387,0.14884091051548612,0.07389614600927014,0.6884644671359176,28.824052886013995,43.0,3
125355,5.270402895934253,0.0,75.5828711528495,2.0332846826395863,0.2406044124121248,0.09060308225465417,0.3489619263581033,0.1477773606220054,0.06966589041842604,0.428725547103319,22.464142705385665,28.0,2
147207,0.0,0.0,127.86010623250671,1.3635879022326585,1.0294007007666441,0.025435779189136993,0.10780091166141967,0.0,0.104861145959801,0.4332653199494439,25.92421297156084,27.0,2
157979,5.270402895934253,0.0,96.13444871169546,0.5308073037484302,1.3734305307687875,0.05328367386024081,0.025948304091180735,0.11830585579778928,0.13994376119709004,0.27653391437213615,29.95839283739664,8.0,1
666,1.5954046671017168,1.0,75.04879159642053,1.408017586653165,0.7650306132434314,0.08115311709967152,0.08832052273494422,5.17989749481402e-06,0.09630503739313614,0.5196684304319891,27.545085125723602,7.0,1
69042,1.5954046671017168,0.0,126.81348907085989,1.867263047261125,0.42167935448205973,0.04071676728200563,0.3524425401801228,0.0,0.07066635954166857,0.7023077593058966,27.87460080717632,63.0,4
32261,6.117892928831929,0.0,100.96501080085477,1.3888789288233903,0.9321184334126422,0.036177528458350545,0.026870414285047127,0.004905852458809698,0.08892922146119757,0.7650613890145672,26.764190536880378,36.0,2
152160,3.3619271977508447,0.0,128.84997653825158,1.1189948897666122,1.7548589521511095,0.05581785744347516,0.13233770064580988,0.0,0.09386772939038489,0.8330961411733153,28.39778266746223,25.0,2
32384,0.872923795046736,1.0,113.76311163505815,0.8139590618663869,0.449793561881308,0.04764511993349178,0.2869771905362136,0.0,0.07207008747600625,0.23038562363391338,20.696841439048573,57.0,3
83599,1.5954046671017168,1.0,142.41940433565162,1.2680121847925503,0.4720565104604989,0.029907481693841425,0.359057790365652,0.003939573289650818,0.07654086052747315,0.1999933056484613,24.037803235473948,46.0,3
5148,0.0,0.0,110.51929152175421,1.499281057085816,1.03805616547117,0.03345331143459896,0.03772983306760561,0.003939573289650818,0.10363955969640551,0.6126068486236221,24.978026341399815,26.0,2
114375,0.0,1.0,127.88537163368305,1.3261352750235784,0.5973074966131857,0.059279675784777434,0.3154895427727972,0.00017488306345924548,0.0807099107755365,0.07311775626357755,28.66367686927034,13.0,1
78904,4.359420279727952,1.0,107.09078127452628,1.3920585419964056,1.1534632002710248,0.033937128823979576,0.02769802404126529,4.039376544873953e-05,0.07479010183432175,0.49820029281298683,23.188130043641987,16.0,1
136797,0.0,0.0,119.45684449931176,1.5226033909488335,1.03805616547117,0.06322975991368103,0.14284992485469716,0.0,0.08927426336727629,0.4350801015157789,24.83482218841073,35.0,2
702,3.3619271977508447,0.0,109.60549444235964,1.6563128757565557,1.5247664907417113,0.06737279893323408,0.10217491408483344,0.0,0.08961697180144913,0.684131723091564,26.415272505215608,65.0,4
68731,0.0,0.0,35.81488477091524,0.6373823175983337,0.007330329090933206,0.03737196454856716,0.3755937936401596,0.14881696359613644,0.0807099107755365,0.4050531875874435,22.15027558334928,18.0,1
28617,6.117892928831929,0.0,132.6127120540863,1.4176418973042995,1.5403126485640692,0.036444621844153466,0.0025006154303692804,0.14121151839898802,0.03443689698946876,0.37300954001041753,27.029885112825614,2.0,1
104756,4.824000686513771,1.0,85.17851474975114,2.0891506870158856,0.729098628509576,0.11218955999206842,0.28443031496949606,0.0005817037126426268,0.055431191649043365,0.7350561716768521,27.29653030429421,46.0,3
76282,1.5954046671017168,1.0,109.45050581886679,1.7745339005343035,0.09737343436394509,0.07971180677246352,0.3731517753340202,0.14881696359613644,0.07434469244013149,0.5826836339638324,25.426481241808514,46.0,3
64978,4.824000686513771,1.0,154.36062123095934,1.7635911034941345,1.0100410881731547,0.05223874875548161,0.015625372543004,0.1485126298438773,0.08927426336727629,0.304563566592905,25.02636955621926,17.0,1
123964,0.0,1.0,125.81121858347744,1.0171047814103484,0.8192271637225136,0.026198033914667747,0.1832598522183656,0.004905852458809698,0.09479702346996888,0.5053659477481252,24.33081486304315,66.0,4
98076,5.270402895934253,0.0,91.28487374641881,1.0881650388686348,1.0928693631362019,0.037700358280523115,0.027606174259840268,0.00016689350797372189,0.05783907976462626,0.5765029649516105,23.78343708744184,29.0,2
51953,3.873488880460096,0.0,109.25414183512343,1.5159190404539722,1.0143294574313837,0.07007114572550133,0.002986602388962986,0.0,0.10160035464617702,0.4468605662115773,26.33235936205812,4.0,1
133913,5.270402895934253,0.0,122.32977943497626,2.1012392595235982,0.8850217453836101,0.04391055194231201,0.17605677935381134,0.00021382515511675422,0.07066635954166857,0.8744040626692703,26.501837648776764,35.0,2
83409,5.270402895934253,0.0,122.75175011931583,1.5125831187873215,1.2435697576993787,0.10224203121314437,0.27890300212052405,0.0,0.0909648244230264,0.5570327996307758,22.20462884298497,33.0,2
47106,0.872923795046736,0.0,96.80783579764763,1.489348138354589,0.650273779481411,0.049047764439865124,0.012173927312330222,0.0,0.12268131026148278,0.5285881430572061,29.559294995867667,15.0,1
70980,5.270402895934253,0.0,62.59894311589125,1.5528898930012174,0.15520688079758452,0.10315298150069982,0.3599669935990206,0.14764028303043303,0.06328665532096683,0.31386999284176065,32.877528297759625,18.0,1
96440,0.0,1.0,106.67084584100502,1.2260981136938247,0.4294315494495209,0.0719035626650213,0.3161677609044707,0.0,0.07479010183432175,0.7298973410881702,26.199407663449264,45.0,3
136902,3.3619271977508447,0.0,87.78083226528574,0.5249208133713501,0.009690256563514335,0.034691301089441025,0.3752128331966564,0.14885862670896927,0.07866163055322024,0.28870060070904596,20.555362381813566,35.0,2
15008,4.824000686513771,1.0,122.12634569745128,1.456507450130662,1.2600680937293525,0.03976776049636358,0.1146679813352171,4.4099257041964955e-06,0.07782218133052284,0.2999035103297946,28.0678921158212,22.0,2
157290,2.234779091684268,1.0,141.47855234248422,0.20492665776384308,0.11700238927665027,0.03482762600454365,0.3743172265866471,0.1481291158678292,0.0652563208801996,0.13083490594461286,23.950955228370784,8.0,1
6062,4.824000686513771,0.0,118.37950693901014,1.246958858166756,0.6993657939488159,0.029907481693841425,0.09129645354967957,0.0009961907158109078,0.1225519383900256,0.4730437411412784,26.322015896026297,13.0,1
43746,3.3619271977508447,1.0,114.63615069135676,1.4144297135629609,0.5817394956459299,0.10992929452804559,0.2552398388978087,0.0,0.1231911327681001,0.6658989234852036,23.1600832527932,25.0,2
103201,3.3619271977508447,1.0,154.75403667710484,0.4731990747180825,0.46725657598435466,0.03414355059055638,0.3653873670030248,0.14857662675398156,0.11812843327074328,0.3231583147981585,21.02714791395774,1.0,1
306,5.701060861471607,0.0,89.58049240545435,1.4630425573980839,1.0773968561658953,0.10390712915025974,0.05585783783563089,0.0,0.12215914027194473,0.4999926128156961,26.794994484619586,70.0,4
126288,3.3619271977508447,0.0,106.28699449742332,1.3261352750235784,0.7460343185053053,0.07434357648268704,0.21333172503136444,0.0,0.08716837634649345,0.2680922205501752,27.02741022582926,55.0,3
156552,6.117892928831929,0.0,122.3399498502747,1.9165779889820305,0.4529526963721108,0.080004802065222,0.13795961794494901,0.0,0.06806333665025688,0.07105549100513521,27.29251916337984,18.0,1
130215,5.270402895934253,0.0,91.82549966424449,1.7818509781400034,0.5903701182783821,0.11195308647654822,0.01856829337071956,0.0,0.0834609979772711,0.3849355163638353,29.066950953597676,38.0,2
70443,2.81870192439919,0.0,153.5290576493989,0.7667130778006805,0.13828948960352425,0.039448600807730404,0.3724974215112106,0.02359941253875624,0.09776367429658296,0.4278171081723786,24.66403735719979,39.0,2
6135,2.81870192439919,1.0,128.03189687290995,0.9382217518481557,0.06713831723197625,0.030629476337651843,0.3635186979644739,0.001984806558653298,0.07697095147323091,0.13664057928942153,24.969092392235922,53.0,3
63553,1.5954046671017168,1.0,71.60227896999288,1.9822113074352263,0.7422576704438388,0.11175808059298264,0.011015275563230354,0.0,0.06781723411341166,0.5268053829272235,23.18885259671749,22.0,2
107402,5.270402895934253,0.0,64.24081151950438,0.33444897803941626,1.1017545099034765,0.05276348676969412,0.29382210221966804,0.11311438262017379,0.1291997447414657,0.13664057928942153,18.63334677914317,49.0,3
152313,1.5954046671017168,1.0,98.72963560234221,1.9861127510729824,0.48979344763555255,0.10064118982096132,0.08832052273494422,0.002574367221208908,0.06012012907356574,0.3922603925171521,26.22148727780145,31.0,2
142440,0.872923795046736,1.0,109.43500523133558,0.15061524441669222,1.0532791897548954,0.044982288551343556,0.3681894839942659,0.14884091051548612,0.07160547706998972,0.0,19.362097527988354,34.0,2
6047,6.117892928831929,0.0,159.27791793089838,0.6829095930719221,1.6351796831827423,0.059651224241981105,0.0009985074216367666,0.003939573289650818,0.0929195560165614,0.5588056688922406,28.93734667356356,55.0,3
133998,2.81870192439919,0.0,34.388350426116446,1.3667351240154904,0.8648633807671563,0.044982288551343556,0.3159420989489345,0.14679945516821774,0.1046199903677044,0.4004880737342039,28.578995344005797,9.0,1
92145,0.872923795046736,0.0,67.45710883169804,1.4597729435754092,0.6956828410527327,0.06616661355998277,0.02409600998560086,7.687741347068873e-05,0.06344411017050605,0.3536834419639886,21.719273027393307,20.0,1
74430,5.270402895934253,0.0,141.44866936759226,1.0743027900555246,1.5351222119478976,0.038157654766122096,0.04258300615132192,0.14832221679716667,0.12215914027194473,0.1703513804874109,26.488766101162106,40.0,2
3349,5.701060861471607,0.0,140.7461584801559,1.5226033909488335,1.6059025151258526,0.04257727432062326,0.06574385880311132,0.0,0.11874712021012017,0.7974715008392304,27.21428628792505,24.0,2
86032,2.234779091684268,1.0,126.02898026271316,1.6809968297595563,1.319804715011444,0.04071676728200563,0.18020234098276874,0.0,0.10829773278800112,0.8034231654125819,26.63481267255139,57.0,3
43113,0.872923795046736,1.0,82.9035869116987,1.1417057923154803,0.26617686285745656,0.05170941569813888,0.21506826913802218,0.14843120878913402,0.07610775407689287,0.3628958211781966,21.210726849421636,35.0,2
74359,5.701060861471607,1.0,73.7276126682379,1.433764130961678,0.5527359021169996,0.10948497434873768,0.35859992229882215,4.199326187525814e-05,0.08534643612555834,0.648480779421834,29.54924582723841,46.0,3
9968,5.270402895934253,1.0,72.24958115537045,0.9511404885049599,0.9404137982053083,0.10739334615536911,0.16033788778722907,0.0,0.09417957066797655,0.602063981300623,26.49351989868071,50.0,3
3985,0.0,1.0,144.4970806117693,1.6563128757565557,0.5800188445912715,0.07534654601913696,0.2343516206207626,0.0,0.04548694542326061,0.7676263476484754,23.479963827920265,15.0,1
3990,3.873488880460096,1.0,99.62045484905781,1.0224814030232345,1.5795086777003646,0.09477728604255982,0.05644371077142592,0.00022281014420678772,0.08030591854684666,0.6823977251492471,30.993757131430645,29.0,2
32146,5.270402895934253,0.0,103.21417963741345,1.7418233789384563,1.0358893422160114,0.10786191730577435,0.1642345639618373,0.0,0.1176543571357466,0.35829179556682933,26.57753999031656,22.0,2
79121,0.0,1.0,89.62834147519803,1.7635911034941345,0.74981849672868,0.08845352666152759,0.06166502125087374,0.0,0.07479010183432175,0.44052059468949495,27.245779170381454,71.0,4
28734,5.701060861471607,0.0,114.01485029404076,1.7965377462689096,0.7669406212233013,0.09887638189285769,0.014670307255570792,0.0,0.06050287974072933,0.24456196630091115,28.22627464424398,17.0,1
120005,3.3619271977508447,1.0,99.47381018698987,1.8112948160060567,0.7938794242950211,0.09677083598355257,0.24308780253403353,0.005864813330088342,0.07253143383276514,0.5241301357294121,22.626292625310775,5.0,1
51920,2.81870192439919,0.0,100.59904413532325,1.635322297431103,0.6592628138396347,0.11160832397974157,0.09715277734440843,0.0,0.13733479914282626,0.5035754392914052,24.010853658196872,6.0,1
47706,4.824000686513771,1.0,139.85858229770247,1.1617788655968144,1.3611555555156263,0.02770197444137078,0.028706613028225754,0.14682824890277488,0.11407800504076084,0.7872552495643941,24.328716405624295,24.0,2
32332,4.824000686513771,1.0,104.44797417551243,1.5427567021324977,0.5869123931257155,0.11564581627380506,0.08150525731732736,0.0,0.062121579541474924,0.5419401255638323,26.212444144945504,58.0,3
133423,0.872923795046736,0.0,109.54866892085597,1.6668659552267933,0.7234872037486205,0.09800143618007766,0.23317963820531065,0.001984806558653298,0.09510266620308695,0.5330424673029763,25.97898203143562,51.0,3
95277,5.270402895934253,0.0,89.58580914875994,0.30377320092017374,0.48817207662737105,0.03345331143459896,0.2438272032254007,0.14492973255681252,0.07610775407689287,0.08116046522221033,29.32387281886222,27.0,2
39004,3.3619271977508447,0.0,158.76856293017738,0.6851139901853912,0.9321184334126422,0.029907481693841425,0.26133027192518365,0.0009961907158109078,0.08608269509259017,0.5658914195524049,26.317241056579075,43.0,3
45303,2.81870192439919,0.0,108.79403898638982,1.5903688309600632,0.9654866865759476,0.11485338947607905,0.005622311151504463,0.0,0.06530743506210197,0.2971052741693927,31.824432083301883,1.0,1
114059,4.824000686513771,1.0,107.88335177013695,0.9984031852273931,1.32222071931342,0.05640988448350998,0.1373413159554467,0.0,0.11812843327074328,0.5321518963893909,24.572716651404,53.0,3
65551,4.359420279727952,0.0,170.4408173873925,1.6739227970966106,1.1443944415571772,0.03414355059055638,0.07842206986670712,0.010552014101597989,0.08644706391858864,0.6047015544677911,25.066698678476506,42.0,3
29964,2.81870192439919,0.0,88.5428630598737,1.7273986281211327,0.8608547809331345,0.04263844285355163,0.19838414786356615,0.0,0.11334218617191304,0.8432373760179501,28.187052436771708,46.0,3
112111,0.872923795046736,1.0,148.92153447450525,0.9305140056689871,1.4836782886015223,0.11552394347449567,0.3161677609044707,0.0,0.06354889222848928,0.5650062005971751,27.186790725441195,1.0,1
48407,4.359420279727952,1.0,103.17770651255638,0.515172448703798,0.8211903186456566,0.03564046603117301,0.13233770064580988,1.3299932422772305e-06,0.1254539880533494,0.6537117577120378,35.56170612837855,5.0,1
56926,4.824000686513771,1.0,108.9905213568989,1.4499888131526906,0.7612162633794276,0.04379041442699696,0.1580808751609178,0.0,0.11651353817190897,0.3628958211781966,27.92877358242309,33.0,2
137601,4.824000686513771,1.0,111.20006427361697,0.7095829213622472,1.5067245784156227,0.0708133464056408,0.06166502125087374,0.13335539425568077,0.07824336696718033,0.5800356203400376,27.48756518110182,21.0,2
102550,0.0,0.0,97.00236201713274,0.8899536272626166,0.9259172992484815,0.05824462509301763,0.04993499265901868,0.0,0.12051510801643173,0.6327591102779849,27.90622093251905,25.0,2
8527,5.270402895934253,0.0,89.33587350073473,1.354170443691811,1.4305595995732223,0.11119373451883552,0.08073762434352733,0.0,0.12215914027194473,0.659808559089989,22.025893960913503,38.0,2
8238,3.3619271977508447,0.0,158.9400066084783,1.6951965578252368,1.4155509487585505,0.03880600336970576,0.029620722255763815,0.14273189978193468,0.09630503739313614,0.7872552495643941,28.561059974409687,6.0,1
111991,3.873488880460096,0.0,112.00384658889766,1.3447892366328362,1.160285808401269,0.025588783791389107,0.18677221769714705,0.00018886361071653382,0.090631273449164,0.43417279113429047,27.80745441628814,47.0,3
144865,0.872923795046736,1.0,102.78159382934986,0.47695336949724787,1.0402249611304715,0.09677083598355257,0.2905779107542213,0.0009961907158109078,0.10763668424531088,0.25775370012333004,25.29740299230112,5.0,1
43193,5.701060861471607,0.0,82.57557019503197,0.9719997127794917,0.2937520101620978,0.08660651291880815,0.26494198701602334,0.1365855051450979,0.06889357886322464,0.43054194018397496,11.104712544787333,33.0,2
77541,0.872923795046736,0.0,108.1473567819583,1.7273986281211327,0.6828512271475592,0.05036568595552061,0.2975136482041665,1.5499082223275265e-05,0.10915962010817792,0.4694400923118106,22.460746985739746,40.0,2
58582,2.81870192439919,0.0,110.20448953724971,1.2831687122254798,0.6466911138682083,0.1164389651948929,0.18224553925865877,0.0,0.13888537433227763,0.5107338658349185,23.293894876610477,7.0,1
4242,1.5954046671017168,1.0,107.70729712253076,0.9877977162194078,0.8055384298711078,0.07366089915094279,0.33587087999133947,0.022774425824096823,0.10937167434329613,0.31851640614259263,20.94230642859054,23.0,2
157808,4.359420279727952,1.0,92.62500589896972,1.3416702104497014,1.5663907762113518,0.044030477221089236,0.004351493784853492,0.00614155205112211,0.09718602680360759,0.3315024662333718,26.504609837618656,58.0,3
102792,4.824000686513771,1.0,110.40061076758617,2.117422027987917,1.6782223903772442,0.06387390234309578,0.1696866721569423,0.00036149989925654075,0.08995736455673303,0.7991725622072491,25.304078656028114,5.0,1
2367,0.0,1.0,106.78492571499436,1.1531530780227583,1.4990236923422753,0.027478115992428973,0.02325894777531287,0.0005179725070278064,0.09195206939260495,0.8314043406469555,26.503685796582893,41.0,3
153637,3.873488880460096,1.0,119.52317517383975,1.313779393613908,0.6920073491138415,0.023107041720981665,0.18677221769714705,0.0,0.0944893301378407,0.5454951065995263,23.085807698132925,38.0,2
11780,0.872923795046736,1.0,136.51541335779137,0.44177827531720376,1.6059025151258526,0.0769637268850384,0.011401949328277764,0.0,0.13185708096937068,0.4159926286676566,35.502971269543586,66.0,4
6498,4.359420279727952,1.0,138.7554667362103,1.3199493399191744,1.0554618093302919,0.036177528458350545,0.016577632105374596,0.010552014101597989,0.09510266620308695,0.6196244736187164,24.28223915927688,51.0,3
85831,4.359420279727952,1.0,192.78660475051953,1.2409790360109807,1.0489198800185926,0.11075589287932544,0.05577404736193073,4.699156218616667e-05,0.10958238112235452,0.25398849438243537,23.947844529062053,9.0,1
106294,5.701060861471607,0.0,79.68523039862964,1.7818509781400034,1.0532791897548954,0.09754875144648864,0.04993499265901868,0.1396412586439127,0.047493955172189815,0.6953901935688297,26.1458852811824,18.0,1
62008,4.359420279727952,0.0,131.63699556929532,0.9851555438001129,1.5979622149768788,0.039448600807730404,0.27099193577783337,0.14833816802967426,0.08608269509259017,0.7616397573195653,27.083122958025,30.0,2
22770,1.5954046671017168,1.0,191.65702275367087,0.34269126420661217,0.8330093229215549,0.036177528458350545,0.14525821594835667,0.14841601368529395,0.11181393054084698,0.17226981097642582,21.447967942471013,47.0,3
1554,5.270402895934253,0.0,95.46038755585802,1.6598262815654952,1.0014879181509468,0.1036956043327662,0.12723040671399632,0.0,0.14448067839080309,0.4999926128156961,27.289154670960798,30.0,2
5616,5.270402895934253,0.0,127.71860677037573,0.8091720843236079,1.262433119818314,0.03134499269087866,0.13672143769829853,0.0,0.10510074374136276,0.5800356203400376,24.83095896313503,10.0,1
88981,2.234779091684268,0.0,124.12299504482529,0.8478595149544487,1.7190694846582937,0.04626927926115054,0.00010098475600778133,0.0015803860584904963,0.05612665587296426,0.652840258681475,27.021808595904442,18.0,1
107706,2.81870192439919,0.0,124.67088509129793,0.7830919477975231,1.1241067643567022,0.06657208594270177,0.21593067514693054,0.14532578146166253,0.08150955334797905,0.38768360549391373,27.549199743821088,27.0,2
14376,3.873488880460096,1.0,107.41205433123523,1.2892590495900826,0.4419266939684234,0.09495055493920068,0.293554609982518,0.0009961907158109078,0.07567160824092482,0.351838884233596,23.42374552568808,15.0,1
29405,3.873488880460096,0.0,109.97217614892638,2.0174878286975386,1.2814265310363273,0.04432936460452302,0.1781395052452503,0.0031905115175247796,0.06894210541559317,0.7324773129381172,25.700167384049813,35.0,2
8145,1.5954046671017168,1.0,117.56674718946806,1.6739227970966106,0.6938441627854506,0.10999102442631178,0.237821988557352,0.0,0.08030591854684666,0.29897094882889713,28.22210114689829,76.0,4
112822,5.270402895934253,0.0,89.01666167738978,1.249954663221884,0.33061589901214944,0.06776810307407538,0.3570577544941999,0.14467084838445318,0.08644706391858864,0.379434781026071,25.208188634879843,37.0,2
3258,5.270402895934253,1.0,77.00809497856785,1.3604447167824396,1.4180472143719791,0.08334048687121909,0.030896031522461346,0.0,0.11277808358501228,0.5410510166898501,30.776632780848008,13.0,1
13700,1.5954046671017168,0.0,129.9295115326196,0.7597450800680996,0.8153065731672732,0.03162939973567415,0.3315961599830793,0.0,0.07479010183432175,0.2680922205501752,20.596700709250776,36.0,2
64336,4.359420279727952,1.0,159.1065265008911,1.3045544042799484,1.32222071931342,0.05276348676969412,0.22060518339361856,0.011468359494094787,0.055431191649043365,0.8127642241578598,25.935065893297462,13.0,1
43655,2.81870192439919,0.0,192.41494878061692,0.6141123480098922,1.496460907685237,0.05328367386024081,0.3028698528357083,0.0,0.14567305388684604,0.5870941836445066,28.89355915755493,51.0,3
56364,4.359420279727952,0.0,81.75740686041796,0.2619098650327388,0.2078743290301418,0.03134499269087866,0.34743304895058974,0.08170657774213805,0.12306481658547469,0.1703513804874109,21.272959771649735,45.0,3
139614,0.872923795046736,1.0,109.65715035243332,1.351039350458107,0.7309728561567572,0.11129950713727828,0.049079250964874775,0.0,0.10413295990069908,0.33335476170646205,23.898744146621816,15.0,1
69856,1.5954046671017168,1.0,93.13278913493988,0.9126556457501946,1.1106714973128837,0.08933383591792979,0.2838582084562178,0.001984806558653298,0.07739805058592603,0.58621235383743,28.963572602755214,20.0,1
23198,4.359420279727952,1.0,108.14218109923407,0.9126556457501946,1.458269339562285,0.08360405773041377,0.010821767172170031,0.12297274213462288,0.0834609979772711,0.44595533372469104,30.2440041731511,24.0,2
133398,2.81870192439919,1.0,131.19909581677334,1.8522407310256643,1.5795086777003646,0.02844379682282684,0.27254559242494636,0.0,0.11667954399222695,0.8853183941463452,27.027149702432094,4.0,1
2492,5.270402895934253,1.0,134.7767501691461,1.5059237685634277,1.5455114753399843,0.09800143618007766,0.08832052273494422,0.0,0.12268131026148278,0.648480779421834,26.548806219862822,67.0,4
134457,4.824000686513771,1.0,109.44017212872049,1.3014873780326923,1.3101611541437503,0.09370898039945591,0.012559232969426147,0.0,0.14183067801102356,0.25587148181996267,30.28114253805484,30.0,2
3724,3.873488880460096,1.0,79.09022991185947,0.9356488839762348,1.4836782886015223,0.06279572776316904,0.040033598196310465,0.09341227693443308,0.09570786137811908,0.4883316765960209,32.32564360424575,67.0,4
25373,5.701060861471607,0.0,135.03750287102636,1.4728761491942823,1.4155509487585505,0.040842348236498134,0.0013871176823840737,0.011468359494094787,0.06722300668770007,0.3324287028011156,26.63718077128425,32.0,2
82947,1.5954046671017168,1.0,130.02025485898804,1.7023222984191564,1.0707955444139763,0.11108650909359,0.12135717411903511,0.0,0.12727503714890795,0.49640736697300886,26.55988045185402,49.0,3
5920,1.5954046671017168,1.0,97.17581139323524,0.20492665776384308,0.10540024394503103,0.04954523409962817,0.36805142684005404,0.1481291158678292,0.07824336696718033,0.11045214003547281,24.461517434141697,59.0,3
86297,1.5954046671017168,0.0,129.27891826204893,1.9395939776160442,0.5259169346537883,0.045394496904964325,0.2247560956944594,0.0,0.0692325431781873,0.3739279421988962,25.837009602221507,8.0,1
79866,3.3619271977508447,0.0,113.35193836248644,1.670392228724202,0.8330093229215549,0.09563039090246964,0.1071041786982304,0.0,0.07907699494507488,0.28496036755879967,25.95769971810768,3.0,1
126133,5.270402895934253,1.0,123.26495270734091,2.386545355680069,0.9466557329092349,0.10200572894442908,0.02148457651345776,0.0,0.049892601603147534,0.4595172001147029,25.972290756934058,7.0,1
38969,0.872923795046736,1.0,114.55915618141537,1.6248846462339144,1.1151419433655108,0.11403242906984741,0.16643138894708484,0.0,0.1110204011529758,0.22470267675408148,25.795484309566387,29.0,2
42310,3.3619271977508447,0.0,73.90250608426636,1.3857033743699478,1.2506282976724197,0.048825403940717715,0.009143132851062448,0.14816401752722969,0.12816865300364028,0.8828013528870368,31.586069758453135,12.0,1
25888,2.81870192439919,1.0,105.11865739823496,1.3447892366328362,0.6484815224571175,0.03134499269087866,0.3134325087343338,0.003939573289650818,0.06776790858233991,0.643245026323755,26.672816520370624,27.0,2
76830,6.117892928831929,1.0,120.7213251569308,1.0305741753174436,0.1887327083154206,0.05918638842682127,0.2985503789253701,0.14825709864946238,0.1306711400951591,0.1684321059565338,33.34477237472006,7.0,1
9484,1.5954046671017168,0.0,96.51331150501996,0.9798822134503042,0.15398797776153308,0.04438898378389238,0.37508546512046803,0.14866510521289292,0.07824336696718033,0.2426743316518963,23.165867969567383,34.0,2
7873,0.872923795046736,1.0,29.080809248661964,1.3698863849283012,0.8251223509347365,0.05328367386024081,0.28096359619784445,0.14591715828462248,0.07567160824092482,0.5897388344096739,30.2175783272832,9.0,1
56608,6.117892928831929,0.0,106.14170180389088,1.3168623695632067,1.0036232661278224,0.10845647711077161,0.042232620438445376,0.0,0.12717284007352847,0.6003049092046717,32.1865714862997,5.0,1
135729,6.117892928831929,0.0,100.34798565287147,1.8298402910541283,1.6325075429004299,0.037765861341979366,0.02677832391723622,0.0,0.14175996031674779,0.6823977251492471,27.928009289278453,30.0,2
65616,6.117892928831929,1.0,121.85163318128605,2.0412105181439637,0.8468851234775537,0.11403242906984741,0.13547693088861773,0.0,0.05276850509349133,0.5205610680472806,29.7910032095195,43.0,3
226,2.81870192439919,1.0,108.34918081138656,0.9798822134503042,1.01218429027079,0.029907481693841425,0.02129722678586382,0.014176275640349664,0.1046199903677044,0.7092172109919126,29.953657335536892,64.0,4
2159,1.5954046671017168,0.0,174.48787118453393,0.11747857221381706,0.0682376980693957,0.03684347528477961,0.3735420189563072,0.14553199026628977,0.05828948169065652,0.035835160877532524,24.73106356457382,29.0,2
115625,3.873488880460096,0.0,112.01414612429954,1.8039074821054202,1.3758917009694793,0.09477728604255982,0.17076124987887595,5.409888189952273e-06,0.06596861017267418,0.6693762543425813,23.191020164872935,17.0,1
145538,0.872923795046736,1.0,113.84018294377117,2.0771036036296118,0.7688525187496839,0.1110323446790209,0.07795666816079219,0.0,0.12429477370514681,0.4622253199987333,25.964929002268185,7.0,1
4588,1.5954046671017168,1.0,126.94501595533929,0.8091720843236079,1.807818507257721,0.06322975991368103,0.0009985074216367666,0.011468359494094787,0.14166406709834514,0.5401617621376549,31.17842877377759,10.0,1
132109,0.872923795046736,1.0,70.04643730148678,0.8163577776207587,0.3731024592325629,0.032756846992377936,0.34605478800853107,0.09208208189304465,0.10604378231919075,0.6380044771041449,25.169107071615336,29.0,2
31165,2.234779091684268,1.0,126.21125094443197,0.8043990271576443,0.3865840447244628,0.02672751500031876,0.30945321700189027,0.14066062804439977,0.07389614600927014,0.2821532349715344,19.370412585719972,34.0,2
65732,0.0,0.0,113.07941859841065,1.5972380637191486,0.9696927940084842,0.03604362302059359,0.1071041786982304,0.0,0.08030591854684666,0.29056960183628,22.324485454632217,25.0,2
74063,2.234779091684268,0.0,97.68539195177179,1.1791344541649518,1.0272417610184217,0.10639383282620979,0.22516613192824542,0.051465821131267325,0.12892496155362296,0.31479963689727203,22.961946750660992,31.0,2
20783,0.0,1.0,131.91875171054116,0.3953989566038604,0.8809746737279629,0.039448600807730404,0.18376520063227575,0.14692706391224739,0.07989911657905567,0.1065584841555173,27.226860496479095,23.0,2
41303,6.117892928831929,1.0,125.9226382710716,1.7273986281211327,0.8369642726908375,0.07790245322973517,0.22516613192824542,0.0,0.11532226495594795,0.3803519932120896,26.636128300641307,4.0,1
16383,1.5954046671017168,0.0,134.55605681566752,1.5528898930012174,0.4640655093621761,0.040085503505564654,0.35736816540440997,0.14793612824899144,0.0807099107755365,0.6910625738607122,24.568964543900034,41.0,3
63027,1.5954046671017168,0.0,118.17511444272176,0.7996398684795895,1.8445017682915805,0.07632487083264694,0.00037179327862144626,0.0,0.11828452903796835,0.22280677295746307,24.884318244001147,18.0,1
106040,3.873488880460096,0.0,57.85639454784626,1.6423020601527738,0.9487402689416761,0.11502415564634373,0.07365450583565487,0.0,0.08534643612555834,0.7676263476484754,21.240785580528897,11.0,1
7231,4.824000686513771,1.0,126.33780563512529,0.8576718908979484,0.3895991011099556,0.029178943760520885,0.2995792592214203,0.002965912600349943,0.07479010183432175,0.40779027040891674,23.59327155923075,37.0,2
49295,3.3619271977508447,1.0,158.52849715628497,1.0144220302914997,0.7049042238456557,0.08199009495769913,0.14704857682625724,0.1414538593150346,0.08111111514562246,0.5187756442984244,26.12842781841769,33.0,2
24018,5.270402895934253,1.0,112.84796014779613,1.4926549618789116,1.1557353982549923,0.08029540932132537,0.25034175762720245,0.0,0.0846000186739813,0.4032276391499472,25.479127195931557,25.0,2
125628,3.873488880460096,0.0,37.36592244490771,0.7643869846402107,0.9972231075729378,0.036444621844153466,0.0007212216553996819,0.14730585745767594,0.07610775407689287,0.31944514756429193,28.725076701024992,24.0,2
42087,3.873488880460096,0.0,85.76728677458667,1.0495876169697003,0.7726819849845797,0.03345331143459896,0.027789847142669463,0.0,0.09804963764136568,0.6919283533734552,28.21362638626066,62.0,4
14225,0.872923795046736,1.0,85.24277255284564,1.1189948897666122,1.262433119818314,0.10411557344988047,0.016577632105374596,0.0,0.1301679680937354,0.3986608665711685,26.008677164320698,27.0,2
58087,4.359420279727952,0.0,113.2851025733587,1.6492989120715298,0.8251223509347365,0.1104113823661705,0.2080265135636827,0.0,0.10212019116983716,0.5241301357294121,25.335941901605153,27.0,2
72045,0.0,1.0,88.95812181294386,1.9900187305277914,0.6883393129818888,0.043609809300476046,0.20577278583815367,0.1487428283688967,0.1173334149753333,0.6789281817495515,23.762547893784706,42.0,3
72980,3.3619271977508447,0.0,106.84714375834274,1.3447892366328362,1.0164765902676833,0.054615173928087325,0.041618479950598815,0.0,0.07019179955184995,0.11628585138727694,25.97014930177818,32.0,2
70828,5.270402895934253,1.0,122.92454561473865,0.8211656767816108,0.3092074781166739,0.06434106597613466,0.3242375668695837,3.209606392912895e-05,0.06489749761846024,0.13277101043652648,20.378577970106917,3.0,1
54004,6.117892928831929,1.0,123.49350880198644,1.0224814030232345,1.8190668370535943,0.08777467453951815,0.016577632105374596,0.14339962963345917,0.09570786137811908,0.2774709371189399,29.38875480965992,5.0,1
60,1.5954046671017168,1.0,134.35036405946724,0.925393585596664,0.9238541349219103,0.1104113823661705,0.18224553925865877,0.0,0.12476668575403163,0.539272361790861,25.451727953771705,52.0,3
92501,0.872923795046736,1.0,100.98069084808,0.9930930893391963,0.9176762744407007,0.10530426513964988,0.27192601356089097,0.0,0.10363955969640551,0.3986608665711685,22.719018057594795,47.0,3
42754,0.0,0.0,101.72248313615835,1.5495079674127066,0.6810255875210611,0.09873331191373055,0.04822107664482468,0.0,0.08858182813778119,0.3803519932120896,24.60896705363358,50.0,3
108111,0.0,0.0,73.90250608426636,1.789185585833376,0.6359874431092684,0.11549910645789782,0.3489619263581033,1.619899745745951e-05,0.12476668575403163,0.4730437411412784,30.98391050453901,46.0,3
113130,0.872923795046736,1.0,92.92654996466045,1.338555201025666,1.0294007007666441,0.06408679225719048,0.027789847142669463,0.0,0.07160547706998972,0.351838884233596,29.59383649963767,31.0,2
78962,6.117892928831929,0.0,140.91062087388988,0.8799567951318898,1.7218096897646715,0.09829752883170788,0.005946621798604477,0.04098372227098399,0.1225519383900256,0.6580672741241114,31.002534242128597,50.0,3
131413,0.0,0.0,102.55216575897472,1.2142637860645362,1.3981349919391537,0.0719035626650213,0.07530484433310232,0.0,0.11549563035956101,0.5658914195524049,27.809626275623867,41.0,3
141187,0.0,1.0,68.73970285285282,1.338555201025666,1.3391900932368495,0.07044380416764916,0.0078858255622251,0.0,0.07113757653068406,0.4793441631124205,20.327473879240426,13.0,1
154286,5.270402895934253,0.0,163.5054205771394,0.8849480810453934,1.1331035227505035,0.030629476337651843,0.17129658598427597,0.0,0.08030591854684666,0.648480779421834,30.34774457172703,28.0,2
56327,4.824000686513771,1.0,121.86180929851339,1.8975213518964196,0.6592628138396347,0.08253683745040954,0.18071497178150703,0.0,0.06781723411341166,0.37759984787925627,23.177579039449537,25.0,2
109163,3.873488880460096,0.0,121.80075077047076,1.499281057085816,0.9424924981597133,0.1059512892555724,0.05282644181301772,0.00014192299975651447,0.04787715051600809,0.6449908092028069,22.468276158948864,10.0,1
135329,0.0,1.0,74.53600259152775,1.7382106712178036,0.4139711117068804,0.10139935755464843,0.13795961794494901,0.028971425077759624,0.10915962010817792,0.4550005252381872,23.054775708568283,11.0,1
79168,3.873488880460096,1.0,81.69815252265745,0.9511404885049599,0.48979344763555255,0.07600145917456508,0.33887978585593825,0.14141397414380352,0.1151478184282261,0.15304730520534188,20.5807356615156,45.0,3
83959,5.701060861471607,1.0,88.60144198809914,1.0881650388686348,0.8409268716865445,0.0851415328131488,0.3159420989489345,0.0009961907158109078,0.06874779249788905,0.7187045430626944,26.654410955512233,25.0,2
60997,5.270402895934253,1.0,117.29564880706316,1.6774576631672329,0.6449025530655125,0.10235887299442069,7.099246661795977e-05,0.1488527443441111,0.043567445932203255,0.8861571884716617,28.558300003891794,9.0,1
94488,1.5954046671017168,1.0,126.01885300759281,0.6719375043041697,1.2459205763017733,0.11820128837684679,0.038529237005250974,2.6397337633606306e-05,0.07113757653068406,0.21426532189317865,21.320242602563397,49.0,3
88632,4.359420279727952,1.0,75.84970943647599,0.9693795334875999,1.160285808401269,0.057141326997203194,0.2548947328680451,0.0,0.13131606348807848,0.49551067655190706,31.00597345563503,31.0,2
15290,5.701060861471607,1.0,112.73992297364657,0.894973455755926,0.6130236887191868,0.044982288551343556,0.2722361158306361,0.12089889537674375,0.07298954199416931,0.15208393623644478,29.428964423648818,59.0,3
145089,0.872923795046736,0.0,97.75365737549988,1.962772026906056,0.5765830106954144,0.11524193609326619,0.14941484002339908,8.059751827957863e-06,0.062121579541474924,0.5472717260619129,28.553908766144367,15.0,1
107322,0.0,1.0,66.28204787507805,1.382531875836705,0.9424924981597133,0.03421223449066382,0.2951518841877521,1.1499949476161961e-06,0.11935085950785726,0.8802833227321611,34.437413236878015,1.0,1
90528,5.270402895934253,1.0,143.73212226498512,1.0826088263724851,0.8349858419672646,0.02412396150938901,0.05543864926216927,0.06623902352842584,0.07207008747600625,0.33335476170646205,28.30435521807694,24.0,2
156315,0.0,0.0,77.71387150461733,0.6961860220856041,0.23529773667628084,0.026198033914667747,0.33719740797510417,0.0,0.11200919934125854,0.2802808782739762,20.26473839232407,16.0,1
28187,2.81870192439919,1.0,126.50483004426525,0.8625992772181287,0.7803636199698412,0.0461533086282955,0.21849470962927253,0.0,0.08030591854684666,0.372090967206333,23.11420487328817,16.0,1
25891,3.3619271977508447,1.0,110.12189725070064,1.6563128757565557,1.03805616547117,0.04096770628370085,0.1146679813352171,0.0,0.12441380069370117,0.7376339196406687,21.72153818072881,58.0,3
84706,5.701060861471607,1.0,112.24584989805423,1.5026003343861656,1.2201729728079924,0.02792522605990291,0.18973683608982944,0.0,0.10894620868502075,0.42509082013318533,24.040200899268626,64.0,4
142099,1.5954046671017168,1.0,70.02991812848703,1.2529544013102096,1.257705099064472,0.1189148329279911,0.3337538310560312,0.0003844343691744292,0.10080771222471868,0.6945249250145904,21.294085069346412,25.0,2
47950,0.0,1.0,132.0193580107411,0.755116866294833,0.4263253917583581,0.030629476337651843,0.3060809988926816,0.007761030056575878,0.07866163055322024,0.19236282222973636,21.268059144063155,32.0,2
142429,3.873488880460096,1.0,125.06636912362346,0.5891743712319182,0.5629124880905149,0.029178943760520885,0.35890541083679917,0.0,0.11700849582798221,0.4495753109342876,23.779174993288287,7.0,1
1944,5.701060861471607,1.0,103.89640933274175,0.9511404885049599,0.6956828410527327,0.025435779189136993,0.2548947328680451,0.0,0.09804963764136568,0.8373236460381878,27.07765927549978,6.0,1
102737,5.270402895934253,0.0,105.63814623844645,1.2862118976616896,0.9760166024735442,0.06182769896522369,0.1781395052452503,0.0,0.05402194547088182,0.2180635239145109,30.406555240401037,36.0,2
36161,2.234779091684268,1.0,105.68488230457457,2.113369398190098,0.6975233845593646,0.11155772458091937,0.19217553698332104,0.0,0.06566421446421968,0.5044707688151407,21.404229606267293,8.0,1
6484,0.872923795046736,1.0,149.41581241280952,1.13316055416276,1.042395729804522,0.06931636345747896,0.23934276540465588,5.349890656175845e-06,0.06033908000131138,0.7812879084874744,33.32164160342184,62.0,4
15967,3.873488880460096,0.0,154.75403667710484,0.8308234223741906,1.5221827970798172,0.032054095044992494,0.0,0.11124613778859534,0.11583914795584942,0.3342806431153462,23.72727812138838,18.0,1
73251,2.81870192439919,1.0,172.66451062287294,1.246958858166756,1.0773968561658953,0.02844379682282684,0.15175752601352488,0.005864813330088342,0.10160035464617702,0.3175874845356611,26.23797224211995,22.0,2
69382,0.0,0.0,126.06948811828343,0.5707745631218841,1.0143294574313837,0.03282677534239687,0.23396181207368982,0.00024477085056525235,0.07113757653068406,0.18758708461990609,28.540104728930665,19.0,1
119186,4.824000686513771,1.0,102.99010132383671,1.9588977384166186,0.27300728550149644,0.11908844966896168,0.006241173837090009,0.0,0.06947363277632812,0.6606790044748683,29.606568246756016,19.0,1
81763,4.824000686513771,1.0,95.61316390843858,1.2409790360109807,0.9341893605956845,0.1130192548806852,0.11803442510194988,0.0,0.061639629824901246,0.3054950288257411,26.759338355184656,14.0,1
48849,4.359420279727952,1.0,123.85399649095928,1.2290664655179893,1.3562599631415344,0.08754475966298475,0.06411915306100532,0.0,0.13008243038714398,0.4378010692265794,28.893185773578438,56.0,3
42696,1.5954046671017168,1.0,76.03478402397717,1.5528898930012174,0.5663192073340175,0.10188625402023829,0.003946568074718997,2.209813426523475e-05,0.09195206939260495,0.17802005621458933,28.54976803370537,3.0,1
77720,5.701060861471607,0.0,53.44732095160002,1.3667351240154904,0.5259169346537883,0.11691422676229259,0.3416271961372566,0.00681651852218226,0.13943465838545405,0.639751861069095,23.494290694379764,44.0,3
54499,3.3619271977508447,0.0,88.42036197845289,1.3857033743699478,0.7880755588262914,0.05571858678347133,0.013040225843070581,0.0003605026569964463,0.05912700022524942,0.6745883431787558,25.96626760856234,34.0,2
97490,1.5954046671017168,0.0,82.71002568794937,0.6984104567706283,0.15034099223757447,0.038157654766122096,0.37130700566282,0.14720606244196024,0.0692325431781873,0.3490707404716398,23.9252130422354,36.0,2
2172,4.359420279727952,1.0,104.4011593947143,0.9563334199741291,0.6466911138682083,0.032054095044992494,0.30534688216789435,0.003939573289650818,0.08190524688566762,0.5525981112890355,24.403206651682428,14.0,1
57651,3.873488880460096,1.0,105.51350227660691,1.7418233789384563,0.9760166024735442,0.060614470628754906,0.17076124987887595,0.0,0.05484699175740777,0.6275089041868975,28.567206526783224,63.0,4
87093,0.0,0.0,187.6887286283391,1.246958858166756,1.5455114753399843,0.0461533086282955,0.003976213546291906,0.14793612824899144,0.10581030322960991,0.23984141670888795,26.854698607624343,29.0,2
148665,0.0,1.0,136.40527567143073,1.4499888131526906,0.5159788866289045,0.050636785623080244,0.001247668620435705,0.14764028303043303,0.0694254831739047,0.3463010242500451,26.76550183458256,9.0,1
74759,3.3619271977508447,0.0,117.67925231950892,1.4630425573980839,1.2933635885898236,0.07007114572550133,0.13233770064580988,0.001984806558653298,0.08150955334797905,0.6134845293745955,27.203134709788998,95.0,5
8743,4.824000686513771,0.0,65.33208140557984,1.2350149125555943,1.5690101476162517,0.09200993864114734,0.04476386769526602,0.11582139301496633,0.1260085040040869,0.4332653199494439,30.851186684226608,28.0,2
98706,0.872923795046736,1.0,117.57697556485897,1.2831687122254798,1.0818076464946016,0.03550559855419764,0.16914742208479003,0.0,0.11061603839739241,0.29897094882889713,27.49438950467982,20.0,1
134177,4.824000686513771,1.0,93.23852752628665,1.2350149125555943,0.4232262745791235,0.1183582057291345,0.08906753062547003,0.0,0.05879308108387324,0.3656561673256651,22.463995072581458,35.0,2
154099,2.234779091684268,1.0,98.54084450728136,0.47507469484593656,0.14309071116723684,0.029907481693841425,0.3744457480405054,0.1485053757043052,0.07697095147323091,0.19617970441626129,24.04386760189758,53.0,3
32633,3.3619271977508447,0.0,109.59516284271409,0.9825170437964712,1.1443944415571772,0.11140384870955194,0.34306426577321375,0.0,0.07567160824092482,0.8769244076321755,29.816347562072973,6.0,1
51664,6.117892928831929,0.0,162.00683915697618,1.1531530780227583,0.8568538604471809,0.09546239530113286,0.09642761173667264,0.0,0.050512798457057986,0.6082163911561125,27.290966355839966,59.0,3
23660,3.3619271977508447,1.0,90.21286978381548,0.7713755595229619,0.8153065731672732,0.026953409443536608,0.26910665711550336,0.0,0.08823206529773955,0.3803519932120896,24.572160808095727,68.0,4
63902,2.81870192439919,1.0,150.45797129304765,1.3984299557000819,0.9908405959351675,0.04954523409962817,0.003976213546291906,0.0,0.07207008747600625,0.2596351508210209,24.46695311658562,41.0,3
41885,2.234779091684268,0.0,140.3024709625045,1.0577922600757719,1.1969783179741296,0.09915929004532116,0.08379560804947994,0.0,0.0682595902191365,0.6458635010518889,24.216059304736504,71.0,4
151128,3.873488880460096,0.0,44.900970880971066,1.3952422166886544,0.7997003756155685,0.11944835096733981,0.35798601276689124,0.0,0.1392922545491597,0.7204278830259115,21.125917850494638,29.0,2
138645,1.5954046671017168,1.0,100.70885407266981,0.8899536272626166,0.8409268716865445,0.10390712915025974,0.2861332159338602,0.0,0.09600744425199255,0.44323868162207153,30.59401238310515,45.0,3
106083,4.824000686513771,1.0,148.377556931585,1.586940561014816,0.9404137982053083,0.032756846992377936,0.04736046046136347,0.0009961907158109078,0.0994514137349725,0.6815305328788934,26.23770641145793,20.0,1
12272,0.0,1.0,101.45093085450279,1.2083700310814445,0.35387720145515056,0.0614711458158501,0.20847417397657522,0.14798361083700573,0.09917475099732172,0.2028513616900528,31.391876392028124,17.0,1
40339,3.3619271977508447,1.0,88.81973300880763,1.6916401609057337,1.3758917009694793,0.0814343853848159,0.028706613028225754,0.004905852458809698,0.1220266290353647,0.6283842755198784,28.482580637501517,59.0,3
32774,1.5954046671017168,1.0,74.43229285066214,0.5809646880805877,0.5493582130984525,0.025435779189136993,0.22557525993315777,0.14741410431767135,0.09861591438912895,0.3370572240184057,26.16386751282704,32.0,2
159304,0.872923795046736,1.0,65.8378614646973,1.249954663221884,0.971798776571637,0.03345331143459896,0.0,0.0,0.07523239892816581,0.4694400923118106,27.286566407548573,48.0,3
116122,0.872923795046736,1.0,193.65816350204395,1.0909488099104507,0.8708906902532544,0.025435779189136993,0.21506826913802218,0.14856260352903555,0.0682595902191365,0.37851739929939954,25.92622300467193,26.0,2
123571,0.0,0.0,112.85824863083549,1.3230403074748542,0.2965467864597166,0.11947288346741715,0.2911238442445418,0.0,0.12405459357167793,0.3610547290259492,28.19768406793798,5.0,1
121388,2.234779091684268,0.0,119.18636485504764,1.6668659552267933,0.46088154821066385,0.05824462509301763,0.3575229982578859,0.0,0.07298954199416931,0.3082883206301165,26.855614414076197,1.0,1
4376,6.117892928831929,1.0,78.47291962343216,1.1303197887629002,0.650273779481411,0.10520912552351953,0.32037866166652296,0.002965912600349943,0.11161742520075171,0.3849355163638353,24.96208116163678,61.0,4
52341,1.5954046671017168,1.0,109.69330741951943,0.9485494790226465,1.7190694846582937,0.05645894306785881,0.007534090099138326,0.14694093514392947,0.09889625578485943,0.06702615330454975,27.0294943514528,4.0,1
51414,1.5954046671017168,1.0,92.42389869574566,1.7094653201885666,1.1421322571741443,0.10452341798063405,0.06297645192637001,0.0,0.053903394329781126,0.44052059468949495,27.294201303626714,54.0,3
136199,0.872923795046736,1.0,107.19961497677782,1.874800880341669,0.6253501522484253,0.07851550707857491,0.020358832082419225,0.016823724306544618,0.08422295110813957,0.20380363962376757,22.656984839401808,4.0,1
2666,5.270402895934253,0.0,104.91595736439841,1.2831687122254798,0.8870481719091188,0.03254668444495259,0.15058911051770973,0.0009753488054450957,0.07253143383276514,0.6327591102779849,28.56068362552192,40.0,2
40022,0.872923795046736,1.0,162.04103085941264,1.249954663221884,1.4255484317321425,0.07400365818851558,0.014670307255570792,0.0,0.13457628781891856,0.329649459445562,26.3314312151117,26.0,2
83399,3.873488880460096,0.0,73.27370727489426,1.3014873780326923,1.0973079588623809,0.05009339799691467,0.0009985074216367666,0.055685670262276735,0.09747580878089683,0.529479302078413,25.841844552946466,6.0,1
33040,5.270402895934253,0.0,95.61316390843858,0.7807417810472599,0.009862763701982297,0.06697413709052649,0.36969417967895124,0.0,0.07298954199416931,0.2774709371189399,17.036010143426992,11.0,1
156295,5.270402895934253,1.0,70.49224620551524,1.593801330922556,1.1443944415571772,0.10076992777346946,0.014574645987254498,0.0,0.05652955654759033,0.43961424622178924,27.919601122682955,16.0,1
140201,5.270402895934253,1.0,134.6965040343861,1.8597430050557224,0.8809746737279629,0.040085503505564654,0.293554609982518,0.0,0.0846000186739813,0.7152563614657733,27.22569398383972,31.0,2
39709,5.701060861471607,0.0,156.25262179999834,0.9719997127794917,1.0973079588623809,0.0897636276352218,0.02223288089874668,0.0,0.08644706391858864,0.2709078202006909,27.15693919601392,14.0,1
72411,1.5954046671017168,1.0,99.48952359117132,2.0332846826395863,0.6324343108852805,0.09039569818937865,0.06816401280319169,0.0004312879338169093,0.0846000186739813,0.5703153792725135,23.04519941411101,20.0,1
25577,6.117892928831929,1.0,91.38031144433491,1.0441365530273317,0.9675887642154379,0.034005997818489966,0.3273603516800775,0.10471070569581331,0.06530743506210197,0.8668370486535385,33.72501641309608,23.0,2
44211,5.270402895934253,0.0,183.44927068519416,1.50925136242719,0.9550055590897916,0.07600145917456508,0.2011869296779366,0.0,0.1369584106580656,0.24361824637685142,27.80668785007549,58.0,3
93096,2.81870192439919,0.0,115.1595175409979,1.237995013338512,1.0729939993093416,0.10224203121314437,0.27830897511718755,2.1998151110921453e-05,0.1445686872582348,0.6650292642763783,20.054411167881238,55.0,3
26192,0.872923795046736,1.0,156.88092156306837,0.7140754272172378,1.738295804622485,0.08438210118699253,0.003738975611245078,0.0006255008527757175,0.12855115469138523,0.1942716743024051,29.1847906581796,5.0,1
2361,5.701060861471607,1.0,73.08218157504926,1.4112216109464688,0.7104594698327914,0.1116585814136889,0.21025463587619359,0.0,0.13594478859101813,0.11142498856964167,24.171262477762443,64.0,4
102765,4.824000686513771,0.0,106.83677444413831,1.532661226759913,0.8528606142967284,0.1063065939423024,0.221024451677974,0.0,0.07697095147323091,0.5570327996307758,25.88036791048036,20.0,1
148938,6.117892928831929,1.0,85.08747103053659,1.2142637860645362,1.2155178905375075,0.11337715424276261,0.19696805351856575,0.0,0.13550811454470885,0.6362565578510048,28.935730326652855,57.0,3
55158,3.3619271977508447,1.0,111.84933729611592,1.6633439737814455,0.5646149391973504,0.03684347528477961,0.07215307736630519,0.14831419246295957,0.07160547706998972,0.3444536710269561,25.388715173885643,35.0,2
14415,0.0,1.0,47.36038777110022,1.4532460742582065,0.3895991011099556,0.10247485139026782,0.3477747674240067,0.14828992278854083,0.13426813323762224,0.8735637266114633,24.632281535656876,39.0,2
19430,6.117892928831929,0.0,179.1716263821139,1.7745339005343035,1.3709714197337277,0.060112080397729396,0.03325079712840182,0.12239772377456234,0.0560111652642022,0.4278171081723786,26.59163553426458,5.0,1
3017,2.234779091684268,1.0,80.90031462013171,0.44725961555888705,0.4017291313143787,0.04730387785758131,0.3450089936356306,0.1470229045733354,0.07523239892816581,0.16266919995123785,20.259201337463498,13.0,1
29717,5.701060861471607,1.0,109.0473883790544,0.6610483277676394,0.3378377290312707,0.05276348676969412,0.3741885115496235,0.1447427799270589,0.08680895131871912,0.2999035103297946,21.204128514516356,27.0,2
3011,0.872923795046736,1.0,91.16820833366917,1.6318388174675127,1.1625640217662516,0.10224203121314437,0.2319999480755242,0.008333675915330463,0.07610775407689287,0.3867677441611076,32.40601366070137,27.0,2
73111,4.359420279727952,1.0,131.85838265593796,0.9228387905195625,0.9115158496685433,0.025435779189136993,0.04476386769526602,0.001984806558653298,0.0878799146864748,0.5178827095260955,26.406406875678435,54.0,3
44564,5.270402895934253,1.0,107.32397701585876,0.8405372437315713,0.2951485489927977,0.03482762600454365,0.35195260131748,0.14276527041772133,0.06677399494927812,0.04375456099840894,24.391896289100245,28.0,2
30726,0.0,1.0,117.11145538520361,1.2529544013102096,1.1580096007646004,0.059651224241981105,0.1304347681620652,0.0,0.10339044157515012,0.5116279940761842,29.7647903955079,57.0,3
129910,4.359420279727952,0.0,111.30831401060715,1.2054289960576283,1.2909720999978591,0.03345331143459896,0.013712425199831665,0.0,0.07782218133052284,0.5658914195524049,23.1456171974174,25.0,2
44184,1.5954046671017168,1.0,83.05946440557351,0.7807417810472599,0.9053728438287705,0.02071384550440645,0.26396506912166884,0.0,0.04221948205808308,0.5035754392914052,18.925723619476667,55.0,3
138293,1.5954046671017168,1.0,79.91764933468185,0.9851555438001129,0.9612883852905215,0.09785169032817521,0.1847723004118197,0.0,0.13335915191286388,0.35737047171995895,24.444368771549343,8.0,1
33815,2.81870192439919,0.0,106.14170180389088,1.2054289960576283,1.1969783179741296,0.10941971488836727,0.006927442155667886,0.0,0.08995736455673303,0.24550549161982108,25.255005075714745,28.0,2
55694,1.5954046671017168,1.0,82.60784235653028,0.9589353474702558,0.7880755588262914,0.09200993864114734,0.02129722678586382,0.001984806558653298,0.07567160824092482,0.27653391437213615,22.703044053267217,15.0,1
28497,1.5954046671017168,1.0,99.00224289260228,1.1733338226503915,1.0995302396656046,0.10948497434873768,0.0799678872523985,0.0,0.10673525114395638,0.4658339547302879,22.088815519157038,26.0,2
31984,0.872923795046736,1.0,70.24462423434423,0.5974354268582583,0.6165363485918351,0.03684347528477961,0.32612116500044036,0.14561186040409155,0.1125876738958727,0.05165830741002074,22.250275997869974,57.0,3
77987,4.359420279727952,0.0,107.69693968629676,0.9719997127794917,0.7272262776524988,0.08115311709967152,0.13672143769829853,0.0219432665386193,0.07654086052747315,0.39317524704291157,23.590414775928792,5.0,1
120559,6.117892928831929,0.0,83.84896308002257,1.9357467418808714,1.1671264680853237,0.10852846367617025,0.13980511964077502,0.0,0.0682595902191365,0.46312771325061475,23.575698642078862,3.0,1
25981,6.117892928831929,0.0,134.4406737472045,1.2984243322312379,0.650273779481411,0.10293027132491821,0.2737772756346401,0.0,0.08892922146119757,0.326868612631449,25.720112211233698,72.0,4
72114,2.81870192439919,1.0,184.23114539332386,0.7667130778006805,0.8488750374661344,0.02844379682282684,0.19932274257607036,0.1332725899563175,0.09999929605428569,0.39591880754975406,24.647261531469017,35.0,2
80431,0.0,1.0,133.32122170914224,1.0117429819484791,0.31915017287557573,0.02770197444137078,0.3416271961372566,0.0,0.06776790858233991,0.406878074585287,25.95488796048005,36.0,2
91000,1.5954046671017168,0.0,85.79403542399982,1.0224814030232345,0.9094662464472685,0.03684347528477961,0.22557525993315777,0.10419795979212136,0.08716837634649345,0.666768452000647,26.362048331430064,51.0,3
47193,0.0,1.0,97.00236201713274,1.4048176378816764,1.0337244907542096,0.10888089716477334,0.21201895798104362,0.0,0.07434469244013149,0.5107338658349185,26.46644190286736,3.0,1
11560,4.824000686513771,0.0,71.67912090817573,1.4630425573980839,0.8448971249366763,0.07911856488323085,0.023165805092240477,0.14830613545063218,0.07523239892816581,0.24739195922341117,30.32246446863717,2.0,1
1404,0.872923795046736,1.0,139.39452778418658,1.499281057085816,1.329481015462743,0.059651224241981105,0.018473777957743368,0.0345292486555109,0.03662306332385418,0.5499355690315485,28.419564800139398,79.0,4
113372,0.872923795046736,1.0,135.79428053446608,1.0414166221981487,1.4633344786443667,0.11237309699614241,0.06330339403872892,0.0,0.11239606234866689,0.25869452132756765,25.685067014576717,46.0,3
149838,0.872923795046736,1.0,101.53449644961229,1.0278728688856018,1.0057605767148683,0.08199009495769913,0.055018869509493924,0.0009961907158109078,0.0571585712331885,0.45590417500931824,25.98928430521535,31.0,2
119793,2.81870192439919,1.0,137.89106470828983,0.8478595149544487,0.35534568477806994,0.025128935598260807,0.3595134761796039,0.0035509983572204,0.07523239892816581,0.15304730520534188,30.856303262195215,13.0,1
109711,0.0,1.0,119.98734262953705,1.1733338226503915,0.5595130343273138,0.09943794886500139,0.13795961794494901,7.128058296632346e-05,0.12757809509702486,0.22470267675408148,29.43646113952502,20.0,1
158588,3.873488880460096,0.0,107.27216200415167,1.7965377462689096,0.7938794242950211,0.06776810307407538,0.0,0.14360752287675854,0.07207008747600625,0.49461383429655437,26.769042120027777,29.0,2
20156,1.5954046671017168,1.0,121.01168335905854,1.5461302380608775,1.1421322571741443,0.032756846992377936,0.012751715278126845,0.11673313857593273,0.12093734207546923,0.3739279421988962,26.058117940734796,11.0,1
108418,2.81870192439919,0.0,89.09647991811008,1.7309982986371468,0.6938441627854506,0.10076992777346946,0.06248535294461734,0.0,0.08534643612555834,0.4495753109342876,23.235786036413224,36.0,2
147507,5.701060861471607,1.0,106.5463751777175,0.6162115293567928,0.5903701182783821,0.032756846992377936,0.02502350614647099,0.14168902352521107,0.08823206529773955,0.10363586022119907,26.193819250232096,37.0,2
159849,5.270402895934253,1.0,84.74995246578406,1.7745339005343035,0.6701107889329828,0.09724115111165019,0.21463560404457743,0.0,0.11239606234866689,0.7264556430606567,29.103377444928245,19.0,1
130288,4.824000686513771,1.0,121.13900198599342,1.2953652640842788,0.5612118533538111,0.04379041442699696,0.20025699425502924,0.14781805361170142,0.07567160824092482,0.04177618440531738,28.05557613490928,52.0,3
98355,6.117892928831929,0.0,139.89350219634963,0.44177827531720376,0.013128373294067202,0.032756846992377936,0.37367170776866765,0.14849077983319456,0.06370578415960063,0.15978487678331918,26.618890067198674,47.0,3
1811,3.3619271977508447,0.0,129.04681043881322,1.4016217618309161,1.224836140286072,0.02844379682282684,0.019417686065019802,0.0,0.10894620868502075,0.4694400923118106,24.28265940372169,62.0,4
121303,4.359420279727952,0.0,114.60535377525599,1.0577922600757719,0.2826407660286513,0.032054095044992494,0.35129560712583835,0.1481114486462506,0.08608269509259017,0.23417030061314106,30.176520491874168,39.0,2
17471,3.3619271977508447,1.0,129.69252781379805,2.0491546563964507,1.1877569186390118,0.0756753591574628,0.2794946694778553,3.8394367419282064e-05,0.09660065570186806,0.8364783729313319,25.018545547325324,13.0,1
5702,5.270402895934253,0.0,40.58430349472695,1.1762322066763853,0.3941347654998352,0.05824462509301763,0.04476386769526602,0.14789742489322466,0.07989911657905567,0.21046390307817353,25.338119592374532,43.0,3
58332,0.0,0.0,122.29418202830576,1.4467356640090427,1.3513725909920593,0.11086761095635628,0.1862740142590032,0.0,0.09323773806836998,0.6519686275075127,27.159276208633603,2.0,1
24873,4.824000686513771,1.0,80.78701728764432,1.2710355796097998,0.7938794242950211,0.09529309823863626,0.25454890318941586,0.003939573289650818,0.07389614600927014,0.5223458982041329,26.49431214186855,14.0,1
79730,6.117892928831929,1.0,106.03271362895252,1.5562760176399235,0.34219145661353245,0.07501499474701619,0.17022461334284544,0.0,0.07907699494507488,0.49551067655190706,25.71607018942484,24.0,2
46785,4.824000686513771,0.0,121.94321385928215,1.2923101708008011,0.8409268716865445,0.032756846992377936,0.11262682189264288,0.14805756513607893,0.06687402409031792,0.09251113801495908,26.238636810766444,44.0,3
102768,0.0,1.0,113.69631045987414,0.28336604953808886,0.0726508877644811,0.03550559855419764,0.37508546512046803,0.0,0.08571582562284803,0.17802005621458933,23.099139914733623,15.0,1
28513,2.81870192439919,0.0,126.34286744514529,1.347912282370425,1.2435697576993787,0.11064263125178254,0.12267420854969888,0.042361366366486,0.13375726721458914,0.509839587862524,25.677244811662327,59.0,3
8835,6.117892928831929,0.0,120.96075054129659,0.7760517866541442,0.3320568299975258,0.032054095044992494,0.3619075119375166,0.003939573289650818,0.07479010183432175,0.283089132646496,27.82214415095071,35.0,2
50282,4.824000686513771,0.0,122.49249156593606,1.4630425573980839,1.1489248154734721,0.0916158468366306,0.08576547503737772,1.1099529320763315e-05,0.07434469244013149,0.6719828838800403,32.86750339334884,23.0,2
36678,5.701060861471607,0.0,105.77834557790112,0.9719997127794917,0.9908405959351675,0.0897636276352218,0.2048640371828363,0.003939573289650818,0.09889625578485943,0.1818493657511305,25.487261734737867,50.0,3
93542,1.5954046671017168,1.0,135.05254409443918,1.2619772416422685,1.366059372813981,0.029907481693841425,0.056694445884583236,0.02603785273729381,0.11443906789033216,0.5738519916568867,26.76550183458256,53.0,3
25881,0.0,1.0,110.49349290853152,0.6785107863592905,0.5292440246282983,0.06969534196105091,0.2668778892785336,0.0,0.14423442863618927,0.5339328914848354,19.45700896705525,69.0,4
157568,2.81870192439919,1.0,118.49190128757105,0.6785107863592905,1.8445017682915805,0.07881827414418355,0.0,0.0,0.0929195560165614,0.23889672081580507,29.905423142157137,57.0,3
89045,0.0,1.0,90.0960074478413,1.3698863849283012,0.6253501522484253,0.03809250140100743,0.0993166428042023,0.0,0.07298954199416931,0.3352063471934248,22.60924561428416,16.0,1
82461,6.117892928831929,1.0,123.3614615619596,1.7166256457400175,0.46725657598435466,0.03162939973567415,0.3554906567001386,0.00035850814962577916,0.09162520541474937,0.5543724183688273,25.96948007244405,41.0,3
56457,2.81870192439919,1.0,108.23016289154377,1.0224814030232345,0.7997003756155685,0.029907481693841425,0.04993499265901868,0.14827357759696985,0.10696278729458521,0.4622253199987333,25.596906171374336,15.0,1
121285,4.359420279727952,0.0,153.29275624506224,0.7620643196394106,0.8488750374661344,0.08889717616409516,0.34588121390485244,0.0,0.12807164233603202,0.7092172109919126,29.090619332619845,6.0,1
75078,5.270402895934253,0.0,131.7074426950877,1.408017586653165,1.088438717875863,0.06776810307407538,0.2514035351565574,0.002965912600349943,0.07739805058592603,0.6082163911561125,28.43819018086977,49.0,3
155102,1.5954046671017168,0.0,147.16494053838187,0.6675719032394865,1.4913416009490772,0.041342447356368994,0.010821767172170031,0.01769303436637822,0.10581030322960991,0.22659778538501857,24.895614395157136,58.0,3
86832,5.701060861471607,0.0,110.5915230588849,1.7238032976844435,0.9135673883268748,0.08777467453951815,0.05560639557080918,3.1299625736982874e-06,0.12417503957929378,0.29243786124942284,28.05392525916096,12.0,1
131060,2.81870192439919,1.0,95.69217248426173,0.7783950615769446,0.028075873574779937,0.03637793803600697,0.375466997075387,0.14877414314378565,0.07523239892816581,0.22470267675408148,20.78655191824392,50.0,3
53322,6.117892928831929,1.0,112.93026425724825,1.1675486338704655,1.5067245784156227,0.03684347528477961,0.03505015914588083,0.0,0.08571582562284803,0.6624195015311976,22.70656191471461,66.0,4
37990,4.359420279727952,1.0,111.00414547673434,1.1762322066763853,1.2039155262962848,0.03414355059055638,0.06166502125087374,0.0,0.10763668424531088,0.8710420542341463,26.3480019218083,18.0,1
61989,3.3619271977508447,0.0,97.485807783185,1.1704392993079824,0.9823580025054448,0.07261531317345733,0.029620722255763815,0.004905852458809698,0.07479010183432175,0.49820029281298683,30.007781494149103,16.0,1
69474,4.824000686513771,1.0,80.19858558081378,1.2831687122254798,0.8153065731672732,0.11345384110696889,0.3524425401801228,0.0,0.06667382324345433,0.3129401677457382,21.74161561117547,6.0,1
7241,0.0,1.0,102.70338794240519,1.3323372212749316,1.366059372813981,0.04673112473458526,0.04804914905357679,1.0199602551708888e-05,0.06307618828727586,0.6606790044748683,32.61928511936021,65.0,4
10494,6.117892928831929,0.0,85.6709817857167,1.5972380637191486,1.2016011071995636,0.0708133464056408,0.011111986864713333,0.058232301010242224,0.1199400574388863,0.31665838257302165,27.02584705979617,3.0,1
135705,2.81870192439919,1.0,110.47285339783498,0.9877977162194078,0.3760861961379488,0.026198033914667747,0.34845482333339056,0.0009961907158109078,0.0846000186739813,0.31201016143727445,28.559680011925533,20.0,1
73604,4.359420279727952,0.0,131.88353690964738,1.7599522449896807,0.8310347149247238,0.10051148267888103,0.2524586145099518,0.0,0.06551152725670131,0.26339575548611793,25.025134296599617,24.0,2
79085,3.3619271977508447,1.0,68.64031364967454,1.3076254137645986,0.8035905104059599,0.10038079826288383,0.26429137748300496,0.003939573289650818,0.07866163055322024,0.37117222363207886,29.34235017056245,5.0,1
150129,5.701060861471607,1.0,141.4237661974153,0.6829095930719221,1.8050118109561257,0.054817363853910714,0.013712425199831665,0.11391180636698472,0.10999979085255757,0.602063981300623,33.69422644220619,10.0,1
73211,6.117892928831929,0.0,128.8095950333027,1.6144853188230401,0.8749185103672998,0.04438898378389238,0.20847417397657522,0.016823724306544618,0.07344443758622808,0.6441179843263861,28.89866174138614,17.0,1
120296,0.0,1.0,99.31141757222447,0.9382217518481557,0.9341893605956845,0.03509954398119719,0.021858947440339706,8.657135686983718e-05,0.04502737213109788,0.1385740475400913,25.70111095716777,7.0,1
77765,6.117892928831929,0.0,125.12719692008024,1.246958858166756,0.37161319540870286,0.0689341804959577,0.35798601276689124,0.059138788265392456,0.09999929605428569,0.3157291000839103,22.537288326643548,30.0,2
136013,2.234779091684268,1.0,106.32850148058803,0.6015852734389804,0.03099944511071618,0.03637793803600697,0.375466997075387,0.14869142354534587,0.07298954199416931,0.3324287028011156,25.619066997761156,42.0,3
7092,3.3619271977508447,1.0,68.39175107639367,1.9395939776160442,0.044838173904440275,0.060841266472596564,0.3741885115496235,0.0,0.08608269509259017,0.1732287102697829,25.552004101482325,51.0,3
141577,0.872923795046736,1.0,79.76631772300264,1.532661226759913,0.6846787275032765,0.059092940360516384,0.21549995852740508,0.005175096482981078,0.07907699494507488,0.07144838382056197,24.038649488210687,6.0,1
84301,5.701060861471607,1.0,92.95828331606397,1.6563128757565557,1.33675974885698,0.08360405773041377,0.3023688437772764,1.6899890889495317e-06,0.07434469244013149,0.8752442881447556,25.275323921574277,30.0,2
128,2.234779091684268,1.0,131.4558210133662,0.8774664929240397,1.095087666887929,0.04257727432062326,0.07530484433310232,0.0,0.08534643612555834,0.2680922205501752,25.777193415521094,52.0,3
73988,0.872923795046736,0.0,73.37217847401213,1.3857033743699478,0.5663192073340175,0.1110323446790209,0.15751312861954064,0.0,0.08229821707572699,0.7565036843130809,27.14473257053833,13.0,1
36266,0.0,1.0,106.64491616546734,0.19651715059525185,0.029640572774768267,0.03414355059055638,0.36424191240932374,0.14834609522529177,0.07523239892816581,0.08116046522221033,24.110929810280226,32.0,2
72145,3.3619271977508447,1.0,124.11284567206094,0.8259875510638431,0.29096402559793827,0.11464570459711737,0.3323855330835508,0.0005617910566390104,0.06995325756968657,0.17610414704469207,28.038937353854703,38.0,2
64660,0.872923795046736,0.0,87.31142143061273,1.313779393613908,0.7197556293230039,0.08438210118699253,0.07561811287312295,0.1478281207680936,0.08680895131871912,0.03920282832224809,32.74315630696252,16.0,1
29782,5.270402895934253,0.0,98.07388894634659,1.94730195698168,0.7650306132434314,0.09529309823863626,0.1827532997044595,0.0,0.07344443758622808,0.5357133001241309,26.28207479112665,3.0,1
152040,2.234779091684268,1.0,108.0955983610042,1.0414166221981487,0.7688525187496839,0.0756753591574628,0.15058911051770973,0.003939573289650818,0.10718886451071041,0.44142678332063784,31.607024005387622,41.0,3
114449,4.359420279727952,1.0,166.35559508617015,0.9177400165281233,0.986595383828515,0.0461533086282955,0.3396192727833433,0.07528457935098694,0.09861591438912895,0.7616397573195653,30.642098681293213,21.0,2
2,4.824000686513771,0.0,92.58796452066646,0.9641501397610845,0.6810255875210611,0.10390712915025974,0.17553296004468336,0.02603785273729381,0.12079744792434513,0.4919223952704212,26.273178631222212,81.0,5
149945,2.81870192439919,1.0,72.89058445648158,2.005688063444212,0.5209398115245241,0.0711798012622476,0.16257276229220186,0.0,0.1176543571357466,0.31479963689727203,27.29109575876737,40.0,2
118564,5.270402895934253,1.0,90.45183916861349,1.1133552989984767,0.8548562783934225,0.03861210524436159,0.3166178575193311,0.1308539056356855,0.12982288277910556,0.555259355923415,28.927772026381398,28.0,2
77882,5.270402895934253,1.0,133.88864523552704,0.463866698007316,0.27163782908493056,0.03482762600454365,0.37130700566282,0.1448137076338285,0.11239606234866689,0.3352063471934248,23.939217979854927,6.0,1
63254,3.3619271977508447,0.0,144.57155848116605,1.3447892366328362,1.5092957197361627,0.042024311441885176,0.12333016422336632,0.0,0.06088370615990778,0.7582161929317754,29.321285354000228,41.0,3
151638,1.5954046671017168,0.0,94.29497442388842,1.347912282370425,1.0928693631362019,0.1130192548806852,0.22598348239194627,0.0,0.11122066945651018,0.6563254629183313,22.850625775552402,22.0,2
5228,4.359420279727952,1.0,117.26495277872073,0.3230290224513678,0.8992472401295339,0.03345331143459896,0.09570049597102921,0.003939573289650818,0.11600931508282333,0.41963386075746517,31.643173985661154,59.0,3
102160,0.872923795046736,1.0,120.10971757216755,1.3199493399191744,0.7938794242950211,0.037042101458448426,0.35113068640320727,0.059138788265392456,0.07389614600927014,0.23795182913777405,26.37357318742802,25.0,2
82484,3.873488880460096,1.0,152.76581284549852,1.0523187556135853,0.9823580025054448,0.03550559855419764,0.16697724760173577,0.003939573289650818,0.09718602680360759,0.3352063471934248,27.88748131016811,52.0,3
44763,3.873488880460096,1.0,154.1835373812126,0.7574292631964193,1.0928693631362019,0.10888089716477334,0.0006493690923685151,0.07391897168127363,0.11684452751132064,0.5782695745186084,29.6058338247563,7.0,1
144279,0.872923795046736,1.0,127.35464784991566,1.0605346314265924,1.5041555271287885,0.06450986144918483,0.1765793395003656,0.0,0.11634650289624089,0.7350561716768521,27.56218376041052,47.0,3
8713,0.872923795046736,1.0,167.7853419585928,0.7051038664063272,1.6755162905062593,0.05581785744347516,0.007905355412165744,0.1386630805856226,0.07697095147323091,0.08116046522221033,23.552683324146916,15.0,1
138096,5.270402895934253,0.0,99.88224368809327,1.0881650388686348,1.458269339562285,0.053799353682425805,0.18173656703380087,0.11145892708385836,0.13008243038714398,0.25587148181996267,25.067932549696856,51.0,3
23830,0.872923795046736,0.0,81.97821008637027,0.9485494790226465,0.41090010214946837,0.10706965946680329,0.3465737819785577,0.1463190657789238,0.06971386977315287,0.16939184884033198,28.55842546104993,38.0,2
155194,1.5954046671017168,1.0,110.08059778634873,1.246958858166756,0.9591921604105726,0.10648044685009093,0.2737772756346401,0.0,0.11634650289624089,0.667637849918361,29.62871745166152,17.0,1
69798,6.117892928831929,0.0,112.9714130948916,1.3604447167824396,0.5459877684173237,0.03684347528477961,0.33433519342319357,0.003939573289650818,0.07066635954166857,0.5223458982041329,26.83611622776592,29.0,2
72632,0.872923795046736,1.0,102.87542967328102,1.382531875836705,1.3270588689493945,0.0719035626650213,0.0052779975313231725,6.06985924530493e-06,0.1293803312247751,0.659808559089989,25.571215751773416,51.0,3
56722,2.81870192439919,1.0,54.909238724318044,0.4201227557391191,0.21693416964812412,0.02770197444137078,0.314807612848614,0.1456512507835498,0.0692325431781873,0.13083490594461286,22.659186553464313,21.0,2
134047,0.872923795046736,1.0,130.3478636526828,1.532661226759913,1.057646406189738,0.06575768768239226,0.10217491408483344,0.05603765127556975,0.10894620868502075,0.27653391437213615,27.282683698777195,1.0,1
22211,0.0,1.0,112.57012034618242,1.249954663221884,0.47848134249935176,0.11634206289429623,0.3036178439671784,0.0,0.08497450704940865,0.5026799590533929,26.567261528635797,43.0,3
120791,0.0,0.0,127.16755548657794,1.1246497122921346,1.0186256893922574,0.029907481693841425,0.002986602388962986,0.12027383939465348,0.07866163055322024,0.2915038241674874,19.36813025729101,52.0,3
140444,3.3619271977508447,1.0,143.01133560156265,0.9279519897293446,0.4466415085671937,0.02770197444137078,0.2671982360325522,0.0,0.0944893301378407,0.5923822294541841,23.125064919843137,50.0,3
137623,5.701060861471607,0.0,153.9326186506556,1.4630425573980839,1.0664045786492466,0.0856377240318309,0.10918885741547443,0.09308301972254798,0.11200919934125854,0.4784445662216481,24.95575616191834,7.0,1
124985,5.701060861471607,0.0,78.68959820154052,1.5596663441426157,0.8035905104059599,0.10747283603763581,0.1014632060448643,0.0,0.1005400101632899,0.3564489745952911,25.51964684856704,26.0,2
159172,5.701060861471607,0.0,112.18406891835888,1.3447892366328362,0.8769353064372962,0.0719035626650213,0.30411417011148073,0.0,0.07567160824092482,0.7341966756319006,23.738374848186584,18.0,1
1541,4.359420279727952,1.0,141.36399602475132,1.2649927397327414,1.1489248154734721,0.0685487630522728,0.2875370978366841,0.0,0.1046199903677044,0.6988499935977971,25.480889828847495,12.0,1
142613,4.824000686513771,0.0,140.172816456289,0.9177400165281233,1.0315616104748004,0.08489042627422848,0.051639214901532914,0.06025753825061772,0.13414250231258923,0.28121715024146815,28.21172881371225,12.0,1
100868,4.359420279727952,1.0,160.95615990609548,1.3888789288233903,1.329481015462743,0.10520912552351953,0.09350737751597628,0.0,0.08892922146119757,0.5844482742465293,21.87444723344431,59.0,3
93990,2.81870192439919,0.0,106.34406600220755,1.3730416877687452,1.0143294574313837,0.11150678063934065,0.1416366259819575,0.0009961907158109078,0.07479010183432175,0.5481598184332552,24.527665731313597,13.0,1
51237,1.5954046671017168,1.0,97.4700486546803,0.7948945864056484,1.178567726183657,0.03134499269087866,0.1926598498780871,0.0,0.12121460761967925,0.37851739929939954,26.639943372131754,59.0,3
25286,1.5954046671017168,1.0,83.67182123247345,0.6395173535198868,0.9675887642154379,0.06969534196105091,0.14525821594835667,0.00329778939147545,0.13099723383694759,0.3867677441611076,23.171507130957227,20.0,1
158904,0.872923795046736,0.0,114.52322287724701,0.6057480280565445,1.5170216896823014,0.055668886914359894,0.0027288201589998687,0.05574443832023604,0.029837254848219665,0.16747215160921813,27.01594557823371,25.0,2
7906,4.824000686513771,1.0,141.74247936618508,1.068784255159413,0.7309728561567572,0.032756846992377936,0.16257276229220186,0.0009961907158109078,0.07948948280021469,0.22280677295746307,27.071284030197226,7.0,1
4121,2.234779091684268,1.0,117.80708038253321,0.22636377805089386,0.1625543829221118,0.03414355059055638,0.3626433241814785,0.14881696359613644,0.08030591854684666,0.03385284717249847,17.046833597593675,33.0,2
156071,4.824000686513771,0.0,121.3375808203671,1.9744220162276542,0.6025297380460697,0.11017367031918551,0.27316267531591903,0.0,0.04857530462566982,0.6763246671744051,22.46443796903603,22.0,2
41062,3.3619271977508447,0.0,116.71222731234442,0.9025300258404296,0.9696927940084842,0.11626237402115974,0.24419571757330444,0.0,0.13656581491432346,0.5879758736035932,22.50722360404116,63.0,4
20198,6.117892928831929,1.0,123.80830918882397,1.351039350458107,0.5176307295664182,0.0431865287142909,0.2438272032254007,0.042361366366486,0.09479702346996888,0.5782695745186084,20.110111872986558,39.0,2
60082,0.0,1.0,95.3655432992728,1.8559896484373444,1.4180472143719791,0.11345384110696889,0.18122637916738668,0.0,0.07610775407689287,0.31665838257302165,25.976974772015513,20.0,1
10015,3.3619271977508447,0.0,142.37462209863608,1.8447562024754598,0.6920073491138415,0.07600145917456508,0.05552253423562286,7.947586052457237e-05,0.05222541553625711,0.2709078202006909,28.561436319909852,46.0,3
54431,4.359420279727952,0.0,78.56501841482718,1.4305314995612604,1.3636064357556406,0.03162939973567415,0.12135717411903511,0.03745043260059521,0.11843967107822272,0.2709078202006909,26.76707533411966,41.0,3
18487,1.5954046671017168,1.0,82.51102047942041,1.7094653201885666,1.2388742016849947,0.025665182038479516,0.2180697686246851,2.259980487794926e-06,0.0807099107755365,0.3922603925171521,27.280742203214214,64.0,4
23785,3.873488880460096,0.0,107.55710035384007,1.489348138354589,1.3077553750603137,0.11064263125178254,0.07842206986670712,0.0,0.0642263303982092,0.7126689085118315,26.81739413151967,58.0,3
7015,3.3619271977508447,0.0,127.4254292911272,0.8067838170617007,1.1084392632811322,0.09060308225465417,0.20072249983297194,0.0,0.06966589041842604,0.6927940050087114,22.401044008683098,45.0,3
24345,4.359420279727952,1.0,132.85899304784536,1.6248846462339144,0.5011931214681938,0.08307477277729898,0.22434514853910228,0.07062026919522872,0.11443906789033216,0.5187756442984244,27.195871542746612,4.0,1
57538,2.81870192439919,0.0,97.54884066048281,1.1246497122921346,0.7403721686283902,0.1146152668702922,0.1360999778061121,0.0,0.11700849582798221,0.48114289466383386,27.28397797686083,10.0,1
93179,0.872923795046736,1.0,113.42390906367858,1.3416702104497014,1.0707955444139763,0.09785169032817521,0.07452016071660737,0.0,0.08644706391858864,0.3435297312064924,23.84035763827851,31.0,2
20742,1.5954046671017168,0.0,139.04509341080265,0.9615409198141054,0.9383370423726153,0.02770197444137078,0.1988539897807107,0.0,0.104861145959801,0.35737047171995895,29.151279126127008,39.0,2
153545,0.872923795046736,0.0,111.08664362325085,1.443486624022477,0.9550055590897916,0.044209968103347645,0.2445634442629467,0.0,0.06667382324345433,0.4973039056850378,19.684001533793083,18.0,1
41075,3.873488880460096,1.0,91.39621634439655,1.767234330366132,1.4180472143719791,0.0483222310537884,0.21069722185364373,0.0017580922600989122,0.07567160824092482,0.8802833227321611,24.18657553973581,9.0,1
112031,0.0,1.0,115.2364545295439,1.2529544013102096,0.6288885490015691,0.05606528305964056,0.2343516206207626,0.0,0.06816153313309274,0.2802808782739762,22.00284734441088,47.0,3
4457,3.873488880460096,1.0,129.45548206870114,2.279114124535793,0.45611891744501903,0.10038079826288383,0.14764237027396704,0.0,0.08497450704940865,0.4973039056850378,25.965866031595827,2.0,1
143987,6.117892928831929,0.0,91.92615425383846,1.6916401609057337,0.9445731428547706,0.09998279941324975,0.11398938173084487,0.0,0.12135199042106064,0.46853879156411365,22.09239886757539,41.0,3
53874,5.701060861471607,1.0,108.04901275298414,0.702869376209742,0.20273364528447474,0.032054095044992494,0.36609606149188056,0.14842362656171054,0.09999929605428569,0.3444536710269561,24.3923152546861,49.0,3
72168,4.359420279727952,1.0,122.15177756549896,1.249954663221884,0.971798776571637,0.03345331143459896,0.0,0.0,0.07523239892816581,0.4694400923118106,27.286566407548573,33.0,2
3995,2.81870192439919,0.0,101.82167832117368,0.7118274915660402,0.6993657939488159,0.10881139747315668,0.13919151447689318,0.07921649421235842,0.09386772939038489,0.35276125013630455,30.97880839557705,4.0,1
151075,5.270402895934253,1.0,138.5456829996413,1.0605346314265924,0.9094662464472685,0.03550559855419764,0.2535070519600315,0.0,0.07066635954166857,0.4477656398183121,25.873927692277654,44.0,3
30513,5.270402895934253,0.0,180.8315358710448,0.25437647934640445,1.3981349919391537,0.05776762020712451,0.02409600998560086,0.1345443816655795,0.144695092159463,0.1065584841555173,24.76218059001336,47.0,3
141631,2.81870192439919,1.0,171.86561961328536,0.9511404885049599,0.7328489612337938,0.04071676728200563,0.3043616362999674,0.0,0.1282651059706081,0.41963386075746517,27.70153163146314,1.0,1
54781,5.270402895934253,0.0,98.86595266569991,1.0577922600757719,0.6218191154126793,0.03550559855419764,0.2652662918471982,0.0,0.08111111514562246,0.24833490189782328,24.749045521961243,35.0,2
10243,4.359420279727952,0.0,136.11985963482593,1.2619772416422685,0.5126805935065077,0.026953409443536608,0.16312805578940295,0.0,0.09776367429658296,0.5614638976786368,26.46393128099917,61.0,4
127852,6.117892928831929,0.0,121.84654507706269,0.27257088459193435,0.15642740565459196,0.03127373074081886,0.37197035660800803,0.1479168571466924,0.07523239892816581,0.07252864396479956,25.570945233159023,41.0,3
155440,0.872923795046736,1.0,109.69330741951943,1.94730195698168,0.8251223509347365,0.09460267036318325,0.08666995300893333,0.0,0.07113757653068406,0.5374931232470989,30.03772733038697,9.0,1
56601,0.0,0.0,114.09189725051291,1.3354442055656686,0.5595130343273138,0.03550559855419764,0.24085046066065832,0.13838919738801395,0.08961697180144913,0.18758708461990609,23.930872269608848,1.0,1
43845,4.359420279727952,1.0,121.14918664864699,1.0577922600757719,0.7067541031969141,0.03414355059055638,0.2728544450274014,0.0,0.065765824499414,0.7393518023357826,30.947827400291967,39.0,2
122003,0.0,1.0,99.59427056460613,1.5259518253987494,1.208550416448057,0.06366010318565381,0.04649739313307388,0.0,0.10237756976806238,0.379434781026071,24.049789938695476,58.0,3
23764,3.3619271977508447,1.0,70.7947274987698,0.9746235506992239,0.8648633807671563,0.11946283339028396,0.3386941269429667,0.0,0.14472568063343824,0.49820029281298683,22.73308064536614,36.0,2
33086,0.0,1.0,112.62157955354262,0.8774664929240397,0.7900082832763979,0.02302831783104488,0.228815907594239,0.14643338556933322,0.13865361202330673,0.6205010638904588,22.091801669959438,3.0,1
13038,1.5954046671017168,0.0,111.94719672276393,1.7166256457400175,1.6863534561629305,0.06697413709052649,0.1200332692849557,0.0,0.1220266290353647,0.677192634794403,25.113967663889376,64.0,4
30024,5.270402895934253,1.0,100.23288720496181,1.580096699910016,0.7822887621101576,0.03317547616112335,0.29193879468905093,0.0,0.06712347472330239,0.6371305844385486,23.898319350528457,29.0,2
157686,1.5954046671017168,1.0,104.46357843609374,1.382531875836705,1.2981526855390904,0.04954523409962817,0.04038650080234692,0.0,0.05940416375632923,0.646736059972371,25.910944097336913,49.0,3
41535,4.359420279727952,1.0,136.00466748918197,1.3762010353347607,1.208550416448057,0.06931636345747896,0.12135717411903511,1.1499494787303795e-05,0.0652563208801996,0.4169031817689732,31.357410570154777,3.0,1
86523,1.5954046671017168,1.0,110.29223414585792,0.8724965562789044,1.3440569354023117,0.03809250140100743,0.26910665711550336,0.05462064728992842,0.10363955969640551,0.41417103144871215,27.154082661221864,18.0,1
48196,4.824000686513771,1.0,116.08740138996605,0.5830123021618808,1.0337244907542096,0.041962598355487504,0.16312805578940295,0.020262220644609228,0.0912961293942096,0.28121715024146815,30.410280895724632,40.0,2
48620,2.81870192439919,0.0,92.13800728480729,1.2862118976616896,0.7234872037486205,0.057189753444873856,0.24009823882222112,0.0,0.12135199042106064,0.2737217164713884,21.715195351833362,26.0,2
67851,2.81870192439919,0.0,134.8670188908703,1.573269725078865,0.9341893605956845,0.03345331143459896,0.2838582084562178,0.0,0.13131606348807848,0.8440817409401928,26.437097150547096,26.0,2
73051,3.3619271977508447,1.0,145.7822955010136,1.2619772416422685,0.42477495344457195,0.026953409443536608,0.22227665399240484,0.02842257543207075,0.09570786137811908,0.5053659477481252,22.001050823202107,35.0,2
67425,0.0,0.0,103.06306469434557,1.3793644304245756,1.3077553750603137,0.025741511009059373,0.14284992485469716,0.0711013647450537,0.06365352429629562,0.3342806431153462,26.634023274476203,26.0,2
6916,0.0,0.0,121.63281722067904,1.8937234471278688,0.4139711117068804,0.036909743172268895,0.2606647456595814,0.0,0.039322882389741076,0.33890739350112375,25.29140750061267,41.0,3
17714,0.0,0.0,174.6086867468794,1.5125831187873215,0.8133491362738893,0.11285320965981253,0.28125563818496374,0.0005528293692178693,0.0875253578926078,0.6161167520118906,33.73296267780209,58.0,3
146825,6.117892928831929,0.0,136.74566013263936,1.6179475077937715,0.858853361084863,0.11285320965981253,0.06888613211749346,8.727089200410473e-05,0.07697095147323091,0.39683299385755855,29.025406492115927,27.0,2
29904,6.117892928831929,1.0,129.0871813082007,1.3698863849283012,0.9550055590897916,0.02412396150938901,0.012944084026269448,1.799876229976002e-05,0.08150955334797905,0.2028513616900528,23.906814303401653,26.0,2
137837,6.117892928831929,1.0,127.02594587876692,0.546642639354966,0.04515819909926497,0.03041356110871576,0.36665906805142,0.0,0.05795192459464657,0.18376276966746116,24.9831108532649,29.0,2
66744,0.872923795046736,1.0,98.15785938072322,1.4794525303974508,0.9259172992484815,0.06075066486719358,0.04458997095889369,0.14839298975671497,0.06637245044186935,0.12017050102339782,21.715044316944805,8.0,1
48152,0.0,1.0,130.01017271513285,0.5748410348239007,1.5144442747914244,0.05009339799691467,0.0,0.13696953927196803,0.09804963764136568,0.3748461739260816,27.25523515210926,58.0,3
49276,3.3619271977508447,1.0,105.32130159006398,1.2024918523025487,1.4055865716025768,0.06776810307407538,0.3099278600381149,0.0009961907158109078,0.10160035464617702,0.8085200343541193,28.785763090581817,43.0,3
4538,0.872923795046736,1.0,62.828274525092816,1.1021217240069057,0.7049042238456557,0.10698728321032973,0.05836061652265536,0.0,0.07989911657905567,0.2313320887455652,26.31883273516078,22.0,2
9482,3.3619271977508447,0.0,106.98193176064751,1.7346023120600809,1.2225035455976938,0.07941640169894552,0.07530484433310232,0.0,0.09999929605428569,0.6901966663783777,27.496964421100454,45.0,3
31246,0.872923795046736,1.0,106.84714375834274,0.9930930893391963,1.4785798387800124,0.10778520225113049,0.11669313372009094,0.0,0.12464975206108977,0.8093691047507907,34.67427479113702,17.0,1
131064,4.359420279727952,1.0,119.69152939402868,1.6144853188230401,1.1557353982549923,0.11160832397974157,0.18825977665822002,0.0,0.08268848505094586,0.7547906905198852,21.240785580528897,16.0,1
84685,3.873488880460096,1.0,115.25184104542821,0.9746235506992239,0.6060203886768876,0.032756846992377936,0.25932539471476873,0.0,0.11161742520075171,0.5658914195524049,26.440799510846375,27.0,2
96451,4.824000686513771,0.0,122.28401106831078,0.894973455755926,1.0773968561658953,0.02851761080959776,0.12658456236904403,0.0,0.07004877567117059,0.29897094882889713,30.515671491772935,48.0,3
108332,0.0,0.0,94.12077752280646,1.688088075804631,0.5544274649064301,0.058717534870942424,0.03950348483126515,0.0,0.07344443758622808,0.3008358881800992,25.070948506081884,17.0,1
120439,0.872923795046736,1.0,102.73988508138792,0.6763163713235399,0.8409268716865445,0.050636785623080244,0.15864721974158413,0.14597197313733803,0.09029545927515505,0.5276968367130614,31.92624573045476,17.0,1
83147,6.117892928831929,0.0,144.7751032785925,0.9984031852273931,1.4913416009490772,0.10452341798063405,0.2818379910590027,3.119628153954374e-05,0.07389614600927014,0.5658914195524049,21.680741132798673,21.0,2
59023,4.359420279727952,1.0,101.7538094236772,1.489348138354589,1.0057605767148683,0.11297815609525026,0.2687902042323191,5.08990102568353e-06,0.07434469244013149,0.5285881430572061,22.032176590692618,1.0,1
59263,3.3619271977508447,0.0,65.61005107524171,2.0135500188167925,1.178567726183657,0.06657208594270177,0.2975136482041665,0.0,0.06515398295072336,0.4838398383414279,25.978446772557806,5.0,1
143937,0.0,0.0,154.8572844558679,1.0144220302914997,0.6377667747259554,0.029907481693841425,0.2855678070131954,0.14821530793506596,0.08268848505094586,0.2690309433417808,25.412900709613183,33.0,2
21886,2.234779091684268,1.0,121.35794524950258,1.1021217240069057,1.0078998505255499,0.10867092527459508,0.08303424155368089,0.0,0.11277808358501228,0.4169031817689732,25.368729937896667,63.0,4
123289,3.3619271977508447,0.0,77.25250602961036,0.755116866294833,1.2529852016303604,0.1194377028329058,0.32381489060734037,0.0,0.1419690937436017,0.38768360549391373,20.311209848145385,31.0,2
112081,2.81870192439919,0.0,90.27129285280195,1.3354442055656686,0.44349653102047515,0.06575768768239226,0.35309207935843534,0.055685670262276735,0.10133787158252591,0.3766821266125737,21.8699380543011,29.0,2
142919,6.117892928831929,0.0,97.49106074518363,1.4597729435754092,1.0467431886384175,0.04257727432062326,0.07056408099918726,0.1378194291568026,0.04939316370457285,0.6169938866974617,22.461632858940966,33.0,2
157481,2.234779091684268,0.0,153.04162875725163,1.9165779889820305,0.9591921604105726,0.10348094851633399,0.20211257541611768,0.0,0.046915984095589794,0.5596918883888553,27.541227290701972,8.0,1
82122,5.270402895934253,0.0,105.80949737928272,0.43270279790335536,1.2909720999978591,0.04379041442699696,0.16752177592828701,0.0,0.13939932768540814,0.02591366550981827,26.269858643991054,42.0,3
27198,4.359420279727952,1.0,134.05930698157886,1.1646618235594426,1.2529852016303604,0.08845352666152759,0.07294428524369923,0.08966760967333837,0.09833371298734968,0.28776582155373864,26.982314205180476,19.0,1
10998,5.270402895934253,1.0,103.59964020637048,1.9939292486457882,0.7141723179935984,0.048769691834977445,0.32632860808569963,0.0016890132835813056,0.07389614600927014,0.5463834888224122,23.197233103373577,42.0,3
35660,3.873488880460096,0.0,116.75318276242685,0.4129996505815559,0.12404034121642822,0.03743776061128075,0.373801201041412,0.1487173288253286,0.06707365559333728,0.03890579573189729,29.800630927812435,31.0,2
106882,1.5954046671017168,0.0,115.6415349094555,1.6809968297595563,0.653863841431761,0.07821024105866159,0.18122637916738668,0.0,0.05658694707312501,0.7974715008392304,24.137381850103147,23.0,2
61796,0.872923795046736,1.0,99.07561883866731,1.7202123044997546,1.0906530470009785,0.0719035626650213,0.1580808751609178,0.0,0.07782218133052284,0.4269085074607398,22.339011070694152,2.0,1
67904,3.3619271977508447,0.0,84.89998432641099,1.3888789288233903,0.8330093229215549,0.10224203121314437,0.24747716982900486,0.06613628695326,0.1046199903677044,0.47484463488452405,28.567959103765116,18.0,1
146845,3.3619271977508447,0.0,84.84640586072798,1.1937037408317457,0.2702700593198571,0.044864046298832415,0.3639533056653995,0.07528457935098694,0.0846000186739813,0.21711427425888152,19.531192955559867,28.0,2
30702,5.270402895934253,1.0,89.91535946756439,1.4176418973042995,1.0554618093302919,0.036177528458350545,0.0007990444960389565,0.14878033257804144,0.07298954199416931,0.29897094882889713,28.56080907552759,24.0,2
157557,5.270402895934253,0.0,137.80108240075862,1.8335626327890615,1.1534632002710248,0.054817363853910714,0.17183062586123532,0.0,0.07479010183432175,0.7736070474713581,23.289860699209378,16.0,1
34855,2.234779091684268,1.0,88.41503529561375,0.9356488839762348,1.1831582989482943,0.036177528458350545,0.3242375668695837,0.0,0.1125876738958727,0.7530772108816399,26.400318853602908,54.0,3
14071,1.5954046671017168,0.0,175.1063204505623,1.2024918523025487,0.46885477553086813,0.041342447356368994,0.28669641558679226,0.10261970860420891,0.07207008747600625,0.417813571389132,22.507518487358613,18.0,1
65925,0.0,1.0,124.81794496981483,1.1966292274711101,1.481128021569572,0.038157654766122096,0.0341517760422906,0.02359941253875624,0.09570786137811908,0.7092172109919126,27.63024948664283,39.0,2
43043,5.701060861471607,0.0,114.73366645404633,1.6809968297595563,0.7726819849845797,0.1038017549402223,0.2555842232981101,0.0,0.07523239892816581,0.3536834419639886,28.180849387682212,4.0,1
19007,0.872923795046736,0.0,187.2965023339989,0.3510049058496123,0.1527706958124397,0.03345331143459896,0.3190644659471356,0.14804845413788578,0.07567160824092482,0.1385740475400913,21.259328026487356,8.0,1
127666,4.824000686513771,1.0,111.60205890737734,2.121479287664249,1.6351796831827423,0.07296675335244636,0.09642761173667264,0.0,0.0912961293942096,0.6423719350959114,25.43449144834563,32.0,2
135250,5.270402895934253,1.0,191.4948947026154,1.2260981136938247,1.3270588689493945,0.03550559855419764,0.0036202930481015706,2.8696853549625572e-05,0.07207008747600625,0.22849210047277335,27.0310573738656,44.0,3
26518,4.824000686513771,1.0,72.72630133077116,1.313779393613908,0.31915017287557573,0.03880600336970576,0.23396181207368982,0.14833020860305846,0.06727271957900667,0.14726385588242943,25.521813893744664,63.0,4
120520,3.3619271977508447,1.0,158.07271860663025,1.3604447167824396,0.5093894862776464,0.029689610335349732,0.1964938211855431,0.0005488461993285446,0.07389614600927014,0.3536834419639886,26.76550183458256,32.0,2
129333,4.824000686513771,1.0,119.50276629667316,1.826122368673923,0.4995592265814947,0.06292632681838277,0.24271691165998005,0.007034390933766684,0.06672392693128805,0.05668884401526047,25.292361393300872,33.0,2
42857,0.0,0.0,97.66963742520281,2.081114692943841,0.6901723993940194,0.10992929452804559,0.1071041786982304,0.0,0.06370578415960063,0.7333370560811653,22.803890530150348,49.0,3
131171,4.359420279727952,1.0,114.8055125882031,1.2054289960576283,1.044568472103753,0.029907481693841425,0.15058911051770973,0.0,0.07567160824092482,0.6580672741241114,22.02035826569781,5.0,1
8969,1.5954046671017168,0.0,98.42020093328479,1.0063959825440436,1.4130567522589161,0.09692880978339921,0.2053189330857846,0.0,0.12306481658547469,0.686731754906846,26.947087992751257,57.0,3
54302,2.81870192439919,0.0,56.6665257173744,1.357305564867754,0.7309728561567572,0.10164462000814617,0.10640559698907252,0.14861803168969095,0.07567160824092482,0.7898109046633108,19.360303772774063,28.0,2
159159,0.0,1.0,141.07007329409777,0.6829095930719221,1.637853941661252,0.0454531762951517,7.04925723435399e-05,0.003541268816684709,0.132877752641432,0.47124222729765775,23.185817771783412,31.0,2
20837,0.872923795046736,1.0,136.28511093614065,0.9851555438001129,0.7517134112457518,0.023890353676344383,0.29541631388901735,0.09036896492578804,0.09718602680360759,0.30176808255591336,27.725221890712152,27.0,2
26293,4.359420279727952,1.0,120.59394354611693,0.7807417810472599,0.3582878358476109,0.029178943760520885,0.3434205233568624,0.14855554980531355,0.0642263303982092,0.7445025014285709,29.63104184899007,49.0,3
468,4.824000686513771,1.0,96.43439929180356,1.2201731395132756,1.1286011489630472,0.11005232819260728,0.2300164851229946,0.0,0.09355379050258464,0.58621235383743,25.836338032696823,44.0,3
47553,0.872923795046736,0.0,71.19042563719219,1.0251752790418884,1.2933635885898236,0.10706965946680329,0.19217553698332104,0.0,0.14082604921859473,0.6362565578510048,22.49955572517471,17.0,1
84021,4.824000686513771,1.0,119.85474961680136,1.2984243322312379,0.817265915439901,0.08997598537939895,0.17342500988932696,0.0,0.1031396955853106,0.3110799737441455,27.633842232078823,63.0,4
31826,0.0,1.0,59.40934263794314,1.338555201025666,0.6253501522484253,0.09915929004532116,0.3197233365022114,8.929695361431581e-06,0.12883231270653828,0.5348231690526993,22.739377613866466,48.0,3
76890,6.117892928831929,0.0,87.17800049809313,1.3920585419964056,0.4124347299272793,0.09929914618218678,0.27830897511718755,0.14737848462801745,0.11566792219410234,0.35460545987661984,29.593591621605686,30.0,2
139200,0.0,1.0,141.00031603987216,2.125541180073894,0.5714429205166435,0.11439662883263202,0.1146679813352171,0.0,0.13671498695509582,0.3986608665711685,27.546756739854025,28.0,2
99066,4.359420279727952,1.0,133.98401887324422,1.486045460471644,1.1353577070957022,0.0711798012622476,0.2652662918471982,0.0,0.06687402409031792,0.26527491248338686,27.546370988884533,28.0,2
12287,3.873488880460096,1.0,100.79773530588726,1.1704392993079824,0.6993657939488159,0.030485597741861343,0.237821988557352,2.1198283126788567e-05,0.1046199903677044,0.8794437592650981,24.602580718647484,29.0,2
140383,0.872923795046736,1.0,49.04983760932453,1.7023222984191564,0.6792018079786396,0.07664561864626834,0.005848379428389345,0.12297274213462288,0.12901708090428082,0.3324287028011156,31.942515209466613,6.0,1
17593,3.3619271977508447,1.0,102.89106779148293,0.8091720843236079,0.6395479508797876,0.024666575841302687,0.3089768159015057,0.0,0.09029545927515505,0.4504799087144882,23.891380292053533,49.0,3
81951,3.3619271977508447,1.0,162.96381654216913,0.8749797475547563,0.9259172992484815,0.09277983356126722,0.04126698976593212,0.13224237480154125,0.08111111514562246,0.25869452132756765,23.47953393079083,14.0,1
80927,2.81870192439919,1.0,122.5179125411958,1.1675486338704655,1.0928693631362019,0.026349657147987843,0.03424173099921232,7.15980415608569e-06,0.059790517208288665,0.7057634965086762,27.02923384173388,1.0,1
156098,6.117892928831929,1.0,144.1444773064051,0.9667630100669081,0.7631224941741739,0.10115040624203152,0.19838414786356615,0.0,0.1173334149753333,0.45409671780157784,29.603263249547233,41.0,3
65248,5.270402895934253,1.0,105.25375972232113,0.7737119535467464,0.36123690408972214,0.04379041442699696,0.3556485036265357,0.12688011858465612,0.0994514137349725,0.4269085074607398,20.508633324561618,20.0,1
110891,0.872923795046736,1.0,63.86717332872474,0.24246363706370536,0.10424879068637183,0.029907481693841425,0.367913156695341,0.14840069542405054,0.07389614600927014,0.08703540456465482,19.672386810519217,45.0,3
23737,4.359420279727952,1.0,91.62944288946191,0.7574292631964193,1.020776755417497,0.026953409443536608,0.2053189330857846,0.1297586523898561,0.07989911657905567,0.4883316765960209,23.209511193807423,31.0,2
255,4.359420279727952,1.0,89.69745036653478,0.8478595149544487,1.3857569851549003,0.04843439090520536,0.009852506517610308,0.0,0.1261174700059207,0.4622253199987333,29.876846296954195,81.0,5
246,2.81870192439919,1.0,119.68642824905025,1.6179475077937715,1.3173907569336416,0.041342447356368994,0.0760873691556447,0.0,0.1261174700059207,0.7607840476203711,25.3430189325727,75.0,4
91833,1.5954046671017168,0.0,99.69376561752412,1.4827469254218961,0.24727534436532683,0.050636785623080244,0.34288568786942675,0.14762942407511653,0.07610775407689287,0.2943053803806194,26.983096654236917,2.0,1
853,3.3619271977508447,0.0,135.98964139647876,0.49399933792676487,1.752093072887597,0.06616661355998277,0.0009985074216367666,0.058004066612480004,0.11181393054084698,0.3766821266125737,31.61275842074961,56.0,3
59692,6.117892928831929,0.0,90.95603479705763,1.9744220162276542,1.057646406189738,0.06370293596274598,0.12267420854969888,0.02269158851998736,0.040851404408130794,0.643245026323755,26.49774500952595,8.0,1
150882,2.81870192439919,0.0,117.41330627278442,0.9382217518481557,1.7742801479019172,0.11683196736370616,0.24345789896605846,0.0,0.06494886800397695,0.5276968367130614,21.024987227501704,3.0,1
28335,0.0,1.0,97.55409313770166,1.4827469254218961,1.257705099064472,0.03570780928036591,0.23972090973170235,7.209801411231726e-06,0.05732925280795218,0.7923654968094657,30.295603582957693,54.0,3
117858,0.872923795046736,0.0,103.365262975828,0.7713755595229619,0.6077684628587345,0.09957570687151389,0.20981104117612712,0.003939573289650818,0.13382235463599929,0.5321518963893909,22.04787790250591,41.0,3
145493,0.872923795046736,1.0,160.15894258381329,1.2409790360109807,1.616519151327676,0.029907481693841425,0.015625372543004,0.14869142354534587,0.12644056977927082,0.5729680510664715,25.972558430395733,11.0,1
132104,0.872923795046736,0.0,97.57510264280161,1.6283596013417518,1.2790452321863144,0.061916456303725574,0.012847913841678807,0.08563797173021095,0.08307607176161669,0.4865354007105218,25.158304562119028,12.0,1
7509,5.701060861471607,0.0,83.72013794146034,1.4794525303974508,0.8094399761009098,0.11058541423287303,0.19071575807816873,0.001984806558653298,0.12892496155362296,0.41417103144871215,24.13020796852203,52.0,3
116458,3.3619271977508447,1.0,114.0353968770328,0.8799567951318898,0.8270912295607865,0.04021220559895827,0.07420568102693714,0.0,0.10160035464617702,0.24456196630091115,31.219050255291556,21.0,2
159614,4.824000686513771,0.0,119.38030255602212,1.433764130961678,1.582138574210083,0.055419740524264245,0.12787458610078709,0.001560625859204984,0.08534643612555834,0.7812879084874744,27.68039081966924,25.0,2
112518,5.701060861471607,1.0,119.24250935647161,1.5125831187873215,0.7842157988769721,0.10621872520381574,0.2521076621480948,0.0,0.09889625578485943,0.6858652061907988,28.741568084867406,30.0,2
5256,0.0,1.0,122.08565313186834,1.0853850452792237,1.450687222114931,0.0431865287142909,0.009852506517610308,0.07836356462879837,0.09804963764136568,0.581801103291445,26.677285139244525,52.0,3
141950,2.234779091684268,1.0,112.49807180342755,1.0063959825440436,1.2318460617081535,0.025665182038479516,0.019040454878118153,6.918170979209766e-05,0.07654086052747315,0.2426743316518963,23.4858385564765,49.0,3
579,5.270402895934253,1.0,70.64076002997714,1.7745339005343035,0.9612883852905215,0.08489042627422848,0.3038662397214829,0.0,0.10829773278800112,0.44504994222165256,25.98259483294283,1.0,1
39411,1.5954046671017168,1.0,109.16110970827533,0.7163267310388866,1.1286011489630472,0.041342447356368994,0.24675338874745154,0.07252479276527941,0.11532226495594795,0.7350561716768521,32.26406416472978,31.0,2
29267,6.117892928831929,1.0,120.99640383591083,1.580096699910016,1.1557353982549923,0.05631163987576615,0.08606729572137231,0.0,0.11371239933650804,0.6090947568251034,22.268546941190746,54.0,3
3275,5.270402895934253,0.0,156.66498429438158,0.38152997688973794,0.6253501522484253,0.030197061090221734,0.33529747315535713,2.209813426523475e-05,0.06697391089549902,0.13373873230055272,20.91536874195446,20.0,1
111644,2.81870192439919,0.0,185.295264652857,0.13383750761943575,0.26481583262082403,0.03247650422115219,0.3636637941738934,0.14865846021898388,0.07298954199416931,0.06899218208189081,20.62876233538377,37.0,2
70524,6.117892928831929,0.0,86.59594419784086,1.5427567021324977,0.9908405959351675,0.05601588360436978,0.028706613028225754,0.0036579744314103857,0.06489749761846024,0.45228862939516046,22.759139541832713,40.0,2
80750,3.3619271977508447,1.0,121.48521185593013,0.7713755595229619,1.2600680937293525,0.03134499269087866,0.025948304091180735,0.0,0.11122066945651018,0.41325998704410216,27.063346071419467,54.0,3
6,4.359420279727952,1.0,59.13870095909292,0.7901631590571356,0.3334994777967263,0.03482762600454365,0.3492986047773872,0.12353430773619678,0.12589889796513168,0.35460545987661984,25.907056381433204,59.0,3
42512,3.3619271977508447,1.0,59.69107536978017,1.826122368673923,0.4640655093621761,0.03345331143459896,0.3462280736293302,0.0,0.06677399494927812,0.5366032848165226,25.119170415957814,55.0,3
118764,3.873488880460096,1.0,156.25753179453864,0.5406808071146674,0.5869123931257155,0.027028571290768577,0.34198828027640027,1.5799904630899985e-06,0.06985760413807163,0.19617970441626129,28.54035575213025,45.0,3
20261,3.873488880460096,1.0,120.8945332893204,0.6632195463963222,1.2459205763017733,0.03345331143459896,0.0009985074216367666,0.0,0.059955501299521215,0.509839587862524,26.727981447002367,49.0,3
5514,0.872923795046736,0.0,129.36468213519098,1.499281057085816,0.6556616476550895,0.10816339972175154,0.19696805351856575,0.0,0.08384328428839721,0.33890739350112375,24.473363384219873,16.0,1
2163,2.81870192439919,0.0,107.87299675182082,1.6388100440527043,0.8488750374661344,0.08867623283039489,0.12915797286804528,0.0,0.11781335401820275,0.5357133001241309,29.755398705860035,66.0,4
72776,1.5954046671017168,1.0,52.633977718884445,1.2953652640842788,0.48170445036181103,0.1189100096040592,0.0771014370460479,0.12735141084815144,0.07697095147323091,0.2971052741693927,27.250831274338392,6.0,1
109296,4.824000686513771,1.0,139.07504985489894,1.0171047814103484,0.7536102102164997,0.025435779189136993,0.023165805092240477,0.0,0.065765824499414,0.5729680510664715,24.877428641862892,46.0,3
49020,2.81870192439919,1.0,107.22034341477196,0.37980950185913204,0.08267241937393645,0.036177528458350545,0.3562773553028658,0.0,0.104861145959801,0.23795182913777405,21.272959771649735,26.0,2
39111,0.872923795046736,1.0,98.57755792933045,0.9459621033695175,0.9156208630438081,0.11160832397974157,0.18071497178150703,0.0,0.10160035464617702,0.2511625677425661,27.4945182544045,17.0,1
90722,2.234779091684268,0.0,166.23393681047835,1.0826088263724851,1.2790452321863144,0.041342447356368994,0.05919019669413417,0.0,0.11407800504076084,0.5773863402581226,24.88638487268273,37.0,2
140892,0.872923795046736,1.0,148.79792826325527,0.7321803953673356,0.8231553808396798,0.04257727432062326,0.0978759997682047,0.0,0.07567160824092482,0.6806632116178793,24.160441039112488,17.0,1
115168,6.117892928831929,1.0,89.60707567193515,1.5293044363985917,1.224836140286072,0.10665182007938102,0.13919151447689318,0.0,0.07989911657905567,0.4667357229045698,21.857910523632054,24.0,2
3421,0.0,1.0,92.40801915327988,1.440241690388494,0.9570978852161511,0.11140384870955194,0.07795666816079219,0.0,0.10107366171887236,0.7118061729084739,28.531569042591315,67.0,4
124113,0.0,1.0,117.07051788689758,0.5646987472473326,0.27300728550149644,0.02844379682282684,0.32381489060734037,0.14555209515107553,0.09479702346996888,0.14340389481984422,22.04892438952976,47.0,3
142132,0.872923795046736,1.0,137.9510482395023,1.2984243322312379,0.7650306132434314,0.03331451855029561,0.1440571078191837,0.0017186230754559358,0.056987518518407956,0.3277957400099712,25.96907852922066,31.0,2
38999,3.873488880460096,1.0,106.38556980164141,1.4926549618789116,0.5259169346537883,0.039448600807730404,0.2924794775923191,0.0,0.07253143383276514,0.5596918883888553,20.159837178787438,34.0,2
19642,6.117892928831929,0.0,103.70899031461822,0.9126556457501946,1.4836782886015223,0.11246303557064592,0.04993499265901868,0.0,0.13539598647876638,0.19140808741899407,27.970151499123798,42.0,3
66674,2.234779091684268,1.0,158.03350305174476,1.068784255159413,1.7245520312708758,0.11458463290479251,0.07678980227277794,0.0,0.12331669781090818,0.379434781026071,30.501162110990695,60.0,3
124744,5.270402895934253,0.0,148.90175846937106,1.4794525303974508,1.1443944415571772,0.10038079826288383,0.03950348483126515,0.0,0.09999929605428569,0.44595533372469104,25.02197733427788,26.0,2
59836,0.872923795046736,1.0,85.30166947374147,0.178617002239422,0.7707663064582774,0.04557037994341877,0.09203541848258019,0.1481114486462506,0.1299964056903021,0.0328613191217961,25.259915342374693,52.0,3
134754,2.234779091684268,0.0,145.99055540100576,1.867263047261125,0.9238541349219103,0.07600145917456508,0.3410832802224311,4.979905257296689e-06,0.06687402409031792,0.5685462219497042,25.299037959171024,12.0,1
143996,5.701060861471607,0.0,95.23379282057788,1.0441365530273317,1.0337244907542096,0.09200993864114734,0.21849470962927253,0.0,0.08030591854684666,0.4883316765960209,21.26790598725989,57.0,3
99082,0.872923795046736,1.0,130.08074537147533,1.5059237685634277,0.3835759578380506,0.10698728321032973,0.17342500988932696,0.0,0.061046331132959944,0.1007111868006316,21.492102816372324,22.0,2
57125,4.824000686513771,1.0,140.2276723821565,1.4794525303974508,1.6085535048877457,0.05431056943270107,0.1529201254059554,0.0,0.11277808358501228,0.8008731546402246,25.204637463363394,17.0,1
142838,5.270402895934253,1.0,122.09073980871327,1.116173191799425,0.6342099553792683,0.07790245322973517,0.2791991299722246,0.0,0.10557531116723944,0.6997146255147229,32.62810289306757,16.0,1
60954,3.873488880460096,1.0,130.78617102337242,1.586940561014816,0.9633865604732803,0.042821623692057054,0.13980511964077502,0.0,0.08892922146119757,0.3628958211781966,25.8324426956793,64.0,4
33081,3.873488880460096,1.0,55.52432867684036,0.37809193959369286,0.14912856914224387,0.03590947778731781,0.3101645249866143,0.14862483687317665,0.07066635954166857,0.35276125013630455,26.016698922911928,14.0,1
57162,5.270402895934253,1.0,110.72564945175567,1.4663162944046058,0.8789540273492653,0.04899224740895944,0.23743973259256684,0.08409722913207923,0.06318149722485808,0.684131723091564,28.29943215229411,55.0,3
96498,1.5954046671017168,1.0,130.085786065666,0.897488732723847,1.5118689516687127,0.032756846992377936,0.015625372543004,0.001984806558653298,0.09227673809299898,0.5446065792778642,25.817260506876853,16.0,1
15662,3.3619271977508447,0.0,190.67918662778985,1.437000860302872,1.0620215341973758,0.06322975991368103,0.04302042519222398,0.0,0.07113757653068406,0.6823977251492471,27.89194390403251,39.0,2
25853,5.270402895934253,1.0,106.36481819125552,0.366150337342963,0.2979467232653671,0.03240626087208351,0.2652662918471982,0.14508769224433146,0.06976181515991639,0.03920282832224809,28.589276493556287,30.0,2
33618,0.872923795046736,0.0,128.16829534247842,1.1303197887629002,0.7086058516452183,0.0431865287142909,0.22557525993315777,0.14513188790775852,0.09630503739313614,0.27840777189583293,27.506232759720213,70.0,4
137272,1.5954046671017168,1.0,131.6571238703603,1.068784255159413,1.7054004852858022,0.0814343853848159,0.05877569779203106,9.436596553527464e-05,0.13505226611954163,0.6893306308342276,24.6116045602771,20.0,1
24462,1.5954046671017168,0.0,78.29951541560995,2.330308527991424,0.8016444925314857,0.10665182007938102,0.23590238986591258,0.0,0.06375800661616872,0.3619753613456227,23.549966229337297,5.0,1
14659,5.701060861471607,0.0,121.69388780306649,0.9382217518481557,0.16996042887706822,0.02785087616681932,0.36679927499094567,0.0,0.07434469244013149,0.3684149667388865,19.501347153017683,28.0,2
147917,0.872923795046736,0.0,73.90250608426636,0.925393585596664,0.5110341419887489,0.10115040624203152,0.37077267711256123,6.42842080948566e-05,0.1228099104642298,0.1385740475400913,29.837903019310723,31.0,2
112438,5.270402895934253,0.0,119.19146905698663,1.5226033909488335,1.4180472143719791,0.028073724243569836,0.05282644181301772,1.899862096132975e-05,0.11797137715506432,0.3175874845356611,25.70205450677127,6.0,1
89009,6.117892928831929,1.0,170.96925902600825,1.4273029632982537,1.1854566026281719,0.03550559855419764,0.09859728595086668,0.002965912600349943,0.0571585712331885,0.6240060675375,27.257307397448166,66.0,4
16023,1.5954046671017168,1.0,140.94052017136795,2.0771036036296118,0.971798776571637,0.03835276660146445,0.1488254969080726,0.0010458008677358462,0.06120860553233578,0.40779027040891674,23.90879616563461,63.0,4
144009,3.873488880460096,0.0,123.08714491580088,1.0660306262012467,1.486230640455675,0.07154319726812285,0.07032497169385166,1.5499908217703367e-06,0.1110204011529758,0.20570758564253153,27.63807613038754,41.0,3
75604,0.872923795046736,1.0,112.9405516676566,1.6006790321669766,1.420545549682991,0.04937984661545867,0.12267420854969888,0.061415313830305414,0.1252275809854624,0.6362565578510048,23.193476577002514,7.0,1
3008,0.872923795046736,1.0,92.99001512163032,1.4597729435754092,1.1923635900503382,0.06056899457987591,0.11736465633327059,0.132766043773996,0.0944893301378407,0.8085200343541193,27.79697676348139,44.0,3
106330,5.270402895934253,1.0,132.31608266900088,2.081114692943841,0.7919429048882065,0.1136042213312547,0.2579748766335213,0.0,0.06860169549037468,0.6493529401476361,29.060876836813506,35.0,2
101866,5.270402895934253,1.0,142.0162914601714,0.9537351345706274,0.9823580025054448,0.023107041720981665,0.0009985074216367666,0.03816745169302313,0.10785844760529659,0.27840777189583293,23.61868665224202,5.0,1
121299,5.701060861471607,1.0,52.96067259201809,1.0468602170294494,0.776519017031305,0.04288257589490585,0.023910186042951784,0.007713974378512578,0.10533879505897356,0.18376276966746116,28.57397923214627,61.0,4
6613,4.824000686513771,0.0,129.19314624092797,1.6248846462339144,1.0078998505255499,0.10281767652483301,0.3529300906205135,0.0,0.07523239892816581,0.6038225012683465,20.44422514251771,1.0,1
151347,4.824000686513771,1.0,120.5582732452068,1.9051305755612356,0.7842157988769721,0.1146152668702922,0.14941484002339908,0.00018387072976523542,0.1220266290353647,0.6685071173338719,26.514640873285153,9.0,1
154253,0.872923795046736,1.0,110.24578236156373,1.5259518253987494,1.3832875724289047,0.10051148267888103,0.011401949328277764,0.11331559288024014,0.11797137715506432,0.5588056688922406,26.780316461704174,5.0,1
56451,6.117892928831929,0.0,129.15782597999274,1.1675486338704655,1.234186749955301,0.06279572776316904,0.18677221769714705,0.0,0.144469459641956,0.45228862939516046,25.644049886223055,61.0,4
90131,5.270402895934253,0.0,116.66103010822933,1.5059237685634277,0.8548562783934225,0.0856377240318309,0.20025699425502924,0.0,0.12807164233603202,0.5738519916568867,25.708793463132515,31.0,2
42638,6.117892928831929,0.0,116.5893486217535,1.2892590495900826,1.1218625664872488,0.10337243046019386,0.27651261005460964,2.4099778117058396e-06,0.06115455296583073,0.44867055468068734,21.706434162669705,27.0,2
64637,4.359420279727952,1.0,69.91426839930818,1.0523187556135853,0.7958178421299469,0.02770197444137078,0.20936643468293328,0.14559202974674684,0.07739805058592603,0.34168132433451065,26.94225825453024,30.0,2
45168,1.5954046671017168,1.0,60.512661019765275,1.6144853188230401,1.2201729728079924,0.1080137256563241,0.029711987457928867,0.0,0.08892922146119757,0.3129401677457382,29.0655874519157,6.0,1
125228,4.359420279727952,1.0,171.80749768513655,0.576879057113873,0.45137224364169387,0.027478115992428973,0.34324254404550597,5.728745904577563e-05,0.07253143383276514,0.3027000936330375,19.35117021366951,37.0,2
85469,6.117892928831929,0.0,76.86139535008331,1.5461302380608775,1.2412209663588705,0.08889717616409516,0.1827532997044595,0.00016189978783846066,0.07989911657905567,0.6257577563290178,31.609013577382655,1.0,1
73641,2.234779091684268,1.0,118.3999434103792,1.4112216109464688,1.460800869304105,0.039448600807730404,0.026870414285047127,0.016823724306544618,0.09600744425199255,0.555259355923415,26.767337577922785,48.0,3
129125,3.873488880460096,0.0,160.49159308283942,1.6739227970966106,0.6218191154126793,0.08777467453951815,0.20349305848707883,0.02285720140290185,0.057272400131346886,0.6038225012683465,27.719844773070882,29.0,2
104248,0.0,1.0,114.11244184859515,0.5229649023558965,1.0143294574313837,0.059651224241981105,0.15921216697781893,0.12639779551552602,0.08680895131871912,0.1971334117769646,21.74282287941337,59.0,3
60830,3.873488880460096,0.0,97.99515733925773,1.5226033909488335,1.1625640217662516,0.08029540932132537,0.24345789896605846,0.0,0.08268848505094586,0.5017843279773949,23.203733814564064,41.0,3
24830,5.701060861471607,0.0,133.57735825525953,0.8924617548512922,1.1557353982549923,0.024666575841302687,0.009852506517610308,0.003939573289650818,0.09417957066797655,0.2915038241674874,25.24968488956426,44.0,3
25708,2.81870192439919,0.0,161.10771375654863,1.7635911034941345,0.29096402559793827,0.04115532636109701,0.3201606123038974,7.629777601186042e-06,0.06438176933966647,0.6178708851250911,20.168725089023138,32.0,2
139448,1.5954046671017168,1.0,87.79149652709161,1.5972380637191486,0.8330093229215549,0.10127534682474977,0.0741270068760148,0.0,0.1400087857914461,0.3287226888922308,28.59278655154615,11.0,1
32628,5.701060861471607,1.0,81.91359353210814,1.258965687733321,1.0229297889556126,0.06497109712949818,0.1786570689416453,0.0,0.07739805058592603,0.6257577563290178,32.85371571260963,4.0,1
136886,4.824000686513771,1.0,89.23480738495975,1.5393873568146128,1.0229297889556126,0.08933383591792979,0.16860685887279303,0.005864813330088342,0.0929195560165614,0.18280617176269412,25.297266741827485,16.0,1
102589,5.701060861471607,1.0,103.15686389984815,1.3261352750235784,1.2529852016303604,0.04843439090520536,0.23667272982350548,0.0,0.09417957066797655,0.6196244736187164,22.569680852054766,43.0,3
157387,0.872923795046736,1.0,129.4453936376627,1.8710297385230998,1.2838098666500841,0.026953409443536608,0.050788310921096536,0.0,0.03662306332385418,0.8051225882576657,24.775172751745785,31.0,2
51632,5.270402895934253,0.0,125.72004651315595,0.34103710916357344,0.0585081689281057,0.029616855379157963,0.35469759064187173,0.14826535491985524,0.07567160824092482,0.03553787685643486,23.64008953996719,45.0,3
74905,3.873488880460096,1.0,104.01091939464197,0.6610483277676394,0.9466557329092349,0.0431865287142909,0.28528427046142996,0.015065401060720823,0.10785844760529659,0.6615493185898008,29.35454086315277,54.0,3
83349,0.872923795046736,0.0,132.2507108525704,1.0251752790418884,0.9135673883268748,0.037503497957860635,0.26133027192518365,0.0,0.06158588724043837,0.6449908092028069,24.44018493602242,25.0,2
139154,5.270402895934253,0.0,132.7986853853428,1.3230403074748542,1.0642120665634267,0.03482762600454365,0.28067097514130473,0.0,0.08608269509259017,0.6126068486236221,27.798765821704738,18.0,1
4258,2.234779091684268,0.0,94.00462069132782,1.0770677015296135,0.7977581590258924,0.1090864959917678,0.20072249983297194,0.0,0.07344443758622808,0.4059657136933484,23.88458152658099,82.0,5
30662,4.824000686513771,1.0,80.41999419562971,2.0174878286975386,0.6271184303094184,0.0769637268850384,0.0581112877703795,0.0,0.08716837634649345,0.7135315184130544,25.98045395472536,19.0,1
104984,3.3619271977508447,1.0,140.26756566961382,1.1675486338704655,0.8016444925314857,0.059651224241981105,0.30849864803585886,0.12043151118854074,0.13083510655997968,0.47484463488452405,25.451727953771705,55.0,3
137747,0.0,1.0,129.96480168205767,1.5596663441426157,1.224836140286072,0.04730387785758131,0.03683917775901111,0.0,0.08716837634649345,0.6126068486236221,24.97816376985996,61.0,4
24204,4.359420279727952,1.0,110.3541655074882,0.9485494790226465,0.7919429048882065,0.1080137256563241,0.35309207935843534,0.0,0.07253143383276514,0.49640736697300886,23.241413753505068,15.0,1
23094,4.824000686513771,0.0,107.8885292260162,1.0251752790418884,1.6006068707433185,0.04804096838564263,0.13170501708479113,0.0,0.05834559901846051,0.5773863402581226,33.31069294451511,19.0,1
137386,1.5954046671017168,0.0,72.24409901747026,1.3292342453589678,0.4232262745791235,0.10763012901892503,0.30849864803585886,0.0009961907158109078,0.11061603839739241,0.6606790044748683,28.472650335133682,29.0,2
92056,2.81870192439919,1.0,88.63871661192435,0.7972654942346424,1.4456428644832313,0.04071676728200563,0.3075369769343362,0.0,0.13943465838545405,0.7744609539463155,21.687090722124974,32.0,2
107548,5.270402895934253,0.0,72.5126543132818,0.4201227557391191,0.16872201563451683,0.06093171277971563,0.0634667281367411,0.14828992278854083,0.05082119912338049,0.03811360054577563,33.32356018539382,30.0,2
51145,5.270402895934253,0.0,117.64345690255391,1.50925136242719,1.4709477900653012,0.06816008079340606,0.011691654867034449,0.0,0.10437726552568219,0.7915140840670115,24.609383514772098,8.0,1
95406,1.5954046671017168,1.0,116.26158145512005,1.6110273795933783,0.9508267515704789,0.05728648091811103,0.0421449613639152,0.0,0.061046331132959944,0.3831026140507271,29.923775419945784,38.0,2
84392,2.81870192439919,0.0,158.7391699197873,1.035987948999315,0.7688525187496839,0.050636785623080244,0.0341517760422906,0.1276978124983628,0.11277808358501228,0.4050531875874435,25.77921122583353,51.0,3
100290,3.3619271977508447,0.0,71.27282334747544,1.1077309178046657,0.37758067059571104,0.04673112473458526,0.3416271961372566,0.14757443468811024,0.07479010183432175,0.23038562363391338,19.455221037929714,49.0,3
46260,4.359420279727952,1.0,29.92662648551371,1.6809968297595563,0.4419266939684234,0.037503497957860635,0.25661306681080637,0.14833816802967426,0.09417957066797655,0.8153093455915745,25.98754515494872,9.0,1
7116,5.701060861471607,0.0,102.68774574418786,1.5226033909488335,1.0707955444139763,0.05074489405505674,0.1997904096162951,0.0,0.12022932698877,0.5357133001241309,27.79403742589468,37.0,2
158242,0.0,0.0,123.01093032385727,1.2142637860645362,0.5409456729449718,0.02997997452818506,0.3026195839231112,0.008530204715014294,0.07434469244013149,0.14533430943290376,24.59952598781711,15.0,1
114314,3.873488880460096,0.0,73.4323460634973,1.0937363611747035,0.8668705620052803,0.080004802065222,0.21934173687650124,0.1213579650404024,0.10080771222471868,0.4595172001147029,31.459790925145636,20.0,1
3872,5.701060861471607,1.0,118.41527043269522,1.0224814030232345,1.5847705774637866,0.07971180677246352,0.016577632105374596,0.0,0.12777722757972032,0.6161167520118906,27.04186659451598,54.0,3
15343,0.0,1.0,90.60048577247288,1.486045460471644,0.8568538604471809,0.1104113823661705,0.1373413159554467,0.0,0.10604378231919075,0.44504994222165256,21.348823027303578,79.0,4
17607,5.701060861471607,0.0,80.50097564657176,1.2831687122254798,1.3464934343650294,0.06366010318565381,0.06735953760387925,0.0,0.10339044157515012,0.58621235383743,22.495868619071203,33.0,2
43025,4.359420279727952,0.0,118.12400841802624,1.0037280259604542,1.6809306175645167,0.037503497957860635,0.00027688536588275507,0.1300641432267015,0.07479010183432175,0.23511597741337825,28.311928024061327,26.0,2
15378,3.873488880460096,1.0,99.05989607516884,1.1704392993079824,0.9508267515704789,0.11005232819260728,0.1304347681620652,0.0,0.07207008747600625,0.4150819119420289,35.9140045492145,55.0,3
56178,2.234779091684268,1.0,109.95668609626226,1.6041242390834507,0.9950936437439697,0.09915929004532116,0.10003407720918936,0.0,0.11634650289624089,0.42963382439383313,26.133092801782198,7.0,1
144558,5.270402895934253,0.0,133.49700927100147,1.1762322066763853,1.0510985468541778,0.08199009495769913,0.22841394966772371,0.02842257543207075,0.12883231270653828,0.4838398383414279,23.81425088951584,18.0,1
99275,2.81870192439919,0.0,48.39478766551951,0.8478595149544487,0.4356650081024779,0.028959096633576646,0.3310005172617356,0.0,0.11634650289624089,0.4990965284816648,24.62687057694228,1.0,1
29733,3.3619271977508447,1.0,97.29141975312244,0.7948945864056484,0.2965467864597166,0.026198033914667747,0.3448336751049843,0.0,0.07610775407689287,0.3536834419639886,26.27477212380481,32.0,2
23748,0.0,1.0,116.20523316869438,1.4959659338530724,1.0358893422160114,0.0853906261142464,0.2180697686246851,0.0,0.08892922146119757,0.5756194484892455,25.431912077139746,62.0,4
39419,4.359420279727952,1.0,116.947693099835,0.8874490702428841,1.5299401608787968,0.05631163987576615,0.0027486566546952086,0.006208259801750575,0.05940416375632923,0.44504994222165256,23.133316256473197,23.0,2
70205,2.81870192439919,1.0,135.62393308176084,1.0090676336197404,1.486230640455675,0.036177528458350545,0.010821767172170031,0.0,0.11905083262975834,0.48743361513789707,24.583414976919524,49.0,3
13118,3.873488880460096,1.0,171.18735462538598,1.0798363793789911,1.2155178905375075,0.03134499269087866,0.15058911051770973,0.0,0.10107366171887236,0.7607840476203711,26.27583441569925,19.0,1
149700,4.824000686513771,0.0,94.07326129339184,0.5687461083073212,0.7803636199698412,0.09101297716999975,0.2818379910590027,0.0,0.06006529268604362,0.42509082013318533,33.55717178905706,12.0,1
58330,6.117892928831929,0.0,180.1822676455887,0.8163577776207587,0.21953760146031662,0.041342447356368994,0.08757148586722448,0.14795523970981728,0.07434469244013149,0.04672029222863148,26.075340422521595,9.0,1
84537,4.824000686513771,0.0,93.98349906708947,1.1531530780227583,1.395655262877005,0.03233595433488032,0.059934830629756436,0.0,0.12910867417091867,0.6632895533953425,26.633102289937415,37.0,2
121593,5.270402895934253,0.0,124.0570219978801,1.7965377462689096,1.2506282976724197,0.05431056943270107,0.3252877160088613,0.0,0.05306868496164823,0.8575762360088297,27.324079873387944,46.0,3
67089,2.81870192439919,1.0,94.27386209579932,0.7783950615769446,1.5170216896823014,0.05009339799691467,0.002986602388962986,0.06352047346558064,0.06971386977315287,0.48743361513789707,27.261322067404727,68.0,4
50850,4.824000686513771,1.0,126.17074960701315,1.7309982986371468,0.9217929097588613,0.1119048278669858,0.23081248243290878,0.0009961907158109078,0.1151478184282261,0.6571964343496536,23.368873646409135,66.0,4
155244,4.824000686513771,1.0,148.1450430198928,1.5596663441426157,1.4633344786443667,0.06262107418038805,0.10640559698907252,0.0,0.09776367429658296,0.5143094816331635,23.903133407586626,63.0,4
76731,0.872923795046736,0.0,127.82473346987153,1.2201731395132756,0.3291766841448014,0.04843439090520536,0.35890541083679917,0.0,0.08497450704940865,0.5976652639695638,28.13702170878158,61.0,4
24098,0.0,1.0,131.55647795617392,1.0632807525460788,0.45611891744501903,0.0492140238184839,0.000867872666889097,0.09596965385219867,0.04895374704181113,0.03454676948844405,27.70140353847003,2.0,1
138934,4.359420279727952,1.0,152.0118797432244,0.6545544784683045,1.4939002107471904,0.03880600336970576,0.0009985074216367666,0.002965912600349943,0.13661580237796986,0.5853303840742065,26.186100585313252,54.0,3
132728,4.359420279727952,1.0,193.3724687223778,1.0117429819484791,1.699947820491657,0.05431056943270107,0.0,0.14779779239226265,0.09510266620308695,0.21046390307817353,28.140443463520672,19.0,1
101722,3.3619271977508447,1.0,119.45684449931176,1.071541642188199,0.2895725784580875,0.026198033914667747,0.359057790365652,0.0,0.0682595902191365,0.4359872512326654,22.261269480843296,45.0,3
7275,2.81870192439919,1.0,95.70797308175032,0.8356733126244692,0.8055384298711078,0.029178943760520885,0.16312805578940295,0.13924109595003506,0.08716837634649345,0.38768360549391373,24.494397803438716,48.0,3
137459,5.701060861471607,0.0,85.46226799407505,1.4305314995612604,0.5493582130984525,0.10164462000814617,0.1014632060448643,0.0,0.05783907976462626,0.6275089041868975,30.033606445506393,14.0,1
15352,0.0,1.0,117.82241841621862,1.277094229670491,0.4032532494108121,0.0858828442467042,0.3145794733439592,0.0,0.1192013035939258,0.5605779646133879,22.201801702325422,69.0,4
139433,6.117892928831929,0.0,84.03678253618116,2.3003618671629127,1.0489198800185926,0.09018667070769226,0.011305323735968674,0.001521096414929698,0.07066635954166857,0.7161185947953245,26.635865178560014,24.0,2
64926,2.234779091684268,0.0,121.04224157712676,0.6204196326368729,1.777063188483045,0.09984812356667594,0.0009985074216367666,0.04505732222996,0.07782218133052284,0.3231583147981585,30.36735680159366,39.0,2
16059,4.824000686513771,1.0,81.9728256507398,1.867263047261125,0.9696927940084842,0.11086761095635628,0.09424038591331747,0.0,0.07434469244013149,0.4477656398183121,28.989409771043253,59.0,3
103225,1.5954046671017168,1.0,125.9732789175051,0.8381035217009131,1.2388742016849947,0.038157654766122096,0.11056948609566525,0.0,0.09917475099732172,0.43689424042349,25.09794407440137,48.0,3
135348,1.5954046671017168,0.0,141.54329568553138,0.8259875510638431,1.1241067643567022,0.032054095044992494,0.06816401280319169,0.0,0.10627575941954966,0.384019149597404,26.75789569921871,41.0,3
129096,0.0,1.0,65.72119210134791,1.4305314995612604,0.3701256670861469,0.11160832397974157,0.28067097514130473,0.10207996056964548,0.09417957066797655,0.37300954001041753,26.201669409922474,20.0,1
36584,4.824000686513771,1.0,71.34971565908428,1.2260981136938247,1.5663907762113518,0.08058365006988354,0.060842390389807495,0.0,0.09747580878089683,0.7923654968094657,32.59568664507626,53.0,3
94616,0.0,1.0,113.48045288997672,1.4959659338530724,1.4180472143719791,0.10281767652483301,0.11601985112802114,0.0,0.10741349334001439,0.51341580185349,23.04331285814606,39.0,2
57973,2.81870192439919,0.0,67.68955765039242,1.0632807525460788,1.4330682921235658,0.02770197444137078,0.0,0.12165947486732004,0.09195206939260495,0.5285881430572061,26.19514989829884,4.0,1
147858,1.5954046671017168,1.0,104.08378005470145,1.1502855016786524,0.5011931214681938,0.03550559855419764,0.20072249983297194,0.0009961907158109078,0.07739805058592603,0.6971203482380626,28.74306698093951,51.0,3
46782,6.117892928831929,0.0,104.86917248877005,0.8650682795653099,1.178567726183657,0.08226457702046334,0.26623522842521585,0.08563797173021095,0.09804963764136568,0.43144989461358074,21.22836680686802,50.0,3
33940,4.359420279727952,0.0,94.53771775394915,1.1791344541649518,1.044568472103753,0.041962598355487504,0.2659129107407421,0.0393744195464011,0.0875253578926078,0.1933173511187911,21.34301731716022,49.0,3
20292,2.81870192439919,1.0,114.17920813944393,1.104924423867234,0.8369642726908375,0.030629476337651843,0.3327781694329292,0.0009961907158109078,0.07298954199416931,0.7376339196406687,25.02472253421099,58.0,3
20148,0.0,0.0,38.83617515664025,0.9798822134503042,0.2702700593198571,0.03331451855029561,0.35325380501230214,0.04021742253970309,0.0909648244230264,0.07252864396479956,25.93747723480143,25.0,2
17800,5.270402895934253,1.0,128.20870571169195,1.1105412085910351,1.2790452321863144,0.06102200408319748,0.03594595641034841,0.0,0.09804963764136568,0.4032276391499472,24.04682889352493,47.0,3
33317,2.81870192439919,0.0,96.30285844243313,0.8724965562789044,0.1347054969338301,0.03880600336970576,0.34288568786942675,0.0,0.07739805058592603,0.23511597741337825,27.675648641454853,49.0,3
118728,2.81870192439919,1.0,162.6514229933296,1.1133552989984767,1.224836140286072,0.03684347528477961,0.007905355412165744,0.0009961907158109078,0.07907699494507488,0.509839587862524,21.83143430174827,63.0,4
136909,5.270402895934253,1.0,100.76113850736702,1.670392228724202,1.1511930062111049,0.0964512307573751,0.13919151447689318,0.0,0.09689431395432624,0.5499355690315485,20.167614243186947,9.0,1
13218,4.359420279727952,1.0,103.41214449151012,0.7344587426213406,0.27163782908493056,0.03684347528477961,0.28837287361916497,0.03378545374854456,0.12807164233603202,0.417813571389132,26.42466521856267,31.0,2
70556,5.270402895934253,0.0,99.34809018517053,1.0993228154521477,0.8809746737279629,0.061916456303725574,0.18426934876289744,0.003939573289650818,0.12727503714890795,0.1971334117769646,22.528595912176286,70.0,4
73472,4.824000686513771,1.0,87.07124278667939,0.8749797475547563,1.7135954813782412,0.061157151049631875,0.007230905641971439,7.179803060569338e-06,0.1268626611347868,0.5747357907610485,30.408358015919838,18.0,1
20336,2.81870192439919,0.0,190.91297867135256,1.274062926972884,0.7784403718217229,0.05170941569813888,0.04336991068881819,0.14785807081408228,0.0909648244230264,0.15689863189189093,26.368142360133405,2.0,1
140870,0.872923795046736,1.0,104.94714562517953,1.489348138354589,1.0489198800185926,0.11135185545816513,0.03861793216455963,0.0,0.0994514137349725,0.5419401255638323,23.09856036100155,3.0,1
32915,6.117892928831929,0.0,119.95674610375121,1.1189948897666122,1.448164004953569,0.054817363853910714,0.0019940376062208094,0.14691313198618178,0.09999929605428569,0.114342181214064,30.357852572259432,33.0,2
19092,3.873488880460096,0.0,135.278133668995,1.0117429819484791,1.2016011071995636,0.050636785623080244,0.22144278435145062,0.009628717289747853,0.12189331958493682,0.4784445662216481,30.28114253805484,10.0,1
61216,0.0,1.0,124.92949109195172,1.1617788655968144,1.1017545099034765,0.024743810858571722,0.0010981942200194543,0.14826535491985524,0.06966589041842604,0.30176808255591336,27.41242124605581,6.0,1
131831,0.0,1.0,162.00195454355807,0.5546359185885782,1.5067245784156227,0.040085503505564654,0.03234721238490471,0.05857343993541009,0.11181393054084698,0.3481476766638229,26.9448689970246,52.0,3
112628,2.81870192439919,1.0,166.2290702137957,1.313779393613908,0.8270912295607865,0.04843439090520536,0.15864721974158413,0.13360108715775795,0.13178108471221095,0.39591880754975406,24.588554609911558,24.0,2
81637,3.873488880460096,1.0,133.52714095162506,0.7390256179332092,0.3334994777967263,0.032054095044992494,0.3524425401801228,0.12615240624428958,0.06776790858233991,0.20570758564253153,22.891612137956223,12.0,1
81235,5.701060861471607,1.0,167.57633878375714,0.9305140056689871,0.9781284470444853,0.03880600336970576,0.05248771370758104,0.00681651852218226,0.0807099107755365,0.7290371027083983,25.016349036258944,40.0,2
19914,5.701060861471607,1.0,90.1066321897097,1.4208581649724286,1.2671692686441056,0.04379041442699696,0.09570049597102921,0.10571676204350229,0.10937167434329613,0.7143940027013405,23.148800252468742,39.0,2
61768,4.824000686513771,1.0,71.21239968513073,1.357305564867754,0.6395479508797876,0.10089770454746333,0.20847417397657522,2.0098456665771915e-05,0.07019179955184995,0.3213020905324471,32.07188732111159,9.0,1
83889,0.872923795046736,1.0,114.89274567778745,1.814995089313839,0.8211903186456566,0.09661164643050027,0.08035301929330574,9.71963907797256e-06,0.08571582562284803,0.22470267675408148,28.19489985761167,13.0,1
34773,5.701060861471607,1.0,92.28096878829437,1.3698863849283012,0.8628581206184712,0.0389993838943384,0.2292169810837569,0.0,0.07160547706998972,0.07978843696870176,21.721085162743417,2.0,1
63943,3.3619271977508447,1.0,78.09894860798173,1.5393873568146128,1.020776755417497,0.08115311709967152,0.16257276229220186,0.13684289020449014,0.12883231270653828,0.4793441631124205,28.550018998864196,30.0,2
69640,2.234779091684268,0.0,96.80257755813072,0.8849480810453934,0.7234872037486205,0.03530284399437761,0.22760737007515214,0.00014791635666551944,0.07014415865854837,0.5152030121689768,32.67067997601744,33.0,2
9957,5.701060861471607,1.0,159.47376146706875,0.8899536272626166,1.5273522784822862,0.03414355059055638,0.005946621798604477,0.007761030056575878,0.10999979085255757,0.4838398383414279,27.59173577609967,29.0,2
92236,4.824000686513771,0.0,105.28493366147377,1.2350149125555943,1.460800869304105,0.05728648091811103,0.08379560804947994,0.0,0.1349938898477055,0.6458635010518889,29.311550158144655,9.0,1
116119,3.3619271977508447,1.0,129.53618546513047,1.5596663441426157,0.8528606142967284,0.05601588360436978,0.2977735712272259,0.007147912680891583,0.09195206939260495,0.15208393623644478,27.28643698998728,8.0,1
105664,4.359420279727952,0.0,150.25061005703037,0.9000075885026969,1.1534632002710248,0.03219515144426198,0.05744538240976139,0.03386007952841284,0.05879308108387324,0.45409671780157784,21.692078810195543,33.0,2
24579,6.117892928831929,0.0,152.53426937034948,0.9228387905195625,1.3636064357556406,0.041342447356368994,0.002986602388962986,0.0009961907158109078,0.14497489691265458,0.5499355690315485,25.162407151159975,18.0,1
148382,6.117892928831929,0.0,136.36522244532594,1.1303197887629002,0.7104594698327914,0.041342447356368994,0.09350737751597628,0.001984806558653298,0.07479010183432175,0.49461383429655437,22.744941399668555,48.0,3
159668,3.3619271977508447,0.0,116.55350551433429,1.3292342453589678,1.5900409064989947,0.07501499474701619,0.07135967865258865,0.0,0.12037265058829381,0.5906201054722333,25.110818274803318,66.0,4
11959,3.873488880460096,1.0,147.3184525633735,0.6225285599873925,1.2271707574696977,0.09442669630209094,0.08832052273494422,0.10153321312855063,0.0497680164006379,0.870201275136677,18.559650756792195,4.0,1
7256,4.359420279727952,1.0,108.47335350118148,1.5766811031181405,0.9115158496685433,0.03482762600454365,0.013232424417963167,5.8686838791020386e-05,0.13315511246185902,0.7642061619901985,22.016467758394512,43.0,3
57586,4.824000686513771,1.0,113.01255978914233,1.2649927397327414,1.6218401523063755,0.057141326997203194,0.06501386232194116,0.0,0.14507229363217994,0.5703153792725135,24.609383514772098,38.0,2
54326,5.701060861471607,0.0,117.5514043876601,1.116173191799425,1.6485721689567856,0.04843439090520536,0.012751715278126845,0.0,0.10958238112235452,0.7195662755401635,26.17212320539104,54.0,3
39969,5.270402895934253,0.0,73.3338863538939,1.563060875323366,0.35387720145515056,0.03861210524436159,0.34126489173914065,0.14551179302132464,0.06722300668770007,0.1356735164838955,25.30040037683055,38.0,2
119873,0.0,1.0,106.44263374765067,1.5159190404539722,0.593835151024814,0.08684389572442322,0.2292169810837569,0.0,0.09510266620308695,0.3315024662333718,22.897005235906008,19.0,1
21820,1.5954046671017168,0.0,64.97603493851778,0.3149566351558883,0.07597725091028563,0.030629476337651843,0.36524496536941464,0.14832221679716667,0.07479010183432175,0.079200284378457,22.14729473259402,20.0,1
17791,3.873488880460096,1.0,118.767713700107,1.6457983485520453,1.1923635900503382,0.10102452808143624,0.08257642315849781,0.0,0.06652329787396519,0.5694308716311162,28.951020985400046,53.0,3
90588,4.359420279727952,0.0,95.07038608038768,1.6492989120715298,1.6112066071270141,0.034759494091331875,0.1765793395003656,0.0699898278628888,0.13099723383694759,0.6371305844385486,26.369599486000354,11.0,1
31794,0.872923795046736,0.0,125.78082894464906,1.4499888131526906,1.3489319860322233,0.03684347528477961,0.155228029851228,0.1365855051450979,0.11161742520075171,0.44142678332063784,22.460451689449492,56.0,3
17304,0.0,0.0,109.46600609255866,0.5055018581840881,0.37758067059571104,0.03482762600454365,0.33258202144959215,0.1386630805856226,0.07344443758622808,0.2199614227629816,29.442973619053195,2.0,1
4498,5.701060861471607,0.0,113.16169860378342,1.1360051413715428,0.7822887621101576,0.11052780242844104,0.02223288089874668,0.0,0.07523239892816581,0.539272361790861,27.085854517825577,25.0,2
113767,2.234779091684268,0.0,133.54722819763754,0.9330796361672831,0.8749185103672998,0.03414355059055638,0.05752870250965461,0.007761030056575878,0.12777722757972032,0.4241817332356303,22.728393767012975,37.0,2
64735,1.5954046671017168,1.0,138.72550041474994,0.5268798488130423,0.3627140338773831,0.030629476337651843,0.33887978585593825,0.0,0.1135278727644392,0.6589379823386252,20.40771942159844,3.0,1
27538,4.824000686513771,0.0,76.27419720361144,1.7309982986371468,0.7593119202228912,0.07759212050764247,0.02925539670568832,0.0,0.07523239892816581,0.659808559089989,28.312180427109066,36.0,2
88229,1.5954046671017168,0.0,105.16022998562691,1.8635008037178689,0.973906712521262,0.04288257589490585,0.25865153931348445,0.0,0.07389614600927014,0.553485336862008,25.978714402933107,34.0,2
12454,4.824000686513771,1.0,98.01615331737551,1.2529544013102096,1.1854566026281719,0.11250755524274503,0.1200332692849557,0.0,0.1357832242966237,0.6099729853020663,23.178012706162043,31.0,2
76165,3.873488880460096,0.0,126.27706164974171,1.6006790321669766,1.582138574210083,0.08822904207283068,0.17605677935381134,0.0,0.09355379050258464,0.6301346135010327,28.650534893715538,28.0,2
54030,0.0,1.0,138.36083580413552,1.116173191799425,0.8290620173475927,0.029178943760520885,0.1360999778061121,0.0009961907158109078,0.07066635954166857,0.3231583147981585,24.704627847964307,24.0,2
151141,4.359420279727952,1.0,127.89547759403594,1.2290664655179893,0.653863841431761,0.02792522605990291,0.01988860366022425,0.0002966633066718181,0.13760690776185333,0.5694308716311162,23.18885259671749,5.0,1
17343,5.270402895934253,0.0,151.6026590938047,1.456507450130662,1.2435697576993787,0.06322975991368103,0.08981251686689971,0.0,0.12268131026148278,0.3940899342910126,22.751675282997095,29.0,2
25297,0.872923795046736,1.0,82.29580274851688,1.2054289960576283,1.1648442414606313,0.10038079826288383,0.3003458152426495,0.0009386192146938439,0.07567160824092482,0.461322770147165,33.989683254614626,71.0,4
114739,0.872923795046736,0.0,81.91897852226523,1.4827469254218961,0.7958178421299469,0.08911637209763554,0.1482346753096205,0.0,0.0626534392312979,0.5321518963893909,29.347891823941776,59.0,3
46052,4.359420279727952,1.0,116.33329180633774,0.9025300258404296,1.0100410881731547,0.05680116751690537,0.04993499265901868,0.12881031191840378,0.13139465733721323,0.4041404961216831,23.076820015691574,36.0,2
153328,2.81870192439919,0.0,128.05715741788688,0.8899536272626166,0.811393604128813,0.023890353676344383,0.3244483425283577,0.00681651852218226,0.09718602680360759,0.43689424042349,23.406804837453908,13.0,1
55129,3.873488880460096,0.0,139.6590160403333,0.8043990271576443,1.6351796831827423,0.047871617065426426,0.1146679813352171,0.13188342597073086,0.07654086052747315,0.3277957400099712,32.52183683848648,40.0,2
502,0.872923795046736,1.0,142.86214238750802,0.7597450800680996,1.2062319625131506,0.1136779434484796,0.2562708352527543,0.0,0.1151478184282261,0.5508232274881332,22.776110936663354,53.0,3
27744,4.824000686513771,0.0,121.38340009822117,1.1133552989984767,0.8231553808396798,0.05328367386024081,0.08455490089482158,0.13302141719235597,0.08190524688566762,0.599425165844399,28.413396451921457,7.0,1
46244,0.872923795046736,1.0,59.268405285061014,0.28026797556529187,1.208550416448057,0.06408679225719048,0.08906753062547003,0.14891620743927975,0.1375171518960045,0.02293235582300845,21.747953267615493,50.0,3
61063,0.872923795046736,1.0,182.8685511872211,0.366150337342963,1.8587079012801966,0.11011320908121598,0.0,0.1468425513641773,0.07207008747600625,0.18280617176269412,25.64188985663081,26.0,2
122648,2.81870192439919,0.0,100.82387471425041,0.42909357585565344,1.8530189600184495,0.04551180395781057,0.002043736175522582,0.14896068948915675,0.13193265378338864,0.5835660242459407,28.304733891229162,36.0,2
107809,2.81870192439919,1.0,141.46859145136375,0.48639265456573033,0.7861447309043834,0.032054095044992494,0.13296876435285718,0.14805756513607893,0.07207008747600625,0.1491925360676931,25.636489242271775,30.0,2
56944,3.3619271977508447,1.0,133.6928477942145,0.7118274915660402,0.9300494478737024,0.028591358109303147,0.04744663222773818,1.2099440695076134e-05,0.05912700022524942,0.40870230130966556,19.522437009930496,27.0,2
18372,2.81870192439919,0.0,109.80176840049306,0.9746235506992239,0.7593119202228912,0.08438210118699253,0.1028847268953419,0.0,0.07948948280021469,0.5321518963893909,24.33752910428234,32.0,2
80136,4.824000686513771,0.0,120.04343336082998,0.7925271422579314,1.6755162905062593,0.11086761095635628,0.26815536298715575,0.0,0.07739805058592603,0.5357133001241309,21.720481128899777,35.0,2
8374,5.701060861471607,1.0,163.52493303098808,1.1820405678953774,0.9929661400695023,0.04071676728200563,0.006927442155667886,0.14444886832852719,0.06474316603131854,0.1491925360676931,26.67689086982997,25.0,2
24649,5.270402895934253,1.0,88.64404137567328,1.3635879022326585,0.9445731428547706,0.03880600336970576,0.20349305848707883,0.003939573289650818,0.13991100355737915,0.6806632116178793,22.25755587462998,11.0,1
120658,3.873488880460096,1.0,102.81287380342687,1.5596663441426157,0.8548562783934225,0.08911637209763554,0.10570515998144205,0.0,0.06677399494927812,0.7445025014285709,27.024674644869624,5.0,1
30904,4.359420279727952,0.0,119.12511199161895,1.347912282370425,1.4280529796370869,0.02627387989249491,0.09055548875425853,9.77634701075346e-05,0.056987518518407956,0.49551067655190706,25.975636540536286,19.0,1
88903,6.117892928831929,0.0,154.82778609808452,1.2892590495900826,1.2131933798627534,0.03134499269087866,0.23041492083456172,0.0,0.07434469244013149,0.5703153792725135,23.59884161518859,11.0,1
80570,4.359420279727952,0.0,135.9395527027844,0.6588804120467933,1.2838098666500841,0.058717534870942424,0.0009985074216367666,0.11430318673372832,0.09917475099732172,0.16939184884033198,22.823322693211303,55.0,3
89244,1.5954046671017168,1.0,64.7867726327969,0.0743152612960676,0.8972092364676427,0.050636785623080244,0.28299581488152875,0.0009961907158109078,0.13691023836234864,0.0009998709529178333,23.714327509193016,51.0,3
95471,5.701060861471607,0.0,80.2147891607249,0.8163577776207587,0.3597615049766524,0.040085503505564654,0.3150353369161678,0.14725638951051404,0.10510074374136276,0.3407568569568942,21.653060488851906,37.0,2
155521,0.0,1.0,75.56652976383316,0.3279063019121422,0.4341039988334495,0.02932517795428082,0.34252763047571555,0.14879875578746896,0.08268848505094586,0.041479343388232226,12.507578771446319,31.0,2
10357,4.824000686513771,1.0,128.91559261930087,1.1733338226503915,1.1671264680853237,0.08660651291880815,0.08606729572137231,0.0,0.10718886451071041,0.7048997520634385,23.438095572799014,62.0,4
33307,2.81870192439919,0.0,119.16594773449614,0.9537351345706274,1.7714992544604575,0.06450986144918483,0.06816401280319169,0.0,0.10107366171887236,0.6789281817495515,30.68416164179757,47.0,3
125713,5.701060861471607,1.0,141.82214160541517,1.499281057085816,1.3101611541437503,0.044209968103347645,0.15175752601352488,4.4399246899763754e-06,0.07434469244013149,0.6910625738607122,32.861008866204834,70.0,4
117168,3.3619271977508447,0.0,149.13904569736172,1.4959659338530724,1.3489319860322233,0.05857608960232434,0.02834022604943267,0.0,0.06055740107079281,0.6099729853020663,32.635888654873256,36.0,2
11527,5.270402895934253,0.0,104.75999617604221,0.2469107435942193,0.5527359021169996,0.036177528458350545,0.30411417011148073,0.14826535491985524,0.0652563208801996,0.05954654974424027,24.535456311594015,29.0,2
32256,4.359420279727952,1.0,84.12798753919834,0.6395173535198868,1.3857569851549003,0.09407062608946572,0.0009985074216367666,0.0,0.12037265058829381,0.4350801015157789,29.98970709935579,15.0,1
92179,0.872923795046736,1.0,122.41113936984836,1.035987948999315,1.6432088154910538,0.05009339799691467,0.0009985074216367666,0.12881031191840378,0.12162428428057229,0.2896351940766277,25.440599777719562,27.0,2
135865,4.824000686513771,1.0,85.68168310188737,1.0605346314265924,1.03805616547117,0.09018667070769226,0.05686148504093403,0.0,0.040644437055294275,0.5932630825882477,27.437828624031468,12.0,1
147097,0.872923795046736,0.0,94.24747073665225,1.670392228724202,1.3029499461191854,0.1047229147856999,0.03505015914588083,0.0,0.10650624542551308,0.6003049092046717,31.46836120553633,7.0,1
53455,4.359420279727952,1.0,183.6939576663888,0.7854455645604872,1.1694107022410731,0.026953409443536608,0.05248771370758104,0.0,0.06776790858233991,0.3444536710269561,23.763116471339252,56.0,3
23487,3.3619271977508447,1.0,98.24181955868242,0.8724965562789044,1.0057605767148683,0.08171337117473375,0.05836061652265536,0.06510096349073521,0.12892496155362296,0.5650062005971751,24.780009080081186,45.0,3
139714,2.81870192439919,1.0,97.57510264280161,0.9641501397610845,1.1421322571741443,0.026122119145500968,0.11803442510194988,0.0,0.10807879371529658,0.25398849438243537,22.46281398664996,7.0,1
85639,6.117892928831929,1.0,96.4922691491469,1.0468602170294494,0.24727534436532683,0.04557037994341877,0.37341213421007735,0.14861803168969095,0.07344443758622808,0.7048997520634385,22.190639572912545,27.0,2
107237,0.0,1.0,115.75943153270691,1.2649927397327414,0.9802422468499067,0.044982288551343556,0.25661306681080637,0.14641727171804317,0.07434469244013149,0.8584186867061977,28.029789505141636,26.0,2
154927,2.234779091684268,1.0,71.33323972741486,1.2953652640842788,0.6147791006233524,0.07971180677246352,0.2905779107542213,0.14847606628565815,0.09747580878089683,0.4550005252381872,20.288141069066974,7.0,1
87678,0.0,1.0,130.14123185601682,0.9485494790226465,1.6298375202430835,0.029178943760520885,0.07530484433310232,0.0009961907158109078,0.10212019116983716,0.6441179843263861,26.28167649938451,45.0,3
137166,5.701060861471607,0.0,152.31745958325706,1.116173191799425,1.0467431886384175,0.04257727432062326,0.1071041786982304,0.0,0.09861591438912895,0.6126068486236221,23.182349072456365,19.0,1
138545,1.5954046671017168,1.0,79.29043735716041,2.0174878286975386,0.5663192073340175,0.11647690409210353,0.10849580240222706,0.0,0.05658694707312501,0.4649320304843778,22.51488972571963,40.0,2
116273,5.270402895934253,0.0,134.7516739874217,1.0278728688856018,0.9176762744407007,0.026953409443536608,0.007905355412165744,0.04959150707695649,0.08995736455673303,0.7821407418654969,25.698954184057367,47.0,3
34673,4.359420279727952,1.0,158.0678167385839,1.0117429819484791,0.8468851234775537,0.023264274728399842,0.16478578751621065,0.006293974833399672,0.09747580878089683,0.2028513616900528,19.3599776235864,8.0,1
21951,0.872923795046736,0.0,77.051553893289,1.4827469254218961,1.3709714197337277,0.03743776061128075,0.027054514711093193,0.0,0.07113757653068406,0.44595533372469104,29.18676837599822,16.0,1
23730,3.873488880460096,0.0,133.51709716630828,1.1646618235594426,1.2814265310363273,0.032054095044992494,0.03861793216455963,0.0009961907158109078,0.13058845981202158,0.5561461496395317,25.608258464441516,65.0,4
22585,0.0,1.0,90.15975321895154,0.9050560474853104,0.7726819849845797,0.04348913937226915,0.03207562732122864,0.00462638770579739,0.0875253578926078,0.05777303935361815,20.165868545804678,4.0,1
6405,1.5954046671017168,1.0,60.63632408011872,1.684540299697343,1.2909720999978591,0.10941971488836727,0.07834455614452504,0.0011152232817411482,0.08716837634649345,0.4014014281029086,31.000518029732685,57.0,3
4392,2.81870192439919,1.0,59.13870095909292,1.1907821343351075,0.6112701122260614,0.10401173324475396,0.016672704170282326,0.0,0.11220324037571663,0.4050531875874435,31.003720207391954,27.0,2
59964,0.872923795046736,0.0,75.92048082982856,1.6423020601527738,0.6719252777395165,0.11092289844555954,0.018473777957743368,0.0,0.08858182813778119,0.5268053829272235,25.784995021195485,8.0,1
81727,5.270402895934253,1.0,113.40334667282875,1.071541642188199,1.4785798387800124,0.037503497957860635,0.10570515998144205,0.0,0.11532226495594795,0.6502249683384824,27.793909623799042,39.0,2
113147,3.873488880460096,1.0,121.60228028391123,0.8020177118754851,0.9950936437439697,0.03247650422115219,0.17762069843415543,0.0,0.12767794942651947,0.4278171081723786,20.485242099978926,2.0,1
78684,5.270402895934253,1.0,129.21837415218235,1.6006790321669766,0.7347269443802338,0.039063729311291664,0.1941059981153935,0.0,0.08384328428839721,0.5285881430572061,28.049607270663156,15.0,1
49448,0.0,1.0,145.28130526167084,1.2953652640842788,1.331905210558965,0.03684347528477961,0.1597757214669062,0.0,0.07824336696718033,0.7161185947953245,30.445118659489715,39.0,2
78030,2.81870192439919,0.0,111.11757816941414,1.6739227970966106,1.0729939993093416,0.11326021166844137,0.1360999778061121,0.0,0.11315533132292098,0.581801103291445,25.535625873055693,37.0,2
27441,6.117892928831929,1.0,163.91511203373034,1.4663162944046058,1.3734305307687875,0.05918638842682127,0.1765793395003656,0.0,0.1031396955853106,0.7436443582672503,21.18647504262618,49.0,3
32841,5.270402895934253,1.0,99.65187469299558,0.702869376209742,1.5874046880354733,0.06279572776316904,0.005946621798604477,0.04505732222996,0.08190524688566762,0.4973039056850378,27.924187609490378,47.0,3
83949,5.701060861471607,1.0,69.77104533220697,0.3695477264804424,0.2580359139260108,0.024666575841302687,0.29983526196182336,0.07391897168127363,0.0834609979772711,0.13954045346855962,21.81833865981273,42.0,3
152587,3.3619271977508447,1.0,113.23882833882908,1.5427567021324977,0.7900082832763979,0.060614470628754906,0.23396181207368982,0.0,0.14099331399462306,0.7812879084874744,29.790637557976943,13.0,1
129423,5.701060861471607,0.0,124.78245002968778,1.684540299697343,0.28540840916335625,0.07632487083264694,0.3099278600381149,0.014176275640349664,0.09323773806836998,0.2802808782739762,21.740257380628183,41.0,3
82570,0.0,1.0,54.76671809548497,1.8447562024754598,0.630660508976416,0.05829209970585896,0.019323419726596028,0.0,0.10080771222471868,0.28121715024146815,30.410641426409416,21.0,2
121256,4.359420279727952,1.0,144.98853303384618,1.0387004217770066,1.0685990710633249,0.1038017549402223,0.23081248243290878,0.0,0.13505226611954163,0.49371684008158656,26.52123883149273,48.0,3
76253,0.872923795046736,1.0,114.39487647854948,1.874800880341669,1.2719135502914645,0.11651438271400569,0.017147645668493677,0.0,0.12107639339864908,0.7255949080509491,31.707915651401333,38.0,2
82491,0.872923795046736,1.0,115.16977623084836,1.7965377462689096,1.0402249611304715,0.09943794886500139,0.16312805578940295,0.0,0.06757025544188588,0.5223458982041329,28.565325025073086,33.0,2
2002,6.117892928831929,1.0,126.57061886903614,1.1907821343351075,0.5714429205166435,0.024666575841302687,0.27316267531591903,0.0009961907158109078,0.07207008747600625,0.3481476766638229,25.565534452979627,44.0,3
42054,0.0,0.0,109.44017212872049,0.9228387905195625,1.2178444213202304,0.029689610335349732,0.015720724575124998,0.1062102576057933,0.1299098908721293,0.45590417500931824,30.280780951294467,14.0,1
64248,1.5954046671017168,1.0,137.26101150794767,0.5932984666691752,0.5309102739761682,0.03684347528477961,0.300600368224815,0.0,0.104861145959801,0.31386999284176065,27.054104810799966,11.0,1
142336,3.3619271977508447,1.0,69.0874045345773,1.1218203956730715,1.1762754558995927,0.06124705612908051,0.2985503789253701,0.0,0.07989911657905567,0.5623496876972396,22.4704902986554,25.0,2
141109,5.270402895934253,1.0,136.82072859139913,0.7690426018513223,0.7842157988769721,0.08684389572442322,0.3347211001219841,0.003939573289650818,0.10915962010817792,0.48743361513789707,22.67796865966138,30.0,2
84689,3.3619271977508447,1.0,100.21719049979525,0.26494223512366083,1.7190694846582937,0.0851415328131488,0.0,0.08787271840522427,0.12499849218571271,0.3435297312064924,28.56218900074773,49.0,3
132944,0.0,0.0,126.28212380827802,0.6961860220856041,0.2743784292767496,0.08253683745040954,0.37130700566282,0.08088782515289099,0.10673525114395638,0.5446065792778642,24.953693427168183,13.0,1
60076,2.81870192439919,0.0,124.35639785665623,1.0523187556135853,1.4080745642651042,0.11406662280616449,0.026870414285047127,0.0,0.10388706186522997,0.4495753109342876,22.86973945301044,11.0,1
96022,0.872923795046736,1.0,91.14169049729028,2.1787686595395814,0.7707663064582774,0.06370293596274598,0.003570829460300032,0.0,0.09417957066797655,0.40961416743273077,24.61271503215111,8.0,1
135808,0.872923795046736,1.0,132.17527608221042,0.9433783587917097,1.0100410881731547,0.03684347528477961,0.30311965169622707,0.1477875979271654,0.0682595902191365,0.5906201054722333,26.320822241370063,19.0,1
25637,3.873488880460096,1.0,91.28487374641881,0.8799567951318898,1.5663907762113518,0.05675240505934864,0.012366637010684292,0.020515981482710065,0.14539808936316326,0.1356735164838955,27.28863703165865,44.0,3
35729,0.0,1.0,94.84365870878594,1.2142637860645362,1.496460907685237,0.0431865287142909,0.024281725579114514,0.0,0.11425910032408468,0.5481598184332552,29.43707556650214,19.0,1
157827,0.0,1.0,120.94547009752495,1.382531875836705,1.3246387704294853,0.05680116751690537,0.08682041266096152,0.0,0.09323773806836998,0.6615493185898008,28.05354427841976,37.0,2
116701,2.81870192439919,1.0,100.81864691002617,0.7051038664063272,1.5351222119478976,0.04673112473458526,0.1014632060448643,0.0009961907158109078,0.14163980337449014,0.6953901935688297,25.150781970742553,65.0,4
58136,4.359420279727952,0.0,152.435724948629,1.6248846462339144,0.6359874431092684,0.03345331143459896,0.2665568873392643,0.14826535491985524,0.08608269509259017,0.5366032848165226,25.970952361516957,7.0,1
141362,5.701060861471607,0.0,117.97067135450673,1.6423020601527738,0.7631224941741739,0.10139935755464843,0.2652662918471982,0.0,0.10741349334001439,0.23795182913777405,26.36840729618118,8.0,1
115821,2.81870192439919,0.0,87.24204617668705,1.1704392993079824,0.33061589901214944,0.09612667909729579,0.22961717273145504,0.0,0.07654086052747315,0.24173022192994606,32.16599302804096,23.0,2
121357,6.117892928831929,0.0,138.18095051164985,1.6144853188230401,1.1241067643567022,0.11237309699614241,0.1133089973400213,0.0,0.06980972660585218,0.3867677441611076,28.94194670776655,26.0,2
68340,6.117892928831929,0.0,67.96060472002266,1.1762322066763853,0.630660508976416,0.08707938669215522,0.07973655467134984,4.4899229841810325e-06,0.12767794942651947,0.5383828155329159,29.168347329496818,7.0,1
107973,1.5954046671017168,1.0,98.50412913180628,1.1560244956058299,1.656633108457273,0.026576577269376928,0.03879524610014085,1.2099440695076134e-05,0.05896022144259537,0.46763733513873956,23.192465134428122,31.0,2
138019,4.824000686513771,1.0,98.2523138603294,0.6653940706483308,1.5455114753399843,0.03127373074081886,8.409894293523861e-06,0.14655975062581145,0.13193265378338864,0.6580672741241114,29.185779528546323,30.0,2
51552,5.701060861471607,0.0,102.72424367725095,0.9537351345706274,1.0337244907542096,0.10270424619248793,0.3159420989489345,4.659170518780242e-05,0.07160547706998972,0.44323868162207153,27.186790725441195,2.0,1
70559,3.3619271977508447,1.0,121.87707324633038,0.9641501397610845,1.6647131528044516,0.0431865287142909,0.12267420854969888,0.0,0.12556619701215935,0.7846985293539909,27.26805544818505,37.0,2
132106,0.872923795046736,0.0,85.86357634982573,1.9089419001378047,1.3513725909920593,0.05591695627403682,0.2053189330857846,0.0028290074324687662,0.05641465063172188,0.4568076672489063,23.630816562047816,31.0,2
75100,0.0,1.0,112.03989437035679,1.4273029632982537,0.8488750374661344,0.10115040624203152,0.2671982360325522,3.0399646949416433e-06,0.054317569644281284,0.3370572240184057,28.551022844430424,37.0,2
105026,2.81870192439919,1.0,132.2808830350982,0.870016916351664,0.9972231075729378,0.026953409443536608,0.0978759997682047,0.0,0.13433043687704121,0.7367747935949783,26.319893817861534,49.0,3
61777,3.3619271977508447,0.0,108.74749626042453,0.977251050003743,0.7880755588262914,0.10838398143894828,0.2044080949271225,0.0009961907158109078,0.11583914795584942,0.2999035103297946,24.059658310188095,69.0,4
9664,5.270402895934253,0.0,126.16062398184843,0.977251050003743,0.653863841431761,0.054817363853910714,0.27651261005460964,0.0,0.14598210702351488,0.5080505822351178,23.227270563136535,56.0,3
6976,4.359420279727952,1.0,104.75479689856114,1.3635879022326585,1.1376138905461024,0.04557037994341877,0.2559278880813097,0.0,0.10557531116723944,0.5053659477481252,22.99437114110704,73.0,4
5694,4.359420279727952,1.0,83.51610699397975,1.1762322066763853,1.6593243330522978,0.056507959226749484,0.005533807576175209,1.8098748509530492e-05,0.0666236838570972,0.470341237512751,21.559405570579756,65.0,4
149930,0.872923795046736,1.0,128.35517801805977,1.1704392993079824,1.4734897236080668,0.1080137256563241,0.004381103098323658,0.020092730298876604,0.06722300668770007,0.5383828155329159,29.80343353412276,37.0,2
12220,5.270402895934253,0.0,88.20725893120705,1.5835165182702335,1.0664045786492466,0.08334048687121909,0.1997904096162951,0.010735837393423231,0.12135199042106064,0.7650613890145672,21.70537661729295,14.0,1
146746,0.0,1.0,102.27049466829591,1.237995013338512,1.0100410881731547,0.030629476337651843,0.22227665399240484,0.14515383250639416,0.12964737404116164,0.51341580185349,23.09435830328415,8.0,1
104227,3.3619271977508447,1.0,135.50868065986666,0.7528078866341287,0.858853361084863,0.032756846992377936,0.2362879782028371,0.12527070615428185,0.07298954199416931,0.3110799737441455,22.143717355754042,15.0,1
43259,4.824000686513771,0.0,92.13271180671188,1.6144853188230401,1.3734305307687875,0.06816008079340606,0.21157937986456504,0.0,0.08927426336727629,0.8398587829557217,26.979314674008418,48.0,3
60027,4.824000686513771,1.0,150.27529806897294,0.47507469484593656,0.6828512271475592,0.06969534196105091,0.3250784302488298,0.0,0.11497228316209064,0.1732287102697829,35.93618490156066,31.0,2
94327,2.81870192439919,0.0,139.7089114333271,0.6120164099140819,0.6042741472907891,0.029178943760520885,0.04736046046136347,0.018555850659359212,0.0944893301378407,0.47484463488452405,27.769236310734794,2.0,1
126786,0.872923795046736,1.0,46.36365684291085,0.6961860220856041,0.25938853569750037,0.038157654766122096,0.37144007979037114,0.14467084838445318,0.08384328428839721,0.15015655190271257,22.463404534837583,25.0,2
120937,4.359420279727952,1.0,87.22603538573911,0.4997366955494057,0.15520688079758452,0.05728648091811103,0.370638584893952,0.14397553805943164,0.12578864764343925,0.10461029557445183,22.50692871812431,24.0,2
61846,0.0,0.0,103.27670071067014,1.8597430050557224,0.5275795784089966,0.11228194452486069,0.21506826913802218,0.0,0.07479010183432175,0.3831026140507271,26.625996823664305,2.0,1
78488,3.3619271977508447,1.0,161.7283824494001,0.48639265456573033,1.637853941661252,0.09512248854355311,0.019417686065019802,0.01769303436637822,0.13967703282880692,0.30735740567019904,28.892687923145694,22.0,2
25515,4.824000686513771,1.0,132.22556661400748,0.2756414895134587,0.4387923199218749,0.04379041442699696,0.28809482449267676,0.1481025603478846,0.0692325431781873,0.13180306839931838,27.88544110500266,48.0,3
17866,3.873488880460096,0.0,95.19162717341727,1.635322297431103,1.2178444213202304,0.08754475966298475,0.1071041786982304,0.0,0.06874779249788905,0.551710741535826,22.470637902750678,4.0,1
148606,3.3619271977508447,0.0,141.1149146330279,0.7807417810472599,1.486230640455675,0.05824462509301763,0.06574385880311132,0.0,0.12242178962049771,0.6650292642763783,29.130367446543058,5.0,1
4091,3.3619271977508447,0.0,131.762790222489,1.4959659338530724,0.7574094640680615,0.07759212050764247,0.23081248243290878,0.0,0.09029545927515505,0.5641208390442669,25.964125815991185,7.0,1
53095,0.0,1.0,100.11253682114247,0.9356488839762348,1.7135954813782412,0.038157654766122096,0.04822107664482468,0.0009961907158109078,0.12079744792434513,0.6658989234852036,21.02174591906975,23.0,2
153522,4.359420279727952,1.0,133.04994145798383,1.5293044363985917,1.3101611541437503,0.026122119145500968,0.11736465633327059,0.0001988488005232106,0.08961697180144913,0.762495346225589,28.56745738728201,12.0,1
66745,5.270402895934253,1.0,166.2972007074893,0.6545544784683045,0.3077939213433398,0.029907481693841425,0.35690217537331775,0.1444990133529085,0.0846000186739813,0.3175874845356611,26.343362838256546,42.0,3
45371,5.701060861471607,1.0,114.41541328587985,1.2619772416422685,0.8648633807671563,0.04673112473458526,0.23041492083456172,0.0,0.1199400574388863,0.4232724839940975,27.108480229738742,3.0,1
158006,2.81870192439919,0.0,74.20296671877867,0.6437972553886573,0.05288069165864111,0.032124654964770724,0.37470221175114343,0.14832221679716667,0.07567160824092482,0.22565033036371449,21.13268634598354,32.0,2
29939,4.824000686513771,0.0,107.35506430651648,0.8115638316796402,1.4734897236080668,0.11108650909359,0.06574385880311132,0.003939573289650818,0.11220324037571663,0.48024360588362286,22.118217294226422,19.0,1
45541,6.117892928831929,1.0,131.35515303114576,1.1617788655968144,1.0906530470009785,0.024511895173556893,0.02898112427759635,0.0,0.07567160824092482,0.6353823972414456,27.545342301629265,13.0,1
6876,5.270402895934253,0.0,122.25858313857432,0.9798822134503042,1.743808288579192,0.0431865287142909,0.010821767172170031,0.0,0.10829773278800112,0.4775448150825342,24.654610571555537,71.0,4
94942,3.873488880460096,1.0,140.78104674262786,1.3045544042799484,1.5795086777003646,0.06697413709052649,0.07764597405794815,0.0,0.06520517018621844,0.5357133001241309,23.464627545086643,14.0,1
106442,5.270402895934253,1.0,101.29421884963753,1.3635879022326585,1.3343314548273377,0.08280689613768356,0.13296876435285718,0.008698409363821236,0.08858182813778119,0.6388782359477272,26.797877024722418,47.0,3
59502,2.81870192439919,1.0,117.86843080346078,1.277094229670491,1.2814265310363273,0.05591695627403682,0.00023891465617717717,5.8686838791020386e-05,0.14502858511598057,0.1133700089043509,22.46443796903603,4.0,1
7190,3.3619271977508447,1.0,126.47952534593489,1.5125831187873215,1.331905210558965,0.050636785623080244,0.05248771370758104,0.0,0.06050287974072933,0.8085200343541193,24.281818909913092,63.0,4
29919,4.359420279727952,0.0,77.92000281181691,1.1588997572047788,0.2117471892219363,0.08280689613768356,0.3509654956354509,0.14779779239226265,0.08268848505094586,0.15593612213162947,28.56118542328614,41.0,3
154416,0.0,1.0,42.41650666561545,0.6120164099140819,0.8429110412156785,0.10974151508476628,0.06281284377576993,0.000306640262376123,0.132877752641432,0.219012573347335,29.73599905105163,36.0,2
137745,1.5954046671017168,1.0,134.58615441533897,0.9101188546911463,1.2766659695073987,0.032756846992377936,0.3106365471241815,0.14397553805943164,0.0642263303982092,0.3250138217148678,28.260658349228066,6.0,1
36713,0.0,1.0,81.37483910543733,1.0468602170294494,1.2108708886987363,0.1147059968869775,0.08303424155368089,0.0,0.14375506108861733,0.3481476766638229,24.996849270293904,43.0,3
131878,3.873488880460096,0.0,110.18900415783341,1.1133552989984767,1.0685990710633249,0.11200102058496486,0.14764237027396704,0.0,0.0909648244230264,0.43054194018397496,23.61697385562457,57.0,3
123772,2.81870192439919,0.0,82.55405442228795,2.0571171201967116,0.3220063272070616,0.11011320908121598,0.359209927422876,0.12120585527634095,0.07989911657905567,0.49820029281298683,23.901434403426794,20.0,1
15265,5.270402895934253,1.0,136.44532721272014,2.125541180073894,1.4406068112877073,0.09512248854355311,0.08089131902176383,0.14773597891047588,0.07654086052747315,0.5685462219497042,27.025195722445893,32.0,2
119704,5.701060861471607,0.0,138.93025180590772,0.8650682795653099,1.7054004852858022,0.09141646816813875,0.002986602388962986,0.13016482571677399,0.13631186222496286,0.19522579199641732,30.082668316552162,26.0,2
85122,4.824000686513771,0.0,115.11335181876618,0.15061524441669222,0.1625543829221118,0.03184203401148653,0.36707903837705214,0.14881091808359515,0.07782218133052284,0.0788081357807908,22.079258013274096,34.0,2
128774,0.872923795046736,0.0,70.43722980079244,0.7713755595229619,1.5015885652972079,0.0973955388973874,0.04993499265901868,0.002965912600349943,0.1329476683409684,0.39774701348203345,26.938733478943032,36.0,2
5112,6.117892928831929,0.0,105.04070246278243,1.1274828423974343,0.9929661400695023,0.0973955388973874,0.2053189330857846,0.0,0.12393343090235127,0.5959048078477117,26.76786206028388,59.0,3
110165,5.270402895934253,0.0,129.7227845051717,1.0881650388686348,0.37758067059571104,0.09984812356667594,0.3227515960828559,0.009628717289747853,0.14099331399462306,0.4150819119420289,23.728700974498565,26.0,2
55241,5.270402895934253,0.0,98.23132509695351,0.6829095930719221,0.41550924816995743,0.029762299662850177,0.13980511964077502,0.14578632070984665,0.06474316603131854,0.1491925360676931,27.038480890089303,4.0,1
128889,5.701060861471607,0.0,114.07135212328872,0.178617002239422,1.5196011969191976,0.0614711458158501,0.12658456236904403,0.12723460622343344,0.14385442083376146,0.014971133438095124,23.222506753204836,41.0,3
103444,4.359420279727952,1.0,105.84064786995482,1.3261352750235784,0.5093894862776464,0.03120240458736984,0.04804914905357679,0.002348687617706259,0.12910867417091867,0.0776314648154134,25.296585481994615,23.0,2
116498,5.270402895934253,0.0,117.4235365593984,1.3354442055656686,1.3907019974812584,0.032054095044992494,0.02502350614647099,0.0,0.07066635954166857,0.7376339196406687,27.02259026614889,48.0,3
109129,4.359420279727952,0.0,131.59170528009307,1.2680121847925503,1.2131933798627534,0.03414355059055638,0.1796884828622201,0.0,0.12417503957929378,0.6476084860628607,23.039684573316087,43.0,3
140589,5.270402895934253,1.0,155.16696860189325,1.3323372212749316,0.6993657939488159,0.11029334661670147,0.25865153931348445,0.0,0.07014415865854837,0.5773863402581226,26.49457621935089,28.0,2
130788,3.873488880460096,1.0,135.49364670022294,0.511294898436353,0.7842157988769721,0.10421865593665172,0.30801870464992115,0.0,0.12381154675558945,0.551710741535826,15.251252514087932,27.0,2
30392,0.872923795046736,0.0,193.8390722214986,0.6267561796552508,0.4047791174136846,0.026198033914667747,0.348285230433806,0.14360752287675854,0.06776790858233991,0.12502128870570975,25.627576540032145,33.0,2
72895,5.701060861471607,0.0,130.94733458806945,0.6183139566629519,0.8628581206184712,0.04730387785758131,0.003976213546291906,0.14773597891047588,0.06971386977315287,0.3444536710269561,25.273278901641945,48.0,3
136126,0.872923795046736,1.0,110.06510991609932,1.573269725078865,0.4232262745791235,0.10520912552351953,0.2797896221963635,0.014176275640349664,0.10915962010817792,0.329649459445562,25.384909285095308,6.0,1
130360,0.872923795046736,0.0,154.4442340325788,1.7599522449896807,1.1196203641016944,0.0858828442467042,0.27830897511718755,0.0,0.12644056977927082,0.6003049092046717,22.33871469304061,41.0,3
96261,2.81870192439919,1.0,130.55444855172738,0.5830123021618808,1.5768808873604883,0.054665787241964255,0.006005553210517977,0.010275757662176746,0.07434469244013149,0.5089451600367382,30.87509871531561,1.0,1
56354,5.270402895934253,1.0,105.79392164246141,0.6036650358901219,0.05298851546889425,0.04071676728200563,0.3744457480405054,0.1487428283688967,0.06971386977315287,0.12502128870570975,26.957006688178193,50.0,3
13014,4.359420279727952,0.0,164.34902967520847,0.7574292631964193,0.9591921604105726,0.031487324236659966,0.23474058021231803,0.0,0.0878799146864748,0.31386999284176065,23.62724937792191,35.0,2
39957,5.701060861471607,1.0,128.8752140586045,1.1617788655968144,0.8608547809331345,0.041342447356368994,0.2555842232981101,0.1283729471921023,0.06776790858233991,0.5490477660515011,26.009880535247508,34.0,2
57209,2.234779091684268,0.0,110.13738397887458,0.22781406911587748,0.010075921542028915,0.04730387785758131,0.3753400103877654,0.14890486970742461,0.08111111514562246,0.04672029222863148,18.538343316945024,23.0,2
104841,0.872923795046736,1.0,73.90250608426636,1.3730416877687452,0.5493582130984525,0.10326311031119288,0.006152835788113925,1.4699174514729554e-05,0.11812843327074328,0.21521517345479477,25.823038514311847,4.0,1
118213,4.824000686513771,1.0,110.59668219623208,1.347912282370425,0.5476720855465492,0.05824462509301763,0.3096907577362992,0.0,0.11296729991626979,0.853362300811493,28.968169789427712,37.0,2
44671,3.873488880460096,1.0,34.17518614955318,1.9978443082733723,0.5259169346537883,0.11228194452486069,0.0015464166981630295,0.0,0.07298954199416931,0.3619753613456227,21.95550603362795,16.0,1
120399,5.270402895934253,1.0,109.08874355048572,1.5495079674127066,0.5680252931599925,0.06776810307407538,0.30411417011148073,0.0,0.08190524688566762,0.8760844031087931,29.04240122743548,49.0,3
120830,0.0,1.0,79.59872429770452,1.3984299557000819,0.811393604128813,0.11510712233699172,0.24747716982900486,0.0,0.12787593330562827,0.7178426855050967,28.05392525916096,31.0,2
105703,2.81870192439919,1.0,155.4667370685949,1.3667351240154904,0.986595383828515,0.03482762600454365,0.2048640371828363,0.0,0.07989911657905567,0.567661430117058,27.625373108317003,51.0,3
37824,5.701060861471607,1.0,112.01414612429954,1.071541642188199,1.2814265310363273,0.029544034728669014,0.18071497178150703,0.0,0.08229821707572699,0.3766821266125737,29.180093210951743,43.0,3
127865,3.3619271977508447,1.0,135.38339035889345,0.7390256179332092,1.1106714973128837,0.03550559855419764,0.1696866721569423,0.008698409363821236,0.062121579541474924,0.44867055468068734,30.06777384364294,46.0,3
42809,4.359420279727952,0.0,158.9889856438487,0.5932984666691752,0.06933864478327577,0.04257727432062326,0.3752128331966564,0.14856260352903555,0.07697095147323091,0.35460545987661984,21.205663133736916,31.0,2
152956,3.3619271977508447,0.0,99.55237366422129,1.1560244956058299,1.4836782886015223,0.03352261446733482,0.0032243779946714898,0.0,0.14400437878885197,0.29243786124942284,25.97122004434836,50.0,3
100182,0.0,1.0,126.46434217902889,1.3292342453589678,1.3709714197337277,0.029178943760520885,0.23396181207368982,0.0009961907158109078,0.11634650289624089,0.7718988755203128,27.201189348153736,33.0,2
61619,1.5954046671017168,1.0,75.04333902306855,0.8454152376174606,0.3248693292889913,0.05824462509301763,0.35643393693268677,0.12735141084815144,0.09162520541474937,0.29897094882889713,20.76259221922038,48.0,3
38608,2.81870192439919,0.0,113.77338824092642,1.7238032976844435,0.7574094640680615,0.07941640169894552,0.11056948609566525,0.0,0.07654086052747315,0.3305760518370182,28.56306711126734,14.0,1
113216,4.359420279727952,1.0,143.925900540825,0.9228387905195625,1.0186256893922574,0.026198033914667747,0.03325079712840182,0.13318932759442478,0.07253143383276514,0.24927765074655053,24.746694538126857,14.0,1
35205,5.270402895934253,0.0,136.88077911006508,0.8308234223741906,0.9135673883268748,0.02770197444137078,0.23743973259256684,0.001984806558653298,0.13123702703825046,0.6945249250145904,28.62511538811457,35.0,2
63192,0.872923795046736,1.0,84.51947263377981,1.6006790321669766,0.9445731428547706,0.10786191730577435,0.02650189206993488,0.0011945177828930186,0.06291794151879873,0.46763733513873956,33.19699641225941,32.0,2
66389,5.701060861471607,1.0,135.62894373828456,1.4144297135629609,0.5176307295664182,0.05025691368938432,0.21201895798104362,1.6199899740789498e-06,0.11479565148345594,0.37300954001041753,26.496688774770888,23.0,2
28515,1.5954046671017168,1.0,165.9565081518736,1.2984243322312379,1.1625640217662516,0.025435779189136993,0.2180697686246851,0.005864813330088342,0.07866163055322024,0.7513632447261314,25.072182235552038,19.0,1
52103,0.0,1.0,96.82886834797068,0.45461028195060604,0.4704547534652788,0.09141646816813875,0.21593067514693054,0.025231074929758734,0.12381154675558945,0.3858517145013685,17.081048561876443,53.0,3
4257,6.117892928831929,0.0,131.25447399870035,1.4663162944046058,1.738295804622485,0.05918638842682127,0.10074959601613999,0.0,0.0878799146864748,0.6919283533734552,22.341826526539133,40.0,2
62709,4.359420279727952,0.0,151.5681392718513,0.5546359185885782,0.11934197262109546,0.03880600336970576,0.37470221175114343,0.14836968489759983,0.07824336696718033,0.384019149597404,22.471228312609313,6.0,1
65396,0.872923795046736,1.0,112.1325810517795,1.2649927397327414,1.4456428644832313,0.03041356110871576,0.012559232969426147,0.05009528155501809,0.07610775407689287,0.3536834419639886,26.504741841692372,42.0,3
143572,5.270402895934253,1.0,121.66335306028027,0.544652211466266,1.8162515217920812,0.08954958276534362,0.0009985074216367666,0.026838662246328037,0.11296729991626979,0.16363021503347241,27.96455201087585,49.0,3
18235,0.872923795046736,1.0,58.43307806877596,2.408391150181382,0.3656734882374335,0.05223874875548161,0.15175752601352488,6.378445271479264e-05,0.05868145286559786,0.3628958211781966,25.966669181310426,9.0,1
49997,5.701060861471607,1.0,137.9560466984077,1.0144220302914997,0.48817207662737105,0.02412396150938901,0.15694397548208475,0.0,0.06850412453748891,0.7298973410881702,19.524220840447175,2.0,1
73807,6.117892928831929,0.0,82.71540325957487,1.6739227970966106,1.0186256893922574,0.06370293596274598,0.1636819881963965,0.0,0.12331669781090818,0.6327591102779849,23.176567129178817,21.0,2
118132,0.872923795046736,1.0,146.9470130773329,1.8002204158456978,0.9012871754952682,0.10188625402023829,0.03505015914588083,0.0,0.13107761505746676,0.6082163911561125,22.49232861466456,41.0,3
98625,6.117892928831929,0.0,111.17944356803386,1.5835165182702335,0.7726819849845797,0.07296675335244636,0.06768159602115056,0.0,0.09162520541474937,0.49551067655190706,27.67808388325272,49.0,3
44076,4.359420279727952,1.0,121.03714861745875,0.436323991484237,0.7178926528129836,0.032896640880451446,0.25729539104543686,0.0,0.10186112363500793,0.4004880737342039,21.00136431395397,2.0,1
7235,0.872923795046736,1.0,87.7861644192814,1.1531530780227583,0.5309102739761682,0.041342447356368994,0.2975136482041665,0.015065401060720823,0.09833371298734968,0.3610547290259492,23.29634396873039,14.0,1
2903,0.0,1.0,130.5191812750498,0.4399571780087591,0.42167935448205973,0.03550559855419764,0.3125073551215127,0.12475046480955254,0.062121579541474924,0.29337171326094935,28.531317966588013,43.0,3
98584,0.0,1.0,95.44458111423646,0.8187599816799841,0.23529773667628084,0.041962598355487504,0.20257379790106939,0.14538864290523457,0.08680895131871912,0.07135016416561014,26.20007289677466,26.0,2
58872,3.3619271977508447,0.0,128.83483368628717,1.573269725078865,0.7536102102164997,0.03841768798409405,0.20936643468293328,0.12602863839372966,0.07989911657905567,0.1866313169426985,25.968141578631638,3.0,1
60253,6.117892928831929,0.0,156.22316136805887,1.6563128757565557,1.1084392632811322,0.06737279893323408,0.1511740477018857,0.0,0.12757809509702486,0.643245026323755,25.41140655053202,72.0,4
76302,4.824000686513771,1.0,106.94564507211453,0.36276451402596,1.3907019974812584,0.041962598355487504,0.0,0.12514178463726408,0.1046199903677044,0.4332653199494439,30.392130397680493,60.0,3
2985,3.873488880460096,1.0,126.77301533162183,1.2923101708008011,1.2318460617081535,0.11738632607182012,0.16860685887279303,0.0,0.1085152749541968,0.646736059972371,26.126694966160947,63.0,4
117563,5.270402895934253,0.0,150.24073468941168,1.3793644304245756,0.47526536432381916,0.02844379682282684,0.33850815172552834,0.14826535491985524,0.07298954199416931,0.5089451600367382,26.649282151006144,36.0,2
76235,1.5954046671017168,1.0,86.53183057329919,1.4144297135629609,0.9176762744407007,0.07971180677246352,0.02502350614647099,0.0,0.08892922146119757,0.23700674147691309,25.28404807966801,54.0,3
129028,0.872923795046736,1.0,120.10971757216755,2.0017639122572035,1.0532791897548954,0.09546239530113286,0.027789847142669463,0.0,0.12476668575403163,0.5809184321198676,29.553657945354168,32.0,2
131810,3.873488880460096,1.0,35.45749297277445,0.44725961555888705,0.16625007804218347,0.028147872668643843,0.37470221175114343,1.3099344429888262e-05,0.09804963764136568,0.07007309326671513,24.042880449908306,16.0,1
113530,3.873488880460096,0.0,112.68847149671892,1.8823565270014346,0.7612162633794276,0.10115040624203152,0.010240554881210949,1.1599948595298812e-06,0.062068183291391285,0.5303703138952661,21.71202347111924,3.0,1
48419,0.872923795046736,1.0,67.70062381069536,0.6851139901853912,0.6993657939488159,0.03127373074081886,1.4899668198633017e-05,0.14865178882548147,0.07824336696718033,0.39500445441039295,24.95053034281967,32.0,2
16770,4.824000686513771,1.0,102.60431493592552,1.0937363611747035,1.1969783179741296,0.025741511009059373,0.05535474064155551,0.014532728798440813,0.1176543571357466,0.6178708851250911,23.33924695149578,20.0,1
13810,5.270402895934253,1.0,121.57174224962475,1.0743027900555246,1.4330682921235658,0.02770197444137078,0.02409600998560086,0.14659064762779658,0.09889625578485943,0.654583124696766,26.938864031785847,59.0,3
71349,6.117892928831929,1.0,118.17000398257059,0.49782115714739317,1.5847705774637866,0.11281100403753022,0.01533914805932433,3.619499429947021e-05,0.10107366171887236,0.1980869142931519,30.971688210049063,34.0,2
117489,0.872923795046736,1.0,71.57483257935219,0.48260774743591484,0.04718826494062143,0.052867886858076925,0.3753400103877654,0.1488761368191702,0.07610775407689287,0.29617216065705904,27.36155828060828,37.0,2
101415,0.0,1.0,91.77781568023269,0.9050560474853104,1.486230640455675,0.06262107418038805,0.2908511417260666,0.0,0.07434469244013149,0.8457701312909116,30.92086493132732,68.0,4
114707,5.270402895934253,1.0,77.56736248224564,0.8824506569237538,1.6271696146393297,0.09018667070769226,0.23317963820531065,0.0,0.11717145598614156,0.5844482742465293,30.51687040254629,43.0,3
13601,5.270402895934253,0.0,134.24499176520797,1.2680121847925503,1.103980770181698,0.06697413709052649,0.051724172865088146,3.769457089115688e-05,0.05873728712785969,0.6832647885223685,33.32502728498357,59.0,3
7014,4.359420279727952,0.0,75.73536655742488,0.7925271422579314,0.035828663058702755,0.048602262004528156,0.3749579057766519,0.14867172392528688,0.065765824499414,0.15882300898583238,19.778202554348095,29.0,2
558,6.117892928831929,1.0,88.40970856700679,1.7346023120600809,1.1443944415571772,0.08115311709967152,0.08981251686689971,0.0,0.09600744425199255,0.7633508144214861,26.13682438109397,71.0,4
35265,6.117892928831929,0.0,75.16328262366348,1.1189948897666122,1.2981526855390904,0.031700341627013295,0.003016333640252153,0.0,0.07014415865854837,0.4649320304843778,23.755582072929666,28.0,2
133838,5.270402895934253,1.0,74.93972941242455,1.351039350458107,1.3709714197337277,0.08086954562732294,0.14224404248746633,0.0,0.10437726552568219,0.25022020596358363,26.721549532417466,26.0,2
90190,3.873488880460096,1.0,124.28029513969739,1.7454404380504511,0.882997246197953,0.03198347162171691,0.25069643121022134,0.0028192229032774794,0.06632209626065663,0.6161167520118906,27.033662274473446,49.0,3
33619,2.234779091684268,1.0,164.49038305357945,0.9330796361672831,1.0729939993093416,0.026652080324069915,0.22186018419829656,1.1999449901366853e-05,0.07019179955184995,0.3101496044938338,28.563443438702002,17.0,1
54060,5.270402895934253,1.0,93.3653910125231,1.0965276954317247,0.6395479508797876,0.029178943760520885,0.21069722185364373,0.10693883981742594,0.05772607159203345,0.6318844125769992,24.726774251947717,47.0,3
39860,2.81870192439919,0.0,174.93724441452136,1.2710355796097998,1.2318460617081535,0.04103030185396514,0.26133027192518365,1.1699477062077024e-05,0.12215914027194473,0.5490477660515011,28.325681751186334,52.0,3
136574,5.701060861471607,0.0,76.39386367610373,1.1762322066763853,0.5493582130984525,0.10747283603763581,0.26623522842521585,0.0,0.07479010183432175,0.4513843481564584,20.012966613459728,6.0,1
93389,6.117892928831929,0.0,107.38096939915334,1.5427567021324977,1.5690101476162517,0.06438331875107245,0.20303395783663156,4.699156218616667e-05,0.11479565148345594,0.8280193672926581,22.459565784908143,3.0,1
11809,4.824000686513771,1.0,89.22416789696106,1.688088075804631,0.6025297380460697,0.11516156137698857,0.1597757214669062,0.0,0.1135278727644392,0.31386999284176065,27.919218892247162,19.0,1
147256,5.701060861471607,1.0,120.97603070882894,2.0096167646815903,1.1062090211057984,0.029544034728669014,0.09642761173667264,0.0,0.04482968467214182,0.684131723091564,23.48082360624555,31.0,2
55769,1.5954046671017168,1.0,129.01148444455288,1.1791344541649518,0.9383370423726153,0.04071676728200563,0.19458579580402588,0.0,0.1192013035939258,0.4658339547302879,25.97322760585213,15.0,1
88260,4.359420279727952,1.0,142.08597700026846,0.9459621033695175,1.2039155262962848,0.03345331143459896,0.0760873691556447,0.0,0.07824336696718033,0.529479302078413,27.625244774646546,59.0,3
151293,5.270402895934253,0.0,105.72642299490664,1.0632807525460788,0.4914166057609313,0.029178943760520885,0.33529747315535713,0.14846866504801617,0.09747580878089683,0.21046390307817353,24.250005758995073,22.0,2
75290,4.359420279727952,1.0,139.49434311379616,1.0632807525460788,0.8389446157210648,0.06417169459392577,0.24783790767316516,0.0,0.06530743506210197,0.5152030121689768,19.832975214527686,16.0,1
25892,3.3619271977508447,0.0,77.051553893289,0.9641501397610845,0.7141723179935984,0.09708557810085501,0.0019542734131357533,0.0,0.08229821707572699,0.2690309433417808,31.925548339744758,30.0,2
20723,6.117892928831929,0.0,148.3627171794485,2.021430197171811,1.6059025151258526,0.08086954562732294,0.000398762190215695,1.699889599863502e-05,0.1125876738958727,0.28496036755879967,27.670649529414657,35.0,2
27900,5.270402895934253,0.0,97.63287545189888,1.8075989478811065,1.0532791897548954,0.08171337117473375,0.27681350142334965,0.05902603905160862,0.06766915227167633,0.5906201054722333,23.34068572629729,10.0,1
133426,4.359420279727952,1.0,179.06088744717724,0.7208394540873487,1.2178444213202304,0.029178943760520885,0.009852506517610308,0.14555209515107553,0.12855115469138523,0.22943896094336566,25.6652386298822,60.0,3
61036,4.359420279727952,0.0,107.69176091478563,1.9165779889820305,0.6112701122260614,0.06020377739301121,0.3602681406755159,0.1459900800986709,0.07479010183432175,0.3684149667388865,29.55096170452433,29.0,2
17784,1.5954046671017168,0.0,87.87147260441101,1.8039074821054202,0.8931390217637617,0.05581785744347516,0.30411417011148073,0.0,0.07782218133052284,0.2980382035009999,27.274658240778354,16.0,1
28443,0.872923795046736,1.0,105.90813610562533,1.499281057085816,0.8231553808396798,0.10127534682474977,0.1781395052452503,0.0,0.09833371298734968,0.2755967034714958,26.93964733979777,12.0,1
2455,5.270402895934253,1.0,88.1966018527038,1.5159190404539722,0.7086058516452183,0.03880600336970576,0.3011080329481629,0.0,0.06627170617944157,0.30921905351352663,23.04490918150638,66.0,4
114009,3.3619271977508447,1.0,154.43931581219974,0.7321803953673356,1.6863534561629305,0.040085503505564654,0.09055548875425853,0.0009961907158109078,0.12405459357167793,0.7057634965086762,33.43977470934647,31.0,2
13775,3.873488880460096,1.0,94.4532953929998,0.7783950615769446,1.5299401608787968,0.1080137256563241,0.0760873691556447,0.0,0.13025302191889332,0.4973039056850378,29.808916372431206,64.0,4
126476,3.3619271977508447,1.0,115.06205346553675,0.7163267310388866,0.2965467864597166,0.026198033914667747,0.37130700566282,0.11291192165026746,0.07389614600927014,0.2774709371189399,28.23626403307704,40.0,2
38746,5.270402895934253,1.0,153.69640625787682,0.30854930501698025,0.15034099223757447,0.03550559855419764,0.3529300906205135,0.14439824776562665,0.08716837634649345,0.12405157644659484,22.61189140705756,24.0,2
63898,1.5954046671017168,1.0,150.73438922937518,1.6144853188230401,1.788216833479305,0.049600266743561945,0.12463698198191898,0.0,0.060448319140414306,0.643245026323755,27.926353271843887,43.0,3
145045,3.3619271977508447,0.0,106.15208079568879,1.13316055416276,1.1017545099034765,0.030629476337651843,0.2905779107542213,0.0,0.11949950664623125,0.5906201054722333,25.532782644700895,35.0,2
75271,0.0,1.0,90.06413214971317,1.792859470542298,1.0014879181509468,0.09101297716999975,0.04744663222773818,0.0,0.11334218617191304,0.8398587829557217,28.939584590476766,23.0,2
51299,3.873488880460096,0.0,115.30312730992297,1.0468602170294494,1.4080745642651042,0.05085281364486584,0.016292248182897914,0.0,0.13266566878612343,0.2793444188864179,29.793684560274414,33.0,2
119799,4.359420279727952,0.0,109.35749758410337,1.9089419001378047,0.5612118533538111,0.05069086346719,0.012366637010684292,0.0027800773309413812,0.06791578006764001,0.4973039056850378,28.556167174598187,18.0,1
36520,4.359420279727952,0.0,121.79566236208834,2.1093213954162473,0.7384885474384946,0.05149638589108937,0.1014632060448643,7.717723691876274e-05,0.07567160824092482,0.49551067655190706,27.031708615041563,38.0,2
135428,1.5954046671017168,1.0,137.67609300525137,0.5728062043937142,1.5874046880354733,0.04557037994341877,0.043893390801080984,0.016823724306544618,0.1441973523769398,0.44142678332063784,29.893873053332197,32.0,2
108707,2.234779091684268,1.0,137.87606824139613,1.433764130961678,1.3440569354023117,0.08777467453951815,0.29139601967277307,0.0,0.08961697180144913,0.6248819796008633,20.177927670171094,30.0,2
49051,0.872923795046736,1.0,109.54350275541039,1.382531875836705,1.2271707574696977,0.03134499269087866,0.16201610323787796,0.0,0.08030591854684666,0.7307574555284216,24.780561762616962,18.0,1
12957,3.3619271977508447,1.0,134.62628304855298,1.580096699910016,1.4230459552752195,0.11214289994463984,0.0019940376062208094,0.12225182458931208,0.0878799146864748,0.3803519932120896,28.967672820320487,12.0,1
99607,6.117892928831929,1.0,98.7348790631241,1.486045460471644,1.368514367277708,0.03233595433488032,0.034780916180672264,0.12120585527634095,0.06153210601814461,0.13083490594461286,26.505665857689223,37.0,2
81565,5.701060861471607,1.0,160.52093984684572,0.4219109607463171,0.11700238927665027,0.03964026701337921,0.3717056213181921,0.14841601368529395,0.06869912804803781,0.11628585138727694,19.81242721866156,21.0,2
44544,3.873488880460096,1.0,150.30492291576135,0.4024038435051266,0.032780357611208975,0.03345331143459896,0.375466997075387,0.14815534579246725,0.06971386977315287,0.11919967432341062,18.964767258814014,48.0,3
40278,0.0,0.0,159.40032418580097,0.6984104567706283,0.8211903186456566,0.02680288136667475,0.21069722185364373,0.1466817163525353,0.06050287974072933,0.3203737089709441,24.61271503215111,26.0,2
90738,4.824000686513771,1.0,101.09566723881599,1.1218203956730715,0.6792018079786396,0.11423429868061653,0.28975503342092523,0.0,0.09479702346996888,0.40870230130966556,25.149687648572428,67.0,4
147510,5.270402895934253,1.0,151.87877712672673,0.9000075885026969,0.6466911138682083,0.025435779189136993,0.31157539028061215,0.0,0.1374719209323013,0.6169938866974617,22.59645467708094,27.0,2
118534,2.81870192439919,0.0,101.64416138649453,2.0174878286975386,0.9094662464472685,0.10845647711077161,0.18973683608982944,0.0,0.059790517208288665,0.34168132433451065,28.561812662022486,24.0,2
33580,2.81870192439919,1.0,84.80353961576482,1.5461302380608775,0.850866867530047,0.0814343853848159,0.2489155364887245,0.0,0.13977831560485432,0.6196244736187164,28.180216371086747,6.0,1
97581,2.81870192439919,1.0,150.61099735294795,0.5171158889397719,1.3808202212133387,0.05276348676969412,0.16257276229220186,0.001984806558653298,0.11532226495594795,0.3342806431153462,28.144751935942143,48.0,3
3528,1.5954046671017168,1.0,100.3375229370867,1.8785764755549763,0.776519017031305,0.11510712233699172,0.005031839770908826,0.0,0.08422295110813957,0.16555160761465107,31.009412407393224,57.0,3
59247,3.3619271977508447,1.0,179.69148666171452,0.372956702739835,0.3063820695190575,0.041342447356368994,0.3448336751049843,0.14843876050703148,0.07207008747600625,0.040786628491622394,26.17611726006404,10.0,1
15078,1.5954046671017168,1.0,137.02588562007062,1.1105412085910351,1.378354930922237,0.05680116751690537,0.04649739313307388,0.1480023296960682,0.07610775407689287,0.5853303840742065,28.85234254328433,1.0,1
31464,5.701060861471607,0.0,104.56759833124238,1.232038730877049,1.2482734227611447,0.08029540932132537,0.022045968810449245,0.0,0.05490560291793002,0.283089132646496,23.1861068142679,23.0,2
41603,5.701060861471607,0.0,118.30797531315638,0.9101188546911463,1.1511930062111049,0.08684389572442322,0.07294428524369923,0.007761030056575878,0.12511337403336176,0.3370572240184057,25.74031585588621,65.0,4
6231,4.824000686513771,1.0,147.36301627483658,0.7760517866541442,1.020776755417497,0.039448600807730404,0.020358832082419225,0.047028634608823235,0.13185708096937068,0.43689424042349,27.089236189117734,69.0,4
6833,4.359420279727952,0.0,127.2181248741573,1.1021217240069057,0.8769353064372962,0.03724019604240859,0.33757350581436935,0.009813935622806769,0.06637245044186935,0.8127642241578598,32.662785498630306,51.0,3
53196,0.0,1.0,141.9217103881742,0.6653940706483308,1.6325075429004299,0.06450986144918483,0.02409600998560086,0.0009961907158109078,0.13911013329458372,0.46402995003512487,27.94723966306826,40.0,2
124449,6.117892928831929,0.0,142.36467021629133,1.8785764755549763,1.1877569186390118,0.10390712915025974,0.04126698976593212,0.0,0.10696278729458521,0.5499355690315485,26.12896098801691,20.0,1
97066,1.5954046671017168,1.0,66.17104100551954,0.4920930517323875,1.85017773398087,0.05531977924046881,0.10918885741547443,0.14444886832852719,0.13977831560485432,0.28496036755879967,27.931321123190507,25.0,2
117883,5.270402895934253,0.0,134.42060567887188,1.6041242390834507,1.020776755417497,0.0412801290540494,0.007534090099138326,0.14614941886423052,0.059071447418294995,0.2699694764964411,26.372778479708945,40.0,2
82584,0.872923795046736,1.0,112.91483289033513,0.9667630100669081,1.788216833479305,0.05805431674292819,0.047015528188667666,0.00021282678486457538,0.08644706391858864,0.6038225012683465,29.29897739211145,26.0,2
132955,0.0,1.0,167.69299632756318,1.0387004217770066,1.3857569851549003,0.03414355059055638,0.05752870250965461,0.14703635922097283,0.05186136939192016,0.4622253199987333,27.022069154363273,18.0,1
35637,2.81870192439919,0.0,89.72402868679238,1.2649927397327414,0.5061055596071057,0.07366089915094279,0.2878162330360538,0.14866510521289292,0.08150955334797905,0.742786092544838,21.708851279423495,23.0,2
8468,5.701060861471607,0.0,130.79624457907818,1.6075736872862627,1.0100410881731547,0.07911856488323085,0.155228029851228,0.139493130543902,0.07654086052747315,0.3867677441611076,26.976836629169117,43.0,3
15741,4.824000686513771,1.0,153.39614453178407,1.0441365530273317,1.0906530470009785,0.0218388164142861,0.05112896171609742,1.9298577070118352e-05,0.0846000186739813,0.24927765074655053,23.904407607165545,26.0,2
33412,5.701060861471607,1.0,82.06435420678534,1.7382106712178036,0.9094662464472685,0.07400365818851558,0.009648597169706756,0.14887032284599905,0.06001041677208025,0.050375007536476,25.968810831395427,28.0,2
59076,3.3619271977508447,1.0,105.90294492113729,0.5190624428324827,0.3063820695190575,0.026198033914667747,0.3629360322594781,0.0009961907158109078,0.07697095147323091,0.26527491248338686,29.59248965329793,51.0,3
76420,0.0,0.0,120.56336909493876,0.9459621033695175,1.331905210558965,0.03134499269087866,0.04649739313307388,0.0395858627494188,0.07654086052747315,0.2952388627866774,26.629549718025434,31.0,2
123868,6.117892928831929,0.0,77.10587263066056,1.5192591302375724,0.6095183704904821,0.10011646490093588,0.07373331035081927,0.0,0.08307607176161669,0.4014014281029086,26.210183030412836,5.0,1
20630,4.359420279727952,1.0,115.72867754845839,1.5360221992945484,0.7631224941741739,0.03254668444495259,0.23160499351003486,0.0,0.11651353817190897,0.8744040626692703,29.54274938823958,9.0,1
54681,5.701060861471607,0.0,117.99111794315186,0.7690426018513223,1.2719135502914645,0.03482762600454365,0.003976213546291906,0.0,0.09355379050258464,0.4050531875874435,28.35090609631018,62.0,4
159352,2.234779091684268,1.0,118.55830895972537,1.2559580752183774,1.208550416448057,0.09929914618218678,0.10429869371523375,0.0009961907158109078,0.0944893301378407,0.4919223952704212,21.995510929056092,51.0,3
147936,0.872923795046736,0.0,90.28722548083897,0.8625992772181287,1.4836782886015223,0.038157654766122096,0.05585783783563089,0.1228302628351898,0.11651353817190897,0.2980382035009999,23.175699753810097,26.0,2
159460,5.270402895934253,1.0,107.91959321552682,0.9904435638128387,1.2178444213202304,0.03684347528477961,0.21463560404457743,0.0,0.06971386977315287,0.5543724183688273,26.316312547184253,38.0,2
45602,1.5954046671017168,1.0,149.52452208087604,1.3076254137645986,1.3125689770901088,0.03414355059055638,0.06816401280319169,0.1481203004297145,0.065765824499414,0.03781648672357541,26.03634513436128,5.0,1
136179,4.824000686513771,1.0,92.53504459719053,1.5226033909488335,1.1353577070957022,0.08867623283039489,0.017621890125477362,0.0,0.11061603839739241,0.5330424673029763,21.72455813861701,17.0,1
127518,6.117892928831929,0.0,96.24497234348203,1.489348138354589,1.126352958314032,0.09998279941324975,0.13795961794494901,3.0499644622300513e-06,0.07207008747600625,0.40779027040891674,31.74141942012486,7.0,1
109613,4.824000686513771,1.0,120.30344142315906,0.3230290224513678,0.23133524060775695,0.032054095044992494,0.3605683341804634,0.14861119938559042,0.07389614600927014,0.1065584841555173,20.23355951227641,40.0,2
70382,5.270402895934253,0.0,111.85963886479408,1.5026003343861656,1.0057605767148683,0.09800143618007766,0.14525821594835667,0.0,0.08190524688566762,0.326868612631449,31.24123504141499,30.0,2
111768,3.873488880460096,1.0,136.3101465072829,0.7972654942346424,1.6218401523063755,0.04071676728200563,0.0,0.0,0.09889625578485943,0.5941437966272379,29.00753607567069,49.0,3
62179,4.824000686513771,0.0,153.58320270725352,1.0632807525460788,0.8568538604471809,0.05323185869496133,0.02176539574795683,0.009052756105997335,0.10107366171887236,0.15112035188052228,32.632224926165925,30.0,2
159809,0.0,1.0,160.62853806548534,0.6523964551813372,1.640530318907042,0.05009339799691467,0.0009985074216367666,0.06025753825061772,0.1369584106580656,0.25398849438243537,23.67330944218191,24.0,2
23996,0.872923795046736,0.0,145.63847211002738,1.8224088628135273,1.331905210558965,0.1110323446790209,0.2861332159338602,1.4699917447814174e-06,0.06622128016933822,0.6615493185898008,28.81170916177535,32.0,2
157052,4.824000686513771,1.0,118.75750006101542,1.698757269387999,1.1716969445284566,0.10235887299442069,0.19506447347566547,0.0,0.04535588072282271,0.8246325601771349,23.19867781199985,20.0,1
97473,0.872923795046736,1.0,105.76276918554036,2.0135500188167925,0.7688525187496839,0.11310063945232358,0.0002099341081618676,0.0,0.06147828612666972,0.2802808782739762,30.395616831303442,6.0,1
5823,5.270402895934253,1.0,88.47895247000461,1.351039350458107,1.33675974885698,0.039448600807730404,0.12398442007630957,0.0,0.10557531116723944,0.8693603851012888,28.840505567234413,50.0,3
16416,4.359420279727952,1.0,114.48728796036558,1.4240785193695762,1.0229297889556126,0.044982288551343556,0.1440571078191837,0.0,0.08384328428839721,0.639751861069095,29.016472224510164,48.0,3
45465,3.3619271977508447,0.0,85.06069082377945,1.0909488099104507,0.6007871602881386,0.10127534682474977,0.33433519342319357,0.0,0.11389577405950702,0.2199614227629816,24.998634888709258,41.0,3
76637,6.117892928831929,0.0,138.08099974120827,1.2201731395132756,0.858853361084863,0.10894991098191154,0.1200332692849557,0.0,0.09386772939038489,0.4775448150825342,28.80809263888047,34.0,2
6742,5.701060861471607,0.0,101.16882430741413,0.9746235506992239,0.7726819849845797,0.07727921957627658,0.2201849767037353,0.0,0.05945947658976187,0.3693342235535494,22.32982213352702,10.0,1
65421,4.359420279727952,1.0,122.26875440129115,1.0495876169697003,0.9529151814138451,0.041342447356368994,0.2694224671709391,0.0,0.09323773806836998,0.4041404961216831,23.408958773627077,32.0,2
129587,4.824000686513771,0.0,136.50039533216705,0.977251050003743,0.7631224941741739,0.039063729311291664,0.2438272032254007,0.0,0.07160547706998972,0.2793444188864179,20.133952116284664,51.0,3
38423,1.5954046671017168,0.0,85.6709817857167,1.4663162944046058,0.6610661750968433,0.10852846367617025,0.07373331035081927,0.0,0.0878799146864748,0.5214535572646147,25.891099189655158,4.0,1
21133,4.824000686513771,1.0,99.7408899028179,1.2439669833584739,1.788216833479305,0.0916158468366306,0.1133089973400213,0.1228302628351898,0.10263327184459343,0.5658914195524049,30.60119273180519,29.0,2
39356,0.0,1.0,128.1632439180639,0.7051038664063272,0.6253501522484253,0.024666575841302687,0.20349305848707883,0.0,0.10339044157515012,0.3564489745952911,24.82185117810932,37.0,2
86156,1.5954046671017168,1.0,130.13115105487677,1.0993228154521477,1.5144442747914244,0.08058365006988354,0.09715277734440843,0.0,0.0834609979772711,0.7281767403020308,26.74556538873582,30.0,2
33604,0.0,0.0,110.14770829135112,1.0909488099104507,1.4105646242891337,0.03809250140100743,0.042932991386490094,0.0900194552819806,0.07160547706998972,0.46763733513873956,26.761305528028693,20.0,1
71641,0.872923795046736,0.0,106.36481819125552,1.4926549618789116,0.2208418052825745,0.030629476337651843,0.36707903837705214,0.14210230681572966,0.07019179955184995,0.3213020905324471,21.855805248915008,59.0,3
86213,4.359420279727952,1.0,72.12896044672058,1.2172165115891747,0.5697331973345253,0.09141646816813875,0.2832838458935142,0.001984806558653298,0.10080771222471868,0.49820029281298683,28.273292238937557,31.0,2
10891,3.873488880460096,1.0,106.9663805381525,1.116173191799425,0.7272262776524988,0.1190359397595065,0.2858507883540187,0.0,0.1388472401835037,0.6988499935977971,22.159514508010957,11.0,1
39335,0.872923795046736,0.0,90.88706319919908,1.5972380637191486,0.6993657939488159,0.03359185530961047,0.27590901786834404,0.13160890768332106,0.0878799146864748,0.43417279113429047,24.91131303390669,53.0,3
80890,3.873488880460096,0.0,104.73919884484859,1.7094653201885666,0.585186269256022,0.11634206289429623,0.15864721974158413,0.0,0.06158588724043837,0.4150819119420289,27.548171128572235,13.0,1
72095,1.5954046671017168,1.0,144.44246001063325,1.6528037535325126,1.0510985468541778,0.047871617065426426,0.2011869296779366,0.11124613778859534,0.09833371298734968,0.8432373760179501,26.93468612715243,50.0,3
135645,0.872923795046736,1.0,59.75303125395258,2.0690952261837947,0.643115839399645,0.10763012901892503,0.07989079752053252,9.519653777830196e-06,0.0807099107755365,0.6187477473978619,27.80885975024527,7.0,1
38445,5.270402895934253,1.0,153.21890134705563,1.8484962499838813,1.393177598252768,0.08307477277729898,0.08906753062547003,0.013280431973232367,0.11797137715506432,0.33798239709523725,25.295904209719968,14.0,1
92191,3.3619271977508447,0.0,134.06934493836567,0.5586515365791151,1.6112066071270141,0.0851415328131488,0.009949561672197385,0.0014123282235447854,0.09660065570186806,0.388599298650405,27.266631173644615,16.0,1
111513,4.359420279727952,1.0,103.47985687603834,1.3447892366328362,0.8789540273492653,0.06616661355998277,0.10429869371523375,0.0,0.06781723411341166,0.3008358881800992,27.803493669030814,21.0,2
32928,1.5954046671017168,1.0,161.9335677369868,1.3604447167824396,1.1308513369073827,0.032054095044992494,0.1892456434457902,0.0,0.065765824499414,0.7040358811081453,26.765632961948278,1.0,1
5524,3.873488880460096,0.0,89.23480738495975,1.6423020601527738,0.6810255875210611,0.10462353021933235,0.018473777957743368,0.0,0.12135199042106064,0.35460545987661984,23.941905163004883,18.0,1
110306,3.3619271977508447,0.0,110.38512932469227,0.7854455645604872,0.8911068094754843,0.11638118009990876,0.09350737751597628,0.0,0.0875253578926078,0.4159926286676566,32.61939964641207,20.0,1
129703,0.872923795046736,1.0,96.40283182540863,1.258965687733321,1.782635713319595,0.056605864430572014,3.859777327498462e-05,0.14826535491985524,0.10413295990069908,0.4928196937814543,30.998620335866757,23.0,2
679,1.5954046671017168,1.0,138.5207057147488,0.8774664929240397,0.2208418052825745,0.03482762600454365,0.3698297147628703,0.0,0.0929195560165614,0.4586141796681728,27.41474339844954,1.0,1
12108,4.359420279727952,0.0,105.21738845885568,2.0891506870158856,0.9612883852905215,0.04071676728200563,0.24122535807105008,0.11145892708385836,0.06158588724043837,0.8601032523396019,27.231267014791577,32.0,2
45565,3.873488880460096,0.0,109.33682755193041,0.9202876017469687,1.2459205763017733,0.07434357648268704,0.060842390389807495,0.0,0.13382235463599929,0.3435297312064924,28.884099079962905,53.0,3
139372,0.872923795046736,0.0,93.59262660830355,0.8924617548512922,1.2766659695073987,0.05009339799691467,0.16697724760173577,0.12615240624428958,0.09999929605428569,0.3287226888922308,24.61174337111617,3.0,1
92905,0.872923795046736,1.0,128.1026246010848,0.9930930893391963,0.8133491362738893,0.026953409443536608,0.226390801977457,0.036000550337622,0.065765824499414,0.5160963935823022,22.48008320858045,29.0,2
62042,0.872923795046736,0.0,118.17000398257059,0.5486362213143707,0.7880755588262914,0.034280856815077226,0.11936872550991845,0.0,0.0912961293942096,0.17802005621458933,24.768815461988662,17.0,1
29716,5.701060861471607,1.0,132.11492382625045,0.9537351345706274,0.8035905104059599,0.028738652914220033,0.021578210295192204,0.02802879493980188,0.07866163055322024,0.3628958211781966,26.235978467532025,39.0,2
118108,0.872923795046736,0.0,119.75784144840823,1.5903688309600632,0.7067541031969141,0.058717534870942424,0.3315961599830793,0.14785807081408228,0.062121579541474924,0.425999744827912,26.46142049714744,51.0,3
3709,4.359420279727952,0.0,116.12326504611084,1.8785764755549763,0.5209398115245241,0.08684389572442322,0.19838414786356615,0.0,0.07434469244013149,0.304563566592905,25.971487725305707,6.0,1
63302,0.0,0.0,80.04732966603167,1.7309982986371468,0.5510461517347672,0.10915407460466377,0.16201610323787796,0.0,0.1283610048523297,0.6178708851250911,27.549199743821088,18.0,1
74466,6.117892928831929,1.0,113.9172467904215,0.8211656767816108,1.6972246861723046,0.06467808318024953,0.0007541489160818454,0.0,0.03967247066167452,0.5703153792725135,32.29497929429286,35.0,2
147380,4.359420279727952,1.0,180.74017764006538,0.4509289094337133,0.3820745262413231,0.026198033914667747,0.3516246407894022,0.1193076475783222,0.06874779249788905,0.11142498856964167,24.208620454870882,34.0,2
136575,4.359420279727952,1.0,91.9314514280785,1.1937037408317457,0.6042741472907891,0.09296857348240582,0.10640559698907252,0.0,0.06551152725670131,0.14822830413968097,32.59660331002204,51.0,3
155825,2.81870192439919,0.0,123.79307955186468,1.8112948160060567,0.7086058516452183,0.09277983356126722,0.12069608348726522,0.08895683972677215,0.07253143383276514,0.45771100209068194,26.63139183259478,6.0,1
44890,5.701060861471607,1.0,153.243520213463,0.7253656825023128,0.7612162633794276,0.032756846992377936,0.09715277734440843,0.0,0.10763668424531088,0.26339575548611793,24.95231820648444,43.0,3
83485,0.0,1.0,131.7275694540305,1.752687621763492,0.9424924981597133,0.07851550707857491,0.20847417397657522,0.148710890826415,0.062121579541474924,0.7479338501661067,26.03607790655099,5.0,1
75630,4.824000686513771,1.0,78.19653079824583,1.9744220162276542,0.8488750374661344,0.09389050618719966,0.03906102619218656,0.0,0.11443906789033216,0.30921905351352663,19.538811745148312,12.0,1
148386,0.872923795046736,1.0,123.25987299440976,0.6120164099140819,1.807818507257721,0.07468068007540363,0.0009985074216367666,0.0,0.11700849582798221,0.29056960183628,24.521821696939988,29.0,2
61661,6.117892928831929,0.0,135.86441470424705,0.7163267310388866,1.4406068112877073,0.05170941569813888,0.02409600998560086,0.06766234264150146,0.1287391309259475,0.09973583900653984,26.64244270020566,31.0,2
41653,1.5954046671017168,1.0,98.7820684210126,0.8067838170617007,0.6574613049083465,0.11075589287932544,0.11601985112802114,0.0,0.06115455296583073,0.41417103144871215,23.079284614962976,10.0,1
14546,5.270402895934253,0.0,122.64500609799731,1.1274828423974343,1.7742801479019172,0.04557037994341877,0.06411915306100532,0.0,0.07479010183432175,0.708353971685764,24.609105874543168,66.0,4
55430,4.359420279727952,1.0,79.88522457037476,1.0117429819484791,1.2838098666500841,0.058717534870942424,0.24009823882222112,0.0009961907158109078,0.12453212525422737,0.4023146165258838,31.117428343213195,13.0,1
65103,4.359420279727952,0.0,123.67631008872918,1.5192591302375724,0.7141723179935984,0.0711798012622476,0.1529201254059554,0.0,0.10237756976806238,0.6493529401476361,22.46443796903603,18.0,1
134475,1.5954046671017168,0.0,112.54953572134642,0.3460081396049776,0.5748678265386208,0.04071676728200563,0.28037777348200726,0.14213877062417382,0.09227673809299898,0.11725734975686705,19.895815400173856,37.0,2
70209,0.0,0.0,30.824769808028865,1.5059237685634277,0.4914166057609313,0.05009339799691467,0.33548893733695057,0.1434597456951391,0.0807099107755365,0.4973039056850378,27.28669582469168,9.0,1
7531,4.359420279727952,1.0,190.4644433839122,1.313779393613908,0.9445731428547706,0.08997598537939895,0.1658841956233759,0.0,0.12929029597956693,0.7152563614657733,25.790777935856784,10.0,1
30796,5.270402895934253,1.0,109.00603096534726,1.7965377462689096,0.9993545321705947,0.10915407460466377,0.0741270068760148,0.0,0.061316594123231004,0.37117222363207886,22.770259693714483,32.0,2
99675,3.873488880460096,1.0,159.74788448538223,0.7807417810472599,1.460800869304105,0.04954523409962817,0.079196038339907,0.10858598085840131,0.11717145598614156,0.4910249444225651,26.89654234557716,23.0,2
90664,6.117892928831929,1.0,60.69814219888508,1.2260981136938247,0.35241044535141897,0.053645120419941406,0.33394795317970766,2.7097194581339697e-05,0.06980972660585218,0.2690309433417808,28.555414385337134,1.0,1
48573,0.872923795046736,0.0,116.27182617832094,0.49399933792676487,0.31203970931051467,0.03684347528477961,0.34570735067700653,0.14802089407464414,0.07113757653068406,0.2718459746407351,23.059852958930513,14.0,1
137278,3.873488880460096,1.0,135.26810861058544,1.456507450130662,0.9176762744407007,0.041962598355487504,0.12593704731803265,0.0,0.09889625578485943,0.8525191769204221,28.646278514047392,44.0,3
77086,5.270402895934253,0.0,127.01077208057016,1.0332792011007887,0.9696927940084842,0.11195308647654822,0.2908511417260666,1.0899954611993567e-06,0.11828452903796835,0.283089132646496,24.799486103169187,1.0,1
50809,2.81870192439919,0.0,145.6979877053368,0.8235748656635028,1.2933635885898236,0.06102200408319748,0.03772983306760561,0.0,0.12293774418845033,0.5348231690526993,28.35216691128747,26.0,2
97985,5.270402895934253,0.0,103.15686389984815,1.0117429819484791,0.8330093229215549,0.08845352666152759,0.1416366259819575,0.14221115890829372,0.08858182813778119,0.18854264528804643,24.25014596692051,3.0,1
105304,3.3619271977508447,0.0,111.5969064416619,1.6457983485520453,0.8708906902532544,0.11569350611375945,0.17022461334284544,0.0,0.14180721870362645,0.6971203482380626,23.278764280513727,5.0,1
145382,4.824000686513771,0.0,118.12400841802624,2.2369738869011435,0.6324343108852805,0.11513442824989618,0.03234721238490471,0.0,0.1329476683409684,0.15304730520534188,26.89980952133812,19.0,1
12644,6.117892928831929,0.0,128.4763783807599,1.767234330366132,0.882997246197953,0.10793809036212502,0.05341829523481577,0.0,0.1283610048523297,0.5703153792725135,20.235459650423063,43.0,3
159615,4.824000686513771,0.0,98.85546769112375,1.1560244956058299,1.4785798387800124,0.07296675335244636,0.02769802404126529,0.0,0.12511337403336176,0.33798239709523725,29.062240489612748,32.0,2
25623,2.81870192439919,0.0,101.89476067661363,1.4794525303974508,0.850866867530047,0.04257727432062326,0.2517559697250103,0.1478679710128337,0.07989911657905567,0.5623496876972396,21.702959240869255,34.0,2
81455,0.0,1.0,106.23510751031819,1.0853850452792237,1.236529463082332,0.03932053869617266,0.0623214701274294,0.0,0.090631273449164,0.5985452841347247,27.032620334740503,51.0,3
85709,3.3619271977508447,0.0,151.1192788842378,1.9013237270942018,1.0773968561658953,0.06322975991368103,0.12333016422336632,0.14354883889477607,0.06776790858233991,0.3277957400099712,26.28154373455869,45.0,3
5437,3.3619271977508447,1.0,138.41579406967455,2.045180298001813,0.895173163886735,0.09370898039945591,0.010821767172170031,0.0,0.0807099107755365,0.5026799590533929,28.931751363577867,44.0,3
133945,5.270402895934253,0.0,132.4166456633828,1.2831687122254798,0.6395479508797876,0.11046979282060683,0.2850001772440109,0.0,0.09195206939260495,0.5330424673029763,25.924078965589974,4.0,1
116393,1.5954046671017168,1.0,120.06382906048295,0.9719997127794917,0.0815526230969729,0.036177528458350545,0.36101684529083516,0.002965912600349943,0.07479010183432175,0.28776582155373864,23.72756269661974,1.0,1
108296,5.270402895934253,1.0,142.58856347123273,1.0224814030232345,0.7347269443802338,0.026198033914667747,0.2319999480755242,0.0,0.07434469244013149,0.2332244270349452,27.97447785260865,49.0,3
86422,0.872923795046736,1.0,166.60860342854733,0.7459014238100226,1.1534632002710248,0.07468068007540363,0.19838414786356615,0.0,0.09259922813974525,0.43417279113429047,24.31094455696951,4.0,1
54588,6.117892928831929,1.0,126.64652296867332,0.894973455755926,0.4577046871378976,0.05631163987576615,0.2678369711125156,0.14854135749879283,0.09804963764136568,0.5826836339638324,21.731955845088066,30.0,2
16198,5.701060861471607,1.0,136.595505497956,1.1675486338704655,0.4124347299272793,0.08086954562732294,0.2861332159338602,0.14369449700609652,0.06318149722485808,0.5446065792778642,24.68690104173667,1.0,1
35797,6.117892928831929,1.0,158.0678167385839,1.274062926972884,1.4406068112877073,0.07007114572550133,0.21113880216734304,0.0,0.11461791565793807,0.6055804699512913,27.210007562096198,5.0,1
2585,5.270402895934253,1.0,112.5752664182792,1.0117429819484791,1.3734305307687875,0.03482762600454365,0.0993166428042023,0.0,0.09479702346996888,0.7255949080509491,30.801418415539942,76.0,4
75007,0.872923795046736,0.0,85.4408573453038,1.4926549618789116,0.5292440246282983,0.03867679555860176,0.16201610323787796,0.004799921120745399,0.06627170617944157,0.38126903601002826,23.19217614537299,30.0,2
126898,0.872923795046736,1.0,105.52908392216204,1.2142637860645362,0.9508267515704789,0.11854781170764347,0.1458565046907266,0.0,0.06082941978259933,0.4468605662115773,26.284066188296993,9.0,1
87749,3.3619271977508447,0.0,137.1759726401465,0.8356733126244692,1.2957571169063415,0.03684347528477961,0.005946621798604477,0.1339224353449099,0.0682595902191365,0.24739195922341117,32.75275056767828,38.0,2
2267,5.270402895934253,1.0,122.77716340396876,1.3292342453589678,1.2295073977449773,0.09370898039945591,0.11870244613380132,0.0,0.10604378231919075,0.3940899342910126,22.21043116331265,56.0,3
41636,5.270402895934253,1.0,55.689327155646126,1.8785764755549763,1.5795086777003646,0.07727921957627658,0.0760873691556447,0.0,0.10696278729458521,0.8220912485173626,23.1777235956282,15.0,1
158986,4.359420279727952,1.0,151.36099665575264,0.9930930893391963,1.2719135502914645,0.029907481693841425,0.15000270958900153,0.0,0.06727271957900667,0.6099729853020663,28.008182329664685,30.0,2
84795,1.5954046671017168,0.0,165.810466344653,1.1021217240069057,1.6728123173826326,0.05009339799691467,0.016577632105374596,0.11600597990351828,0.07479010183432175,0.3352063471934248,27.029364096807036,39.0,2
58757,0.872923795046736,1.0,135.85940529271696,1.1560244956058299,1.366059372813981,0.04730387785758131,0.12135717411903511,0.03378545374854456,0.07113757653068406,0.4990965284816648,30.509916270458778,67.0,4
41340,6.117892928831929,1.0,50.41972379502651,1.1417057923154803,0.5028288081559448,0.11949791468754839,0.37090656488349194,0.0,0.08571582562284803,0.4595172001147029,32.442698776393364,32.0,2
88472,1.5954046671017168,1.0,116.74806344357857,0.977251050003743,1.3173907569336416,0.07911856488323085,0.14041716978012045,0.0,0.07434469244013149,0.6406253525679155,27.480482114672046,42.0,3
116479,3.3619271977508447,1.0,108.94916085829053,1.1704392993079824,1.2814265310363273,0.044982288551343556,0.26429137748300496,0.0,0.06050287974072933,0.8466141568671022,29.094955042608838,32.0,2
22437,4.824000686513771,0.0,176.42913694230177,1.3984299557000819,1.2671692686441056,0.05581785744347516,0.06248535294461734,0.0,0.06474316603131854,0.6737199866144137,23.569981966922377,47.0,3
147784,1.5954046671017168,1.0,170.37292712342162,0.6807085260360416,0.49792712282742835,0.02349958838895857,0.11936872550991845,0.00016689350797372189,0.07782218133052284,0.1385740475400913,29.297128144633838,4.0,1
121893,6.117892928831929,1.0,122.69075516326966,1.0798363793789911,1.1173801565958892,0.0769637268850384,0.1360999778061121,0.0,0.1384950913702589,0.7889591378426426,25.038719880821237,25.0,2
110860,4.824000686513771,1.0,45.51610465128048,0.755116866294833,0.0030068247416499077,0.10432098682144851,0.37077267711256123,0.0,0.10533879505897356,0.12696004704742558,27.92737236742408,32.0,2
46800,3.3619271977508447,0.0,114.45648531896137,1.3730416877687452,0.7842157988769721,0.10747283603763581,0.2821283049873707,0.00039041661181970355,0.057612899810003226,0.6248819796008633,28.865670742941106,1.0,1
37199,4.824000686513771,1.0,138.5157101803378,0.6036650358901219,1.088438717875863,0.0856377240318309,0.3087379533602607,9.919624072741761e-06,0.07866163055322024,0.4014014281029086,33.28709410781438,21.0,2
154080,5.701060861471607,1.0,122.0805664246907,1.3667351240154904,1.0729939993093416,0.03134499269087866,0.19314302867308558,0.0,0.06050287974072933,0.7092172109919126,25.187286478655448,50.0,3
75161,2.234779091684268,0.0,105.13424739379822,1.713043318578456,0.6025297380460697,0.11410059491550721,0.0799678872523985,0.0,0.047685764012504336,0.6406253525679155,21.7385972437288,20.0,1
152968,0.872923795046736,1.0,106.69158893280749,0.8091720843236079,1.0272417610184217,0.10961413721893093,0.1892456434457902,0.0,0.10133787158252591,0.43417279113429047,24.99341514577415,29.0,2
33818,0.0,0.0,130.7760973565498,1.443486624022477,0.7403721686283902,0.02770197444137078,0.07396959344404595,2.3697854344279272e-05,0.12964737404116164,0.529479302078413,27.164988329618573,8.0,1
39309,4.359420279727952,1.0,170.41172203523072,1.7454404380504511,1.7245520312708758,0.044982288551343556,0.08682041266096152,0.1480023296960682,0.06055740107079281,0.1942716743024051,26.636654539499144,6.0,1
79618,5.701060861471607,1.0,106.72788795657833,0.9537351345706274,1.3005502950795864,0.029398196082016312,0.00477564147636684,1.9898487225322535e-05,0.10339044157515012,0.2680922205501752,24.611326937009085,29.0,2
56340,3.3619271977508447,0.0,100.06543756835042,1.593801330922556,1.2838098666500841,0.09407062608946572,0.017337427019743376,0.0,0.07610775407689287,0.5596918883888553,29.7910032095195,53.0,3
108677,5.270402895934253,0.0,107.11669549417081,1.826122368673923,1.5611583427172575,0.09596252188748704,0.24234522406641582,0.0,0.05143462821197626,0.6275089041868975,26.64704630810565,41.0,3
159112,5.270402895934253,1.0,76.59506079829254,2.182895710115591,0.7234872037486205,0.11081194339916868,0.21376733495324746,0.0,0.09029545927515505,0.44414439156625246,26.371718844088964,4.0,1
129461,6.117892928831929,0.0,103.52152288903386,1.8484962499838813,1.319804715011444,0.10176588683583664,0.16033788778722907,0.0,0.06913586784584445,0.5223458982041329,31.46976986535458,32.0,2
61427,5.270402895934253,0.0,93.72470412689859,1.6951965578252368,0.986595383828515,0.09815004583580092,0.15407694726749513,0.0,0.11239606234866689,0.4477656398183121,22.754456277999722,7.0,1
73312,0.0,1.0,144.3530744585467,2.0372453139730755,0.6377667747259554,0.10011646490093588,0.21069722185364373,0.14342976024920992,0.11141967447734964,0.7633508144214861,23.19116466456,18.0,1
2381,6.117892928831929,0.0,114.87735229174358,1.277094229670491,0.9197336231387233,0.0964512307573751,0.015243683732244764,0.0,0.1225519383900256,0.4150819119420289,30.237248385323294,49.0,3
88255,0.872923795046736,1.0,63.18601819978443,0.9279519897293446,1.824703936572628,0.10648044685009093,0.2616620044246371,0.0,0.14173616000316402,0.6003049092046717,20.72521551683557,32.0,2
156787,2.81870192439919,0.0,99.58903358973835,1.573269725078865,0.7178926528129836,0.09529309823863626,0.09859728595086668,0.0009961907158109078,0.0875253578926078,0.4032276391499472,26.540366600441438,6.0,1
140540,4.824000686513771,1.0,70.74524315149574,0.47132650642981194,0.6574613049083465,0.038157654766122096,0.21849470962927253,0.14845377296858217,0.12405459357167793,0.24927765074655053,21.03764056325811,36.0,2
158407,3.3619271977508447,0.0,112.86339282205422,1.1849505506472449,0.5697331973345253,0.10511329257752373,0.19071575807816873,0.0,0.07907699494507488,0.3259413065890475,25.58311664890104,26.0,2
64060,1.5954046671017168,1.0,126.59086059933297,1.440241690388494,1.288582650538607,0.0431865287142909,0.009852506517610308,0.13734150688490174,0.12511337403336176,0.49820029281298683,25.70191971541036,7.0,1
37827,3.3619271977508447,1.0,129.2082830723222,1.1105412085910351,0.4294315494495209,0.04843439090520536,0.3138925520714904,0.0009961907158109078,0.1173334149753333,0.4014014281029086,21.817435317600253,58.0,3
31953,5.270402895934253,1.0,110.79786173263906,1.6144853188230401,1.042395729804522,0.10401173324475396,0.0005136054120756733,0.0,0.1220266290353647,0.5187756442984244,31.237223700409746,21.0,2
35839,1.5954046671017168,1.0,86.14700635634085,1.2172165115891747,0.21433736748688742,0.11403242906984741,0.3231780504713312,0.0,0.13123702703825046,0.7384929225256075,36.727532286896334,49.0,3
5225,3.3619271977508447,1.0,92.16448402393961,1.3292342453589678,1.0057605767148683,0.02551231619817254,0.27890300212052405,0.0,0.12499849218571271,0.4387077377800461,22.398973175366542,54.0,3
119344,1.5954046671017168,1.0,79.86360701949684,1.0090676336197404,0.9654866865759476,0.07226092540897922,0.20349305848707883,0.0,0.1448053421877181,0.5906201054722333,27.515885016064534,34.0,2
140838,4.824000686513771,0.0,191.95261734115172,1.1189948897666122,0.8568538604471809,0.060112080397729396,0.17129658598427597,0.0,0.1420368241144519,0.09485566336762855,26.705793454013488,45.0,3
27245,2.81870192439919,0.0,69.14808882496256,1.035987948999315,1.0510985468541778,0.10421865593665172,0.02129722678586382,0.0,0.13301719861630582,0.5658914195524049,26.72483125310141,35.0,2
119603,5.270402895934253,1.0,120.33912252505209,0.8576718908979484,1.782635713319595,0.07534654601913696,0.04822107664482468,0.0009961907158109078,0.145254034978765,0.3342806431153462,23.553541310134797,24.0,2
82099,2.81870192439919,0.0,132.5926045923953,1.2350149125555943,1.4031006457171435,0.041342447356368994,0.20936643468293328,0.0,0.11020651288205074,0.6702452610397654,27.025195722445893,39.0,2
135367,4.359420279727952,1.0,93.1909473690543,0.7253656825023128,0.736606806235421,0.02770197444137078,0.17917339349527653,0.0,0.08150955334797905,0.24361824637685142,28.494016410332563,22.0,2
49178,5.270402895934253,0.0,181.03826951536507,0.9746235506992239,1.6432088154910538,0.028885681770251494,0.056276436340448474,0.14213877062417382,0.1228099104642298,0.6178708851250911,31.470239409004915,3.0,1
25567,1.5954046671017168,1.0,91.24245242268083,1.4663162944046058,1.0358893422160114,0.04071676728200563,0.12787458610078709,0.0,0.09029545927515505,0.5561461496395317,24.05458348947293,21.0,2
10857,5.701060861471607,0.0,137.42106420097485,1.2231336726202555,1.1877569186390118,0.09844389461644934,0.1511740477018857,0.0,0.10894620868502075,0.30921905351352663,24.897542659325513,43.0,3
19587,4.824000686513771,1.0,68.88874838972026,1.313779393613908,0.2826407660286513,0.04673112473458526,0.330000833431264,0.14772552432777777,0.07160547706998972,0.40779027040891674,22.545389393739516,20.0,1
119675,0.872923795046736,1.0,49.084584376141095,1.3354442055656686,0.5748678265386208,0.1132207133723428,0.0001919449184841421,3.529952396681762e-06,0.06120860553233578,0.37759984787925627,33.33123375265434,9.0,1
105468,1.5954046671017168,1.0,100.3113654658068,1.347912282370425,1.6298375202430835,0.08997598537939895,0.004746067382396999,0.00038343730208075563,0.08307607176161669,0.26527491248338686,28.56030727324648,16.0,1
22517,1.5954046671017168,1.0,134.2249195089848,0.5093607830228893,1.3343314548273377,0.042209122738827765,0.08981251686689971,0.0024861049217741915,0.07113757653068406,0.1942716743024051,32.64023896521912,23.0,2
59582,5.270402895934253,1.0,112.34880739379706,2.117422027987917,1.4055865716025768,0.10867092527459508,0.027606174259840268,8.659713504393089e-06,0.14199177860184842,0.7169807027788505,26.241427874161317,46.0,3
63996,4.359420279727952,1.0,119.25782083668815,0.7095829213622472,1.7854251987023164,0.04730387785758131,0.0009985074216367666,0.0,0.11334218617191304,0.4359872512326654,29.590163183516932,38.0,2
154206,0.0,1.0,105.80949737928272,0.47695336949724787,0.4341039988334495,0.038157654766122096,0.32189410842035704,0.0,0.10673525114395638,0.12696004704742558,19.906382624389327,13.0,1
92823,1.5954046671017168,1.0,111.21552944398415,0.26951123030858104,0.01721967603268907,0.03550559855419764,0.37483015478170034,0.1485484678378855,0.07253143383276514,0.048696227370355664,22.43933123069155,43.0,3
159074,6.117892928831929,0.0,98.40970918999123,1.1021217240069057,1.3464934343650294,0.09692880978339921,0.16860685887279303,1.1199952079569987e-06,0.1125876738958727,0.3564489745952911,24.606884676374374,17.0,1
75472,5.270402895934253,1.0,144.3977682259032,0.7459014238100226,0.8270912295607865,0.02770197444137078,0.20577278583815367,0.0,0.07948948280021469,0.41872379767106116,29.725868744259934,30.0,2
5532,2.234779091684268,1.0,116.29231523735214,1.2350149125555943,1.01218429027079,0.0431865287142909,0.2552398388978087,0.0,0.10958238112235452,0.8305582689590693,30.07927814902842,33.0,2
104063,4.359420279727952,1.0,72.20572239535707,1.2172165115891747,0.8094399761009098,0.1036956043327662,0.1862740142590032,0.015947865155063325,0.09660065570186806,0.5053659477481252,29.1669870710942,10.0,1
46723,6.117892928831929,0.0,102.81287380342687,1.354170443691811,0.6377667747259554,0.11611811209378554,0.1482346753096205,0.0,0.08644706391858864,0.5348231690526993,24.70878132242947,17.0,1
102355,0.872923795046736,0.0,101.61805222095943,1.0197912380668752,1.2062319625131506,0.10831097267156785,0.1912034946595629,0.0,0.11667954399222695,0.3407568569568942,22.797897915145104,1.0,1
21989,0.0,1.0,194.12942763855867,0.7643869846402107,0.08716736908845325,0.03414355059055638,0.37144007979037114,0.14488364731832654,0.0909648244230264,0.4232724839940975,25.283639180358584,2.0,1
147237,0.872923795046736,1.0,115.33389750232534,1.814995089313839,1.2981526855390904,0.04954523409962817,0.09642761173667264,0.1438647331761581,0.13382235463599929,0.7255949080509491,26.769435465408982,31.0,2
45825,6.117892928831929,1.0,86.28599887336816,1.5495079674127066,0.2208418052825745,0.11549910645789782,0.16914742208479003,0.0,0.10186112363500793,0.3739279421988962,20.908553234924543,7.0,1
72287,4.359420279727952,1.0,100.38983495808633,1.5664596139965252,1.329481015462743,0.10258997345819416,0.19362507690967473,0.0,0.11889944029238214,0.46402995003512487,29.798681182192517,25.0,2
28163,1.5954046671017168,1.0,115.53387514888502,1.1849505506472449,1.139872073704656,0.04837833558986775,0.3208135880075849,1.479916324573687e-05,0.07014415865854837,0.6476084860628607,30.62739120669308,24.0,2
60525,6.117892928831929,1.0,106.63454404295075,0.5995087379969654,1.1648442414606313,0.05069086346719,0.10429869371523375,0.0,0.1283610048523297,0.21426532189317865,28.186546100346547,52.0,3
64139,6.117892928831929,1.0,123.67631008872918,0.7854455645604872,1.5041555271287885,0.041900830519227446,0.003857615770569856,0.0,0.11617843095528736,0.5543724183688273,31.23604382693519,4.0,1
100536,5.270402895934253,1.0,116.06178352232851,1.0224814030232345,1.2016011071995636,0.03134499269087866,0.1614580741411667,0.03152094615885867,0.1173334149753333,0.39683299385755855,23.812973433107803,34.0,2
7310,0.872923795046736,1.0,89.62834147519803,1.8975213518964196,0.6628713893276507,0.037503497957860635,0.1892456434457902,0.0,0.0443003734968351,0.5888574238226963,25.434762950781817,38.0,2
37085,5.701060861471607,0.0,103.55797868488591,1.1675486338704655,0.15642740565459196,0.0395125464150817,0.3659547628917664,0.1463190657789238,0.13008243038714398,0.51341580185349,33.312499079545425,27.0,2
14210,2.81870192439919,1.0,178.42996928812153,1.0577922600757719,1.6432088154910538,0.042085969832141766,0.02520868125708291,0.0,0.11781335401820275,0.2755967034714958,24.87784205443802,21.0,2
101885,0.0,0.0,157.3175735557425,0.6873217200952351,1.6325075429004299,0.07261531317345733,0.010821767172170031,0.14779779239226265,0.0944893301378407,0.36381610868103414,31.129966134235694,14.0,1
23026,4.359420279727952,1.0,150.45303459712127,1.4467356640090427,1.2435697576993787,0.03530284399437761,0.003768639625644332,0.011832964517290507,0.1299964056903021,0.31665838257302165,26.633365430587908,35.0,2
29107,0.0,1.0,126.90454822367474,0.8308234223741906,0.9321184334126422,0.06102200408319748,0.29382210221966804,0.0,0.08995736455673303,0.4423328122524797,29.27147701015244,33.0,2
353,5.701060861471607,1.0,127.31925501723946,1.6598262815654952,1.3391900932368495,0.032756846992377936,0.10918885741547443,1.9398562287003515e-05,0.09510266620308695,0.5196684304319891,24.613686667220378,43.0,3
45561,5.701060861471607,0.0,103.68816299319654,1.0144220302914997,0.8016444925314857,0.11392850201734943,0.2080265135636827,0.0,0.13050531086363082,0.23511597741337825,21.07295036795882,10.0,1
27596,0.872923795046736,0.0,85.94915416130569,1.6951965578252368,0.9908405959351675,0.07331527306353508,0.14704857682625724,0.0,0.07389614600927014,0.5773863402581226,20.31847447015862,17.0,1
155951,0.0,0.0,73.93529204162313,2.045180298001813,0.339287251038444,0.09495055493920068,0.32059631992253895,0.0,0.06722300668770007,0.654583124696766,24.886109328908994,32.0,2
123719,3.3619271977508447,1.0,127.73376850026492,1.2290664655179893,1.2295073977449773,0.09121551619797047,0.02502350614647099,0.00681651852218226,0.11181393054084698,0.6632895533953425,25.4750592657396,14.0,1
52460,3.873488880460096,0.0,65.58781966330284,1.814995089313839,1.2108708886987363,0.04438898378389238,0.13919151447689318,0.1438647331761581,0.0560111652642022,0.7350561716768521,23.67245438892362,16.0,1
53480,4.359420279727952,1.0,106.6604740789079,1.0881650388686348,1.458269339562285,0.09121551619797047,0.0025502384662666098,0.0,0.12767794942651947,0.31665838257302165,25.9630548747021,43.0,3
111931,4.824000686513771,1.0,97.45428916235372,2.2622012929733035,0.8488750374661344,0.0858828442467042,0.25069643121022134,0.0,0.05884883476647055,0.5357133001241309,25.968810831395427,13.0,1
31526,5.701060861471607,0.0,129.6118383607684,0.6078342526447381,1.8558623489315549,0.08360405773041377,0.0,0.0,0.11443906789033216,0.21426532189317865,30.277285460041103,54.0,3
91781,5.701060861471607,0.0,126.20618837902248,0.8625992772181287,1.7108616820708253,0.058999331279300946,0.00021593028968069745,0.0002826942883528958,0.1314728113806297,0.8339418701621327,31.226485724009297,44.0,3
143721,6.117892928831929,0.0,110.22513622587667,1.3416702104497014,1.2933635885898236,0.11204863260618833,0.056360085330721114,0.0,0.06894210541559317,0.3849355163638353,25.963991949970914,16.0,1
115255,4.359420279727952,1.0,84.78746397769396,2.093175597478864,1.5351222119478976,0.0858828442467042,0.08500948438385728,0.00022580500330301195,0.0834609979772711,0.5366032848165226,27.285531055348592,16.0,1
37026,4.359420279727952,0.0,109.17144717085728,1.9357467418808714,0.7460343185053053,0.08226457702046334,0.1529201254059554,0.0,0.12675805909983276,0.2009461949148218,25.56377578210007,13.0,1
29888,1.5954046671017168,1.0,115.79530970388521,0.28026797556529187,1.4406068112877073,0.04438898378389238,0.1511740477018857,0.08211180117589235,0.12405459357167793,0.2699694764964411,31.889502229901506,15.0,1
79302,3.873488880460096,0.0,91.99501412285692,1.698757269387999,0.5629124880905149,0.1116585814136889,0.022326295988844936,0.0,0.07948948280021469,0.31944514756429193,23.195788334080355,5.0,1
70315,0.0,1.0,149.35156955192147,0.9202876017469687,1.4380918973981762,0.041342447356368994,0.11870244613380132,0.04895769756178725,0.09660065570186806,0.5330424673029763,28.036142393956275,14.0,1
138535,0.872923795046736,1.0,117.64345690255391,1.0881650388686348,1.0620215341973758,0.11607573716866305,0.3132018552457221,0.0,0.07479010183432175,0.5959048078477117,36.81736532851429,23.0,2
124141,0.872923795046736,1.0,112.28703451628171,1.7454404380504511,0.9135673883268748,0.10401173324475396,0.10780091166141967,0.0,0.06776790858233991,0.5214535572646147,23.553255317149365,1.0,1
143140,5.270402895934253,1.0,158.3030818276496,0.6917471891808397,1.2600680937293525,0.026953409443536608,0.011788166338059581,0.001984806558653298,0.08608269509259017,0.2802808782739762,30.998738944068805,12.0,1
60036,4.824000686513771,0.0,124.54916158375549,1.532661226759913,1.126352958314032,0.056605864430572014,0.1926598498780871,0.0,0.12175920649046457,0.8407036013755891,23.454017186416603,10.0,1
157312,4.359420279727952,0.0,115.49798537341019,1.443486624022477,1.5847705774637866,0.03880600336970576,0.014670307255570792,0.0,0.09029545927515505,0.5525981112890355,27.838615908294287,45.0,3
29474,6.117892928831929,1.0,122.39080011189807,1.4761622725906902,1.5768808873604883,0.0461533086282955,0.16312805578940295,0.0,0.08823206529773955,0.7599282170448584,28.973760290306167,61.0,4
137798,2.81870192439919,0.0,128.7894036010736,2.0571171201967116,1.2671692686441056,0.038157654766122096,0.15349925612982013,0.0009961907158109078,0.07253143383276514,0.7178426855050967,25.160492666040568,36.0,2
114539,5.270402895934253,1.0,107.75390382400728,1.886141037519727,0.9508267515704789,0.05937280274030666,0.08042998243179234,0.0,0.11684452751132064,0.7384929225256075,27.044210374655908,35.0,2
77099,6.117892928831929,0.0,125.24377170105451,0.6267561796552508,1.6539440066230873,0.048209874127943704,0.06631036976507354,0.0,0.07434469244013149,0.5437179067418695,19.332078339763026,1.0,1
104822,3.873488880460096,1.0,42.499252474647456,1.7094653201885666,0.4849346932821102,0.06408679225719048,0.29646898691495843,0.14843876050703148,0.07434469244013149,0.6169938866974617,27.542256082724236,33.0,2
82197,1.5954046671017168,1.0,115.81068557614857,1.9357467418808714,1.1831582989482943,0.06412926150774732,0.11398938173084487,1.70988829725638e-05,0.06956982969641935,0.4105258689230816,31.477281986541545,47.0,3
55820,5.270402895934253,1.0,88.38307423733016,1.1937037408317457,1.3101611541437503,0.0977007986551314,0.2579748766335213,0.0,0.0929195560165614,0.7066271145340868,26.404818788022492,4.0,1
96370,4.359420279727952,1.0,102.52087443427267,0.9330796361672831,0.9612883852905215,0.04257727432062326,0.13296876435285718,0.0,0.08644706391858864,0.37025330913284016,27.955769454433216,58.0,3
57378,5.701060861471607,1.0,110.56056751206255,1.5259518253987494,0.9950936437439697,0.08360405773041377,0.2646170161701627,0.0,0.059955501299521215,0.8769244076321755,28.95387960158432,43.0,3
13656,3.3619271977508447,0.0,94.68015609685541,1.1762322066763853,0.6342099553792683,0.03516737135838585,0.23896380348877203,0.14855554980531355,0.08030591854684666,0.20570758564253153,20.169677210102908,19.0,1
118218,6.117892928831929,0.0,112.96626960742334,1.7454404380504511,0.48655249206632356,0.11145548955579519,0.13919151447689318,1.1799468084978377e-05,0.0642263303982092,0.553485336862008,19.84933924700582,16.0,1
64954,0.0,1.0,126.32768192797924,0.4041624271651455,0.5629124880905149,0.039448600807730404,0.30085444038956244,0.14834609522529177,0.08190524688566762,0.18854264528804643,27.61946933871224,33.0,2
30584,0.872923795046736,1.0,107.73836857708272,1.071541642188199,1.3077553750603137,0.06657208594270177,0.16201610323787796,0.0,0.04863849410058929,0.45409671780157784,26.517016266866882,77.0,4
37347,6.117892928831929,0.0,87.08725763272693,1.437000860302872,1.3981349919391537,0.030988040265888892,0.0030559711741166527,0.0,0.06956982969641935,0.37117222363207886,26.369864412094675,40.0,2
4017,0.872923795046736,0.0,141.936644842032,0.6829095930719221,0.4995592265814947,0.03012476416116336,0.3190644659471356,0.00016090102092225608,0.07434469244013149,0.2028513616900528,28.531569042591315,23.0,2
36837,1.5954046671017168,1.0,111.95749700328476,1.4728761491942823,1.0751944363573847,0.05009339799691467,0.16033788778722907,0.14419090708077217,0.06677399494927812,0.25022020596358363,27.717796160197942,5.0,1
6153,5.701060861471607,0.0,75.30499904991875,1.1417057923154803,0.6395479508797876,0.10281767652483301,0.0019940376062208094,0.0,0.08497450704940865,0.0850780231491007,29.46483850983158,3.0,1
135864,5.701060861471607,1.0,117.95533608028511,1.0798363793789911,0.5714429205166435,0.026198033914667747,0.32959850987983824,0.01769303436637822,0.07567160824092482,0.44142678332063784,20.830533663605404,24.0,2
42452,0.0,0.0,143.51345565748443,0.6120164099140819,1.6539440066230873,0.050636785623080244,0.0,0.011468359494094787,0.09259922813974525,0.4468605662115773,25.401760998720277,1.0,1
58966,3.3619271977508447,1.0,159.7576733447536,1.0387004217770066,1.32222071931342,0.09546239530113286,0.04126698976593212,0.0,0.11859386596217729,0.384019149597404,22.705975629954487,11.0,1
155421,4.359420279727952,0.0,94.17884826530327,0.458303754548283,0.1824343649085685,0.03482762600454365,0.3676359756782717,0.14819835099909728,0.10186112363500793,0.26339575548611793,22.56497115687736,50.0,3
158040,0.0,1.0,147.77885119513948,0.5347472887120701,0.8074882515588501,0.029907481693841425,0.28837287361916497,0.005864813330088342,0.09029545927515505,0.41417103144871215,27.308043929687017,26.0,2
73665,1.5954046671017168,1.0,157.19003029217112,0.9407982425356697,1.3587067315067167,0.07534654601913696,0.24419571757330444,0.0,0.1268626611347868,0.686731754906846,31.940656128699043,36.0,2
72441,5.270402895934253,1.0,105.4615610827145,0.9615409198141054,1.4456428644832313,0.07881827414418355,0.2728544450274014,0.0,0.07866163055322024,0.3315024662333718,21.512779628521514,1.0,1
85284,4.824000686513771,1.0,113.31080931331279,1.2649927397327414,0.6182954332776928,0.024666575841302687,0.3026195839231112,0.001984806558653298,0.08497450704940865,0.39591880754975406,25.76158539277822,40.0,2
125890,2.234779091684268,1.0,108.1007743624967,1.3698863849283012,0.7822887621101576,0.09596252188748704,0.33663084347941513,0.0,0.06752075426181114,0.4050531875874435,28.05862373137443,50.0,3
50005,4.824000686513771,1.0,112.68847149671892,0.7390256179332092,1.7631694513334089,0.04673112473458526,0.0,0.0,0.11020651288205074,0.5125219727084062,31.04295810662895,43.0,3
69737,0.872923795046736,0.0,113.47531270866465,1.0826088263724851,1.0100410881731547,0.09754875144648864,0.13547693088861773,0.0,0.09417957066797655,0.46763733513873956,23.659483523667948,49.0,3
87573,1.5954046671017168,1.0,77.89830843861127,0.7760517866541442,1.716331415385084,0.04444855031782293,0.0006104425011275348,7.817664344939947e-05,0.090631273449164,0.5223458982041329,28.80846677632752,6.0,1
2790,0.872923795046736,1.0,99.76706868724335,1.5393873568146128,1.3709714197337277,0.04804096838564263,0.05129914243932704,0.0,0.07113757653068406,0.6641594742783927,25.55633434281273,19.0,1
81822,0.872923795046736,0.0,146.2731257520627,1.5259518253987494,1.1196203641016944,0.11005232819260728,0.03594595641034841,0.0,0.12964737404116164,0.6806632116178793,24.61674020842248,36.0,2
33679,1.5954046671017168,1.0,132.8891454087176,0.8799567951318898,1.8162515217920812,0.08463728846781318,0.0,0.0,0.13349331785811236,0.4477656398183121,30.03724254050236,44.0,3
124079,1.5954046671017168,1.0,142.7875374076815,0.915196032112578,0.9321184334126422,0.08171337117473375,0.18224553925865877,0.0,0.07344443758622808,0.4838398383414279,19.691097173754866,16.0,1
29087,6.117892928831929,0.0,105.32130159006398,1.0144220302914997,0.6755598265644066,0.03550559855419764,0.17917339349527653,0.0,0.1005400101632899,0.599425165844399,25.789567631222873,60.0,3
31839,0.872923795046736,1.0,145.80709058137626,0.9537351345706274,1.1286011489630472,0.041962598355487504,0.12333016422336632,0.0,0.11634650289624089,0.22375482435312113,29.828283539987957,40.0,2
2305,3.873488880460096,0.0,171.8704629799617,1.1878644052004304,1.0294007007666441,0.02597008295674694,0.002837906252296217,0.14770448271626585,0.050512798457057986,0.5579193060105864,26.291632562401247,26.0,2
116585,3.3619271977508447,0.0,135.77925110875887,0.7996398684795895,1.7410509764195912,0.04843439090520536,0.004962882796202298,0.0,0.10388706186522997,0.6823977251492471,29.714881402568647,9.0,1
73524,1.5954046671017168,1.0,115.52874813575424,1.246958858166756,0.6846787275032765,0.036177528458350545,0.2646170161701627,0.0,0.0834609979772711,0.29056960183628,23.923798094068673,40.0,2
81586,5.701060861471607,1.0,70.31617219740535,1.4499888131526906,0.6975233845593646,0.09929914618218678,0.2892037810752459,0.025231074929758734,0.10581030322960991,0.49640736697300886,21.87925633673618,49.0,3
63147,0.872923795046736,1.0,116.79925518722224,1.7382106712178036,1.4734897236080668,0.09815004583580092,0.15751312861954064,0.0,0.08190524688566762,0.7804349562007139,20.63720229497033,15.0,1
109753,3.873488880460096,1.0,115.14412926111298,0.6459421267605535,1.4456428644832313,0.05728648091811103,0.0,0.0,0.1087314302634894,0.3175874845356611,28.52566835745354,57.0,3
91443,3.873488880460096,1.0,100.55197749301864,1.3635879022326585,1.0598329809424267,0.09984812356667594,0.13422605430153228,2.639973374455876e-06,0.0944893301378407,0.1684321059565338,25.02074192772005,33.0,2
119528,4.359420279727952,1.0,161.04416140689992,0.2619098650327388,0.5077466257061825,0.03134499269087866,0.2850001772440109,0.14578632070984665,0.07697095147323091,0.21426532189317865,26.02926296769566,42.0,3
116915,0.872923795046736,1.0,95.79750276938552,1.7309982986371468,1.7910106182138636,0.04121775540709883,0.0006553573962081299,0.1472187256702987,0.056987518518407956,0.7770219563481559,22.31573737540195,11.0,1
1586,3.3619271977508447,1.0,124.22955628910263,1.4794525303974508,0.8369642726908375,0.041342447356368994,0.22144278435145062,0.0,0.07610775407689287,0.5472717260619129,24.14328867042122,75.0,4
91865,3.3619271977508447,0.0,127.23835182331041,1.5596663441426157,0.811393604128813,0.09858915255184081,0.05694496936987446,0.0061320194779252764,0.05951474954144742,0.3352063471934248,29.54581386806856,19.0,1
6384,0.872923795046736,1.0,77.17104792643265,1.6248846462339144,1.1218625664872488,0.10793809036212502,0.22186018419829656,0.0,0.1031396955853106,0.03811360054577563,27.294718871031414,24.0,2
68857,0.872923795046736,0.0,79.84739330943124,1.6423020601527738,0.74981849672868,0.11035256799638082,0.17395390653627266,0.0,0.1085152749541968,0.2605755887938996,23.64251437525863,27.0,2
87157,0.872923795046736,1.0,182.10025076743233,0.6246407414236833,1.5377163817742514,0.09121551619797047,0.1642345639618373,0.14822373451728077,0.0846000186739813,0.47664490956611383,26.735593372787918,25.0,2
55957,3.3619271977508447,1.0,107.63997124136601,1.2892590495900826,0.3134583851303576,0.11949416416689107,0.3197233365022114,0.0,0.11479565148345594,0.4999926128156961,27.273104740498216,30.0,2
143973,3.3619271977508447,0.0,147.77390176678355,1.5903688309600632,0.6182954332776928,0.06235797169475681,0.17236337369497504,0.1485126298438773,0.05772607159203345,0.5035754392914052,30.43995478605196,7.0,1
89402,5.270402895934253,0.0,108.30261080872806,1.0224814030232345,1.0186256893922574,0.10315298150069982,0.1529201254059554,0.0,0.08422295110813957,0.6476084860628607,25.858896281237733,48.0,3
10994,4.359420279727952,1.0,132.46189544197242,1.313779393613908,0.8251223509347365,0.03345331143459896,0.1200332692849557,0.003939573289650818,0.10186112363500793,0.5950243716781197,27.96646101325999,22.0,2
39893,3.3619271977508447,0.0,64.04008915492568,1.0441365530273317,0.6130236887191868,0.08489042627422848,0.03234721238490471,6.0398606331296335e-06,0.12767794942651947,0.17897769686555445,30.991621900663002,1.0,1
38180,1.5954046671017168,1.0,89.72934421607066,2.150009981833069,1.4913416009490772,0.09858915255184081,0.003976213546291906,0.0,0.0642263303982092,0.6257577563290178,23.91106101514327,53.0,3
150708,3.3619271977508447,0.0,104.77559378724902,0.7344587426213406,1.5377163817742514,0.04770181886559934,0.009658310013008445,0.0006812213903169589,0.09479702346996888,0.0775333936455089,27.02662865050787,24.0,2
90540,0.0,0.0,74.4977961297334,0.7321803953673356,1.331905210558965,0.038157654766122096,0.023165805092240477,0.14843120878913402,0.07567160824092482,0.379434781026071,27.161223614526612,19.0,1
43098,3.873488880460096,1.0,82.92508973704953,1.6457983485520453,0.3334994777967263,0.08058365006988354,0.34570735067700653,0.14881696359613644,0.0846000186739813,0.3398322134003418,20.182052056102155,43.0,3
72516,4.359420279727952,0.0,119.53848150447246,0.8163577776207587,1.4305595995732223,0.10139935755464843,0.29983526196182336,3.6399493836863963e-06,0.07866163055322024,0.4041404961216831,28.730449604609504,12.0,1
97179,5.270402895934253,1.0,103.4329797459062,1.3045544042799484,1.1762754558995927,0.03874142824810896,0.03781875784506412,0.0,0.10650624542551308,0.5490477660515011,21.87970715378169,13.0,1
111032,5.270402895934253,0.0,117.41842143203154,2.0412105181439637,0.6792018079786396,0.060841266472596564,0.3337538310560312,0.05450146477328945,0.06766915227167633,0.06378012517286051,26.413949405388358,21.0,2
17045,6.117892928831929,0.0,125.81121858347744,1.7855160893099271,0.6975233845593646,0.06657208594270177,0.30777806438605254,3.149620969012402e-05,0.06438176933966647,0.286830856430596,26.774679694707714,2.0,1
10569,0.0,1.0,105.15503354066135,0.6459421267605535,0.8192271637225136,0.03550559855419764,0.11936872550991845,0.1434597456951391,0.07907699494507488,0.0654526455184243,27.74992189012988,51.0,3
75138,5.701060861471607,0.0,140.23265913201652,1.6739227970966106,0.8931390217637617,0.1059512892555724,0.14224404248746633,0.0,0.05772607159203345,0.5765029649516105,22.95452697227968,1.0,1
153711,4.824000686513771,1.0,93.8990057930969,1.8447562024754598,0.9591921604105726,0.1132207133723428,0.17917339349527653,0.0,0.07253143383276514,0.4622253199987333,25.486448360124797,8.0,1
79026,6.117892928831929,0.0,102.43220826893824,1.0523187556135853,0.6484815224571175,0.026953409443536608,0.34879317068115623,0.0,0.07253143383276514,0.6641594742783927,25.925419004128717,30.0,2
31231,3.3619271977508447,1.0,63.0351302257775,1.1646618235594426,0.2432677692739327,0.053799353682425805,0.3630820417718151,0.14826535491985524,0.0692325431781873,0.8609453674204514,23.53680677638904,49.0,3
115806,3.3619271977508447,0.0,111.26707779135182,0.9851555438001129,1.4230459552752195,0.05328367386024081,0.019417686065019802,0.029983207994882504,0.08497450704940865,0.4550005252381872,29.798193732138564,37.0,2
39889,5.270402895934253,0.0,177.20574817190595,1.6283596013417518,1.0642120665634267,0.07434357648268704,0.26494198701602334,0.0,0.11566792219410234,0.6134845293745955,27.630506121879524,30.0,2
13191,0.872923795046736,1.0,63.135727894907745,1.3076254137645986,0.3880907013868155,0.11948462977493556,0.2886503818235435,0.0,0.1087314302634894,0.6143620734538914,26.195282960578954,27.0,2
637,5.270402895934253,1.0,125.3704658045844,0.6851139901853912,0.5359198474324859,0.026425365750075997,0.0007691147798790242,0.03144459711188385,0.06747121786729587,0.22754504202061962,27.907367977439048,14.0,1
48376,1.5954046671017168,1.0,105.50830832168052,0.915196032112578,1.1854566026281719,0.04071676728200563,0.023165805092240477,0.1059642947024223,0.13123702703825046,0.3831026140507271,25.419012558163807,40.0,2
113050,3.3619271977508447,1.0,73.91889932153552,1.7202123044997546,1.0685990710633249,0.11135185545816513,0.040915096803283965,0.0,0.09630503739313614,0.4990965284816648,23.0090464944327,32.0,2
53702,3.873488880460096,0.0,78.43499211885165,1.789185585833376,1.2271707574696977,0.1059512892555724,0.08073762434352733,0.0,0.14093810597921386,0.5570327996307758,28.47604450197867,57.0,3
149154,5.701060861471607,0.0,116.76854052630495,1.313779393613908,0.4545349207481146,0.03120240458736984,0.3626433241814785,6.50838127320091e-05,0.06596861017267418,0.24927765074655053,27.917052852340312,5.0,1
3773,1.5954046671017168,0.0,90.52616682310668,0.9667630100669081,1.476033739652881,0.08307477277729898,0.2362879782028371,0.07391897168127363,0.13301719861630582,0.3342806431153462,26.789228771202207,71.0,4
50257,0.0,1.0,119.68642824905025,1.6598262815654952,0.49792712282742835,0.057575662834278916,0.2878162330360538,0.0,0.07113757653068406,0.5366032848165226,29.04996603883935,44.0,3
140652,1.5954046671017168,1.0,139.40450977789638,1.1762322066763853,1.5144442747914244,0.08612600426799331,0.12463698198191898,0.0009961907158109078,0.055431191649043365,0.652840258681475,27.328992830679724,39.0,2
30305,5.701060861471607,0.0,96.1133945350952,1.4959659338530724,0.9074185780413175,0.09661164643050027,0.16201610323787796,0.0,0.10263327184459343,0.6047015544677911,30.725827106754657,35.0,2
94947,4.359420279727952,1.0,78.46750156832007,0.7367404825678648,1.5559343178098457,0.06616661355998277,0.0,0.08601671280632918,0.07479010183432175,0.304563566592905,26.363903137200328,46.0,3
139824,5.701060861471607,0.0,90.28722548083897,1.246958858166756,1.3053516392490825,0.10270424619248793,0.3321887035460598,0.1440029101497214,0.10763668424531088,0.4477656398183121,29.587959044020526,19.0,1
22627,0.0,1.0,114.17407246920492,0.49782115714739317,0.6920073491138415,0.02770197444137078,0.1892456434457902,0.005864813330088342,0.08608269509259017,0.329649459445562,28.32896178322228,47.0,3
763,5.270402895934253,1.0,100.75068193050825,0.7574292631964193,0.776519017031305,0.032756846992377936,0.2599964583587398,0.0,0.07739805058592603,0.5437179067418695,27.04394996147076,69.0,4
29707,1.5954046671017168,1.0,156.2329816005586,0.9330796361672831,1.6112066071270141,0.09389050618719966,0.1373413159554467,0.0009961907158109078,0.07389614600927014,0.5080505822351178,21.39706117257161,15.0,1
124413,3.873488880460096,0.0,133.31619871973209,1.4532460742582065,0.74981849672868,0.048546354064810414,0.0609247571834507,5.2689391638182344e-05,0.05840167580935573,0.16266919995123785,23.188997105511046,18.0,1
20634,0.872923795046736,0.0,84.26208695279817,1.0441365530273317,1.2108708886987363,0.0584342782304154,0.006113566851364622,0.14827357759696985,0.055431191649043365,0.4032276391499472,34.8218573162796,15.0,1
149055,2.81870192439919,1.0,109.40917022120863,1.071541642188199,1.3343314548273377,0.03482762600454365,0.16914742208479003,0.0476762989730525,0.09833371298734968,0.5694308716311162,25.171567963254994,23.0,2
93381,4.359420279727952,1.0,132.15515910217826,0.6719375043041697,1.7218096897646715,0.0431865287142909,0.002986602388962986,0.008698409363821236,0.08111111514562246,0.39317524704291157,23.240980884815134,57.0,3
76995,6.117892928831929,0.0,171.7445290785798,1.071541642188199,0.7977581590258924,0.030629476337651843,0.31110683271702266,0.055685670262276735,0.0846000186739813,0.44323868162207153,22.615418806680452,34.0,2
159797,0.872923795046736,0.0,106.79011074980468,1.635322297431103,0.7479254660277699,0.11539818071930037,0.012751715278126845,0.0,0.12816865300364028,0.5053659477481252,31.002297045340246,2.0,1
93369,4.824000686513771,1.0,110.44705323410112,0.7344587426213406,0.09737343436394509,0.03684347528477961,0.36552954711300517,0.11864383254650614,0.07697095147323091,0.43054194018397496,25.66280994985983,10.0,1
111862,4.359420279727952,1.0,127.74387617703783,0.8924617548512922,1.1353577070957022,0.08489042627422848,0.03950348483126515,0.0,0.1316278111321332,0.5694308716311162,30.44055526730486,41.0,3
143400,0.0,1.0,136.4102822062171,0.4997366955494057,0.01558022191198553,0.04798456751842339,0.3749579057766519,0.14827357759696985,0.06627170617944157,0.1007111868006316,19.17708416045539,41.0,3
1099,4.359420279727952,0.0,121.5666524705158,1.586940561014816,1.0598329809424267,0.09477728604255982,0.13795961794494901,0.0,0.07207008747600625,0.5720839688793614,20.535299546327646,5.0,1
147261,5.701060861471607,1.0,186.10953770422995,0.7972654942346424,0.3656734882374335,0.029907481693841425,0.36101684529083516,0.0,0.06050287974072933,0.18471915968581262,28.736821228193538,14.0,1
63476,0.0,1.0,190.75553141066885,1.0523187556135853,0.9529151814138451,0.05117544300866493,0.2382034174387412,0.0,0.05306868496164823,0.5071558543350404,24.582859297355235,49.0,3
155972,4.824000686513771,1.0,95.3655432992728,1.8447562024754598,1.042395729804522,0.11442847005276537,0.24493038553947208,7.58977992690537e-06,0.06520517018621844,0.27840777189583293,29.814154883925323,1.0,1
97460,3.3619271977508447,1.0,75.8170425471447,1.2892590495900826,0.7997003756155685,0.041342447356368994,0.10570515998144205,0.005864813330088342,0.10829773278800112,0.6919283533734552,28.13727518183519,28.0,2
130606,0.0,1.0,149.40592915353957,1.0387004217770066,0.4995592265814947,0.03414355059055638,0.3038662397214829,3.769457089115688e-05,0.04710906627013494,0.4694400923118106,18.837513209236782,7.0,1
125902,2.234779091684268,0.0,111.33408553834225,0.9719997127794917,0.5176307295664182,0.037503497957860635,0.3651023417513228,0.09438710991476489,0.10937167434329613,0.5410510166898501,23.32643921903519,30.0,2
63832,6.117892928831929,0.0,93.98349906708947,1.3635879022326585,0.7726819849845797,0.10961413721893093,0.354058506913551,0.003131958423105402,0.07739805058592603,0.7264556430606567,32.19997730004116,8.0,1
2234,6.117892928831929,0.0,93.09577665109178,1.6144853188230401,0.7460343185053053,0.09220467864151599,0.2362879782028371,0.0,0.09689431395432624,0.6240060675375,21.211340578112154,12.0,1
88793,0.872923795046736,1.0,84.7017199012267,2.0771036036296118,1.33675974885698,0.11559752533869615,0.1529201254059554,0.0003315793179064389,0.04838545773681562,0.7100803242379972,26.382049056951725,32.0,2
91596,0.0,1.0,100.4055278050832,0.1937348163193579,0.09395717029760381,0.03345331143459896,0.32694874517749745,0.14536778553847993,0.07344443758622808,0.04672029222863148,22.368487440074283,7.0,1
90016,4.824000686513771,1.0,116.71222731234442,1.249954663221884,0.6846787275032765,0.036177528458350545,0.2905779107542213,0.1274675438649686,0.0642263303982092,0.5259137815807644,31.205710574350952,33.0,2
5517,2.81870192439919,1.0,152.16960935757703,0.5249208133713501,1.5559343178098457,0.04843439090520536,0.0009985074216367666,0.027633553338831628,0.0875253578926078,0.39043018103571125,27.996865800671532,46.0,3
149306,0.872923795046736,1.0,102.56781090978632,2.330308527991424,0.9612883852905215,0.09080883719607807,0.020264841467197262,7.317953444106647e-05,0.12135199042106064,0.47214306179705734,24.891344307261136,21.0,2
36521,0.872923795046736,1.0,81.31015447929705,1.6075736872862627,1.0294007007666441,0.09546239530113286,0.0010184471627194712,0.0,0.07610775407689287,0.39043018103571125,30.990910134641645,21.0,2
77739,4.359420279727952,1.0,80.76543427797199,1.2892590495900826,1.4709477900653012,0.10188625402023829,0.025486241740571458,0.0,0.07479010183432175,0.6823977251492471,21.570937707614828,46.0,3
154002,2.81870192439919,1.0,104.64560354935635,0.5646987472473326,0.03488124950664175,0.029907481693841425,0.375466997075387,0.14876169108165535,0.06627170617944157,0.14533430943290376,23.172808344502283,47.0,3
101233,3.873488880460096,1.0,102.88585512314923,1.3667351240154904,1.496460907685237,0.05791115398932845,0.14465841868461957,0.00019385630096644646,0.046139379120729726,0.567661430117058,27.028712817167115,28.0,2
145404,4.824000686513771,1.0,106.35444216907328,1.4695941574011762,1.0014879181509468,0.0973955388973874,0.015625372543004,0.0,0.09162520541474937,0.4169031817689732,26.07854375251644,9.0,1
19394,3.873488880460096,1.0,126.87925495317903,1.5698625629767227,1.3125689770901088,0.08058365006988354,0.026870414285047127,0.0,0.0878799146864748,0.599425165844399,26.507777811992593,63.0,4
129107,0.0,1.0,99.09134124583909,1.6075736872862627,0.74981849672868,0.08058365006988354,0.051639214901532914,0.010552014101597989,0.07866163055322024,0.591501237117933,24.576885204983924,6.0,1
21531,5.270402895934253,0.0,175.4733763573358,0.2619098650327388,1.160285808401269,0.06776810307407538,0.027789847142669463,0.03075491501815847,0.12964737404116164,0.1607465310562704,27.088715950708345,14.0,1
69606,5.270402895934253,1.0,95.8343644627001,0.7413141514439969,0.4704547534652788,0.10152244608703388,0.3562773553028658,0.0001678922291119058,0.07523239892816581,0.29056960183628,33.28743292859679,30.0,2
4708,6.117892928831929,0.0,98.8974066367412,1.635322297431103,0.3465606792872782,0.0964512307573751,0.34144619681419286,0.0476762989730525,0.09162520541474937,0.45409671780157784,22.551574344425354,1.0,1
62971,3.873488880460096,0.0,112.72448788322914,2.02537712708786,1.420545549682991,0.08115311709967152,0.11803442510194988,0.0,0.03060581050558607,0.8457701312909116,30.30897583893169,17.0,1
55334,3.873488880460096,1.0,88.85699455639232,1.4728761491942823,0.8211903186456566,0.11854781170764347,0.21549995852740508,0.0,0.06727271957900667,0.5579193060105864,19.84244178087081,11.0,1
156843,5.270402895934253,0.0,103.3496351288439,0.7253656825023128,0.9074185780413175,0.10747283603763581,0.08135189868334151,0.0,0.07014415865854837,0.4359872512326654,21.24722302989152,4.0,1
32435,6.117892928831929,0.0,139.3046852306377,0.8187599816799841,1.6674107491010164,0.048097319744238816,0.0005964677467595028,0.14315326212729088,0.09999929605428569,0.2699694764964411,29.79307517688502,15.0,1
27533,0.0,1.0,102.61474431685959,1.0993228154521477,0.4914166057609313,0.026953409443536608,0.3175131692008499,0.12735141084815144,0.07907699494507488,0.531261178626178,25.789836591140862,37.0,2
17327,5.701060861471607,1.0,155.38320337472186,1.3667351240154904,0.9404137982053083,0.03414355059055638,0.1488254969080726,0.0,0.10160035464617702,0.7599282170448584,26.459306027187093,16.0,1
48126,5.270402895934253,0.0,125.25897596186473,1.1878644052004304,0.8769353064372962,0.0431865287142909,0.06896625627207055,0.0009961907158109078,0.09510266620308695,0.648480779421834,27.80745441628814,5.0,1
87469,2.81870192439919,0.0,116.33329180633774,1.7346023120600809,1.1353577070957022,0.05918638842682127,0.1014632060448643,0.0009961907158109078,0.08190524688566762,0.581801103291445,22.85894373673647,80.0,4
146282,4.824000686513771,0.0,57.98084588872096,1.3857033743699478,0.811393604128813,0.04306510901434748,0.3410832802224311,0.0,0.1323042586793445,0.6152394809651552,27.565654028864298,9.0,1
22172,0.872923795046736,1.0,116.78389800122048,1.1878644052004304,1.0036232661278224,0.048825403940717715,0.08682041266096152,0.0,0.057101594944309615,0.4784445662216481,22.16994244165441,3.0,1
29272,3.873488880460096,0.0,115.71330011793822,1.246958858166756,1.7910106182138636,0.08360405773041377,0.01809543890580775,0.0009197540418835085,0.035244188627287606,0.16555160761465107,29.79051567344652,41.0,3
75275,4.359420279727952,0.0,148.22420256128328,0.9746235506992239,1.0078998505255499,0.04468629102755029,0.22144278435145062,3.479953735522664e-06,0.1282651059706081,0.22470267675408148,27.265465820411393,20.0,1
2348,0.872923795046736,1.0,132.41161777350953,1.4761622725906902,1.0294007007666441,0.05265890464584999,0.10570515998144205,0.0,0.1254539880533494,0.8008731546402246,30.162745470542987,65.0,4
21676,4.359420279727952,1.0,148.49626729147437,0.7344587426213406,1.2178444213202304,0.07501499474701619,0.2922093969814438,0.0,0.14093810597921386,0.40870230130966556,26.055447096074115,32.0,2
146425,0.872923795046736,0.0,103.52673097216359,1.4959659338530724,1.393177598252768,0.028147872668643843,0.04170628963480416,2.1598217729982653e-05,0.12622580018510962,0.15689863189189093,26.371851300124533,29.0,2
130851,3.873488880460096,1.0,89.53263968977807,0.7208394540873487,0.7745995549638897,0.10390712915025974,0.3462280736293302,0.005864813330088342,0.10080771222471868,0.39500445441039295,24.280838308933834,3.0,1
11371,4.824000686513771,0.0,135.10769319418304,1.1502855016786524,1.1900592475800453,0.10011646490093588,0.1744815277128284,0.0,0.08892922146119757,0.48294101076463797,21.726369978128037,25.0,2
144355,5.270402895934253,0.0,119.81394754458069,1.1995585970342593,0.5093894862776464,0.02844379682282684,0.3467462059806955,0.0,0.08534643612555834,0.29897094882889713,20.219621524705644,26.0,2
84238,3.873488880460096,1.0,115.95930396032443,1.4176418973042995,1.3808202212133387,0.05276348676969412,0.00019294434329830088,0.10645466200194527,0.1299098908721293,0.3748461739260816,26.635338929092477,34.0,2
88047,3.3619271977508447,0.0,84.56235937875182,1.5562760176399235,1.0840160182295047,0.08707938669215522,0.1440571078191837,0.0,0.08497450704940865,0.5650062005971751,31.58349371728116,11.0,1
39016,0.872923795046736,0.0,84.98569984919872,1.5461302380608775,0.41090010214946837,0.11075589287932544,0.07483429372680157,0.0,0.06297072826400497,0.35276125013630455,20.55959271493681,13.0,1
143063,0.872923795046736,1.0,153.27798567371366,1.0523187556135853,1.3832875724289047,0.11081194339916868,0.1558014307814477,0.0,0.13971096393930774,0.6702452610397654,30.428784354157504,21.0,2
84359,3.873488880460096,0.0,87.22603538573911,1.486045460471644,0.8972092364676427,0.08845352666152759,0.08757148586722448,5.979863388372741e-06,0.04787715051600809,0.7238730648159113,22.470195088508035,48.0,3
85250,0.0,1.0,98.90789097626397,1.0993228154521477,0.23133524060775695,0.04438898378389238,0.3060809988926816,0.14821530793506596,0.10388706186522997,0.3481476766638229,25.06628737892248,9.0,1
85160,1.5954046671017168,0.0,102.30701383388933,1.237995013338512,0.6646784571795217,0.038157654766122096,0.2916676693694916,0.14339962963345917,0.06318149722485808,0.7384929225256075,21.05121408741367,55.0,3
107124,3.3619271977508447,1.0,108.04901275298414,1.6528037535325126,0.8153065731672732,0.08307477277729898,0.09424038591331747,0.0,0.0846000186739813,0.15593612213162947,22.053707905349533,37.0,2
30865,0.0,1.0,116.62519015284569,1.1849505506472449,1.208550416448057,0.029178943760520885,0.2016502871049115,0.0,0.06971386977315287,0.6380044771041449,25.974164431817425,66.0,4
19106,4.359420279727952,1.0,88.4523211145581,0.9025300258404296,0.9570978852161511,0.05684988783241213,0.027606174259840268,0.0012341468831652564,0.10894620868502075,0.3342806431153462,20.94075891383858,21.0,2
53755,3.3619271977508447,1.0,186.947226015253,1.5903688309600632,1.160285808401269,0.03414355059055638,0.03144101174407487,0.11410810041590093,0.09999929605428569,0.6763246671744051,26.72089315537149,54.0,3
30458,5.270402895934253,1.0,49.33928810816512,0.9877977162194078,1.757626974603384,0.08029540932132537,0.0949714230421777,0.0,0.06050287974072933,0.7906625533781805,20.94679378866202,28.0,2
64794,4.359420279727952,1.0,29.92662648551371,1.6633439737814455,0.45137224364169387,0.038157654766122096,0.25729539104543686,0.14848343783585247,0.09510266620308695,0.8153093455915745,25.986742443544593,9.0,1
145268,2.81870192439919,1.0,145.86659630867464,0.8332466137621517,0.8850217453836101,0.03134499269087866,0.14041716978012045,0.0,0.09570786137811908,0.31201016143727445,29.99589447687534,36.0,2
94300,3.873488880460096,0.0,113.5524119328337,0.8824506569237538,0.9197336231387233,0.029178943760520885,0.18173656703380087,0.0,0.07389614600927014,0.38951482378095875,25.11068133876982,46.0,3
72249,3.3619271977508447,0.0,127.11192583458406,1.1388535531640749,1.1376138905461024,0.10823744678519129,0.1912034946595629,0.0,0.08268848505094586,0.3922603925171521,21.588683050502794,44.0,3
68082,4.824000686513771,1.0,51.22071080636973,1.4728761491942823,1.1129057238060638,0.045628904302400124,0.1153448023958126,0.0,0.11041192561352685,0.5080505822351178,30.632892129883512,9.0,1
9,0.0,1.0,179.1908843242861,1.104924423867234,1.2062319625131506,0.10778520225113049,0.04126698976593212,0.0,0.11371239933650804,0.6082163911561125,32.47832157418332,60.0,3
143833,0.872923795046736,0.0,91.65064110002861,1.5259518253987494,0.6719252777395165,0.11671255910645661,0.1098800831673712,0.0,0.08150955334797905,0.3370572240184057,25.141616025492308,15.0,1
134933,5.270402895934253,0.0,135.90949821750024,1.0171047814103484,0.3701256670861469,0.029907481693841425,0.29139601967277307,0.12435220556522028,0.06971386977315287,0.3324287028011156,26.978532150274585,47.0,3
132305,4.824000686513771,1.0,80.64131601963525,1.928065764092387,0.3941347654998352,0.11392850201734943,0.057778522287966434,0.0,0.07113757653068406,0.461322770147165,21.263157759757192,6.0,1
147779,5.270402895934253,1.0,119.2476132144672,1.0743027900555246,0.9612883852905215,0.060112080397729396,0.21849470962927253,0.018555850659359212,0.1005400101632899,0.44323868162207153,23.578556628812517,30.0,2
123861,6.117892928831929,0.0,97.55409313770166,1.580096699910016,0.8528606142967284,0.030773095804082808,0.02241968379043488,5.308923000170228e-05,0.057612899810003226,0.3831026140507271,23.48870391790824,15.0,1
124885,1.5954046671017168,1.0,103.79229362560926,1.1966292274711101,0.6883393129818888,0.03041356110871576,0.2089208133144031,0.0014024356789996248,0.10533879505897356,0.3757642353460366,25.978848217418467,20.0,1
155466,6.117892928831929,0.0,153.39614453178407,0.8849480810453934,1.777063188483045,0.03577509228302261,0.00044370554163677744,0.14734240458790893,0.0994514137349725,0.3766821266125737,28.56118542328614,13.0,1
1743,2.81870192439919,1.0,127.21306806492653,0.787802634069226,0.8153065731672732,0.05932625929375025,0.2626531020560216,1.63989725512302e-05,0.07782218133052284,0.4919223952704212,29.169707544516218,24.0,2
63242,4.359420279727952,0.0,130.4536812829797,0.915196032112578,0.9823580025054448,0.024666575841302687,0.05836061652265536,0.005864813330088342,0.11461791565793807,0.35276125013630455,26.10362726166699,29.0,2
36755,6.117892928831929,1.0,106.83677444413831,0.7807417810472599,0.6592628138396347,0.09844389461644934,0.05223341606892233,0.01949751367390266,0.05873728712785969,0.563235334781676,21.825413972049464,24.0,2
102190,4.359420279727952,1.0,148.16483347358732,1.2649927397327414,1.1129057238060638,0.029178943760520885,0.13795961794494901,0.0,0.12037265058829381,0.6126068486236221,27.40300225337277,41.0,3
6206,6.117892928831929,0.0,128.20870571169195,1.6423020601527738,1.1421322571741443,0.09200993864114734,0.09129645354967957,0.0009961907158109078,0.07298954199416931,0.6161167520118906,28.888331481700305,55.0,3
137927,0.872923795046736,1.0,93.88316209640055,1.7781902494919293,0.8548562783934225,0.1063065939423024,0.009376520783168795,0.0,0.10915962010817792,0.5089451600367382,22.567767618158562,2.0,1
12066,0.872923795046736,1.0,70.37670469921119,1.232038730877049,0.029640572774768267,0.04954523409962817,0.3755937936401596,0.14892184338860762,0.07019179955184995,0.4169031817689732,19.280451175638248,47.0,3
55077,0.0,1.0,148.25388582675131,1.6563128757565557,0.9362622300425101,0.05728648091811103,0.005946621798604477,0.12027383939465348,0.10718886451071041,0.8076708475842831,29.211482120220875,56.0,3
139362,1.5954046671017168,1.0,100.87615062736319,1.249954663221884,0.8648633807671563,0.027552803013641613,0.0044995139213181955,0.14614941886423052,0.06766915227167633,0.15401045902161728,25.160492666040568,32.0,2
46247,3.3619271977508447,1.0,103.3548444486858,1.347912282370425,0.8628581206184712,0.0211977355928963,0.10074959601613999,0.004558838314559675,0.07066635954166857,0.8076708475842831,23.050132991560556,58.0,3
42464,3.3619271977508447,0.0,115.0671834480506,0.870016916351664,1.0489198800185926,0.05009339799691467,0.12135717411903511,0.0,0.09029545927515505,0.3008358881800992,24.907870923781566,37.0,2
59963,1.5954046671017168,1.0,90.01100307614593,1.9051305755612356,1.0143294574313837,0.09943794886500139,0.002986602388962986,0.0,0.11296729991626979,0.46402995003512487,27.801704818316647,3.0,1
102764,5.701060861471607,0.0,132.92934703234826,0.23072262969116245,0.45611891744501903,0.06816008079340606,0.3669392649501902,0.14885862670896927,0.08030591854684666,0.21331526928243794,22.97649064883458,39.0,2
84693,5.701060861471607,0.0,94.32664165109233,1.3354442055656686,0.7086058516452183,0.0997124288993236,0.07373331035081927,0.0,0.11389577405950702,0.7402105591570741,28.806471338234015,58.0,3
95766,5.701060861471607,1.0,97.74315544579851,1.440241690388494,1.095087666887929,0.03697595187732207,0.06719837402725257,0.0,0.09804963764136568,0.24644882252897388,23.914033410185127,24.0,2
97193,3.3619271977508447,1.0,115.46209400257258,1.4112216109464688,1.3464934343650294,0.03127373074081886,0.11056948609566525,0.0,0.06349651996342705,0.42509082013318533,22.165920629279633,43.0,3
30590,5.270402895934253,0.0,122.82290541925872,1.4240785193695762,1.395655262877005,0.036177528458350545,0.03234721238490471,0.0009961907158109078,0.07389614600927014,0.8195489005836394,26.37238111974371,45.0,3
3406,3.3619271977508447,1.0,77.4208140539838,1.0993228154521477,0.7574094640680615,0.08997598537939895,0.16914742208479003,0.1226869371427914,0.11828452903796835,0.39134537056455715,28.512734152162114,43.0,3
107794,0.0,0.0,116.49205651817459,1.035987948999315,1.3005502950795864,0.05992821307386076,0.22841394966772371,0.0,0.13083510655997968,0.33890739350112375,23.91261801510762,23.0,2
75447,4.824000686513771,1.0,104.91595736439841,1.4728761491942823,0.9591921604105726,0.0856377240318309,0.33548893733695057,0.0,0.08823206529773955,0.47124222729765775,26.275967200133437,20.0,1
9240,5.270402895934253,1.0,130.085786065666,1.5360221992945484,1.5795086777003646,0.030629476337651843,0.12463698198191898,0.0,0.10437726552568219,0.8373236460381878,25.252686113650864,43.0,3
75677,6.117892928831929,1.0,102.46350346123697,1.978314396768651,1.173985195547883,0.10115040624203152,0.12069608348726522,0.0,0.07066635954166857,0.8263261932576995,30.406675427715037,33.0,2
62600,3.3619271977508447,1.0,110.40577117957068,1.2409790360109807,0.973906712521262,0.026878179491613818,0.3136627406670611,8.71709586426969e-05,0.07610775407689287,0.3674955385332786,26.235048004147757,23.0,2
26526,6.117892928831929,0.0,137.54108619498476,0.7620643196394106,1.5377163817742514,0.04438898378389238,0.016577632105374596,0.0,0.06874779249788905,0.44323868162207153,29.099042593107786,49.0,3
57709,3.3619271977508447,0.0,112.1583254075767,0.9050560474853104,0.9675887642154379,0.04071676728200563,0.27347028496277787,0.0,0.06158588724043837,0.5791526678427404,23.950672448805413,42.0,3
58035,4.824000686513771,1.0,132.47697820949725,1.50925136242719,1.1762754558995927,0.11507964241929595,0.20667737463872096,0.0,0.06821057908675011,0.36657593878089856,28.794247217918198,22.0,2
8198,4.359420279727952,1.0,166.95396814848064,1.8597430050557224,1.262433119818314,0.10462353021933235,0.027146524790096924,1.4999140478565224e-05,0.05879308108387324,0.5932630825882477,28.279481438096603,57.0,3
2832,5.270402895934253,0.0,92.24920229801312,1.0577922600757719,0.6288885490015691,0.07226092540897922,0.2861332159338602,0.12539887678696096,0.1031396955853106,0.5143094816331635,24.260940331461686,67.0,4
40830,4.359420279727952,1.0,123.67631008872918,1.789185585833376,1.1534632002710248,0.10682075272588769,0.013904227484345454,0.0,0.13178108471221095,0.4123487785843696,19.768715502909426,32.0,2
59313,5.270402895934253,1.0,125.65925987438342,1.0605346314265924,0.6901723993940194,0.027999508729725647,0.09859728595086668,0.0038037066143697226,0.07298954199416931,0.22375482435312113,21.717007715513823,9.0,1
74334,5.701060861471607,1.0,52.12330052662236,1.9204027589315948,0.7104594698327914,0.03880600336970576,0.2694224671709391,0.0,0.06776790858233991,0.7718988755203128,29.11155053586692,37.0,2
122700,1.5954046671017168,1.0,117.68436582332798,1.116173191799425,1.3101611541437503,0.11029334661670147,0.05836061652265536,0.0,0.08229821707572699,0.6632895533953425,27.979312648687106,14.0,1
42518,2.81870192439919,0.0,103.32358796683063,1.818699770638293,0.817265915439901,0.09901837159570151,0.12333016422336632,0.0,0.1346369199101291,0.48743361513789707,24.55909603939955,29.0,2
71807,5.270402895934253,0.0,160.32528020847988,0.434511896914128,1.4006167860242422,0.0711798012622476,0.004962882796202298,0.0,0.11566792219410234,0.3027000936330375,24.445623827727484,56.0,3
37700,3.873488880460096,1.0,77.11130420475469,1.4827469254218961,0.08942431325482048,0.0348956968896556,0.3651023417513228,0.0,0.07824336696718033,0.49640736697300886,24.859923238680736,37.0,2
78647,3.873488880460096,1.0,119.3956115063299,0.5912348122088464,1.799404877793913,0.07007114572550133,0.0,0.0,0.13107761505746676,0.24456196630091115,25.12711005066013,37.0,2
31716,4.359420279727952,1.0,175.23673452671832,0.7643869846402107,1.7910106182138636,0.04899224740895944,0.04822107664482468,0.0,0.14541981490584435,0.2802808782739762,30.412444035886548,55.0,3
24960,0.872923795046736,0.0,126.80842995460596,1.6214139493243716,0.7309728561567572,0.037503497957860635,0.16089867049836257,0.11449707371701147,0.052467228893042235,0.8718827224649798,24.452595568295628,26.0,2
127728,5.701060861471607,0.0,74.51962873488992,1.9165779889820305,0.6466911138682083,0.10604107796538681,0.15864721974158413,0.004905852458809698,0.10212019116983716,0.49640736697300886,24.263323065165668,32.0,2
108007,3.3619271977508447,1.0,101.39347380395616,1.2680121847925503,0.7958178421299469,0.032054095044992494,0.3190644659471356,0.0,0.1254539880533494,0.8550482115234181,24.6641759682002,50.0,3
18766,5.701060861471607,1.0,120.16070186516374,1.5192591302375724,0.41090010214946837,0.11155772458091937,0.3099278600381149,2.279980140797105e-06,0.05873728712785969,0.6563254629183313,21.10083098522624,26.0,2
146366,2.81870192439919,0.0,67.52353437434562,0.7095829213622472,1.2814265310363273,0.03976776049636358,9.43866830807558e-05,0.14725638951051404,0.07479010183432175,0.18471915968581262,27.93896279456671,8.0,1
11,0.0,1.0,99.05989607516884,1.7745339005343035,1.0862263751542853,0.049490153228170956,0.001586229567352342,4.109935468428015e-06,0.07523239892816581,0.5985452841347247,23.4750913493961,51.0,3
40017,6.117892928831929,0.0,158.41579524249238,1.1189948897666122,0.9176762744407007,0.06408679225719048,0.2312091724753965,0.05685311494931573,0.11407800504076084,0.721289365608233,24.28265940372169,29.0,2
87256,4.824000686513771,0.0,131.93384335591765,0.9930930893391963,0.6828512271475592,0.029762299662850177,0.07546152174719971,0.0,0.08644706391858864,0.3082883206301165,25.97523506196044,36.0,2
159043,0.0,0.0,111.55568549113231,0.9407982425356697,1.3125689770901088,0.06235797169475681,0.2616620044246371,0.0,0.1220266290353647,0.4495753109342876,25.57621999590216,16.0,1
102842,5.701060861471607,0.0,94.27914024108156,1.6214139493243716,0.8789540273492653,0.10115040624203152,0.24085046066065832,0.0,0.09917475099732172,0.44504994222165256,27.477133322813796,7.0,1
45904,3.873488880460096,0.0,38.97379416167255,1.433764130961678,0.2620988207726837,0.10501676070355577,0.34198828027640027,0.11507162165218544,0.10437726552568219,0.7350561716768521,22.339011070694152,9.0,1
101544,1.5954046671017168,0.0,156.54718233960094,1.1303197887629002,0.6755598265644066,0.02770197444137078,0.18825977665822002,0.0,0.08497450704940865,0.5579193060105864,26.064393693736836,44.0,3
14558,0.0,1.0,102.87021689174172,0.6873217200952351,1.095087666887929,0.0431865287142909,0.019417686065019802,0.10153321312855063,0.11296729991626979,0.2605755887938996,24.059517352715737,30.0,2
81501,4.359420279727952,0.0,107.7590821685003,1.443486624022477,0.7460343185053053,0.02785087616681932,0.20847417397657522,0.0,0.07253143383276514,0.5623496876972396,20.653294341897862,58.0,3
81075,1.5954046671017168,1.0,106.79011074980468,1.8298402910541283,1.2062319625131506,0.0719035626650213,0.027330464731949347,0.00012294222374441464,0.07298954199416931,0.39591880754975406,29.791734503385825,31.0,2
139044,3.3619271977508447,1.0,144.17924650142373,1.2649927397327414,1.3611555555156263,0.03482762600454365,0.20622559862988302,0.0,0.10510074374136276,0.7350561716768521,26.386815920023036,20.0,1
72437,5.701060861471607,0.0,88.52688602937441,1.6563128757565557,0.7631224941741739,0.1090864959917678,0.22144278435145062,0.004905852458809698,0.09029545927515505,0.3481476766638229,28.1713531193725,27.0,2
24387,0.872923795046736,1.0,97.14953402786243,1.1360051413715428,1.2318460617081535,0.08086954562732294,0.09715277734440843,0.0,0.13567406462223022,0.6571964343496536,32.550748314613216,66.0,4
112108,0.0,1.0,83.83822872971979,1.2024918523025487,0.7123149584016482,0.04046493489461378,0.01781139304250407,0.14864509091371522,0.07066635954166857,0.5116279940761842,20.949269298148682,14.0,1
67546,0.872923795046736,0.0,113.27996112525898,0.7459014238100226,0.3220063272070616,0.04052797693875132,0.3587527883203148,0.0065507688455312425,0.07866163055322024,0.08654614637207637,25.940022374550228,23.0,2
108546,4.824000686513771,0.0,111.40624127881792,1.688088075804631,1.3709714197337277,0.04781506738317545,0.02381723341433706,0.03386007952841284,0.07567160824092482,0.7599282170448584,24.608272941134057,24.0,2
45618,0.0,0.0,157.7099214268144,0.6267561796552508,1.8445017682915805,0.07007114572550133,0.0,0.13423680996265538,0.12107639339864908,0.07135016416561014,26.81870365827678,24.0,2
10107,5.270402895934253,1.0,141.54329568553138,0.977251050003743,1.3758917009694793,0.05009339799691467,0.13919151447689318,0.0,0.0878799146864748,0.6702452610397654,28.595168208973096,42.0,3
85845,4.359420279727952,1.0,86.86301153073802,0.1731968029207907,0.25264221537756204,0.03441791698119191,0.35195260131748,0.14892745752158887,0.07160547706998972,0.03742030046801178,32.16691809680717,37.0,2
1901,0.872923795046736,1.0,123.27003239030968,1.2953652640842788,1.2155178905375075,0.09200993864114734,0.04038650080234692,0.0,0.1252275809854624,0.19140808741899407,22.024098702714575,73.0,4
9304,2.234779091684268,0.0,135.37336641742988,1.6423020601527738,0.9383370423726153,0.051282610873317286,0.31087190645524865,0.0009187610622568225,0.08823206529773955,0.6362565578510048,23.482113233902915,10.0,1
22424,3.873488880460096,0.0,165.36735986964317,1.635322297431103,0.9972231075729378,0.058717534870942424,0.18122637916738668,0.008698409363821236,0.12215914027194473,0.6658989234852036,23.36916116002121,72.0,4
68238,2.81870192439919,1.0,82.67775921182817,2.266422398777513,1.2155178905375075,0.11180732738915318,0.20712811703028133,0.0,0.06581657517366084,0.639751861069095,26.903860444174676,11.0,1
32888,6.117892928831929,1.0,89.56454190545497,1.0853850452792237,1.496460907685237,0.036177528458350545,0.020358832082419225,0.0,0.08892922146119757,0.3110799737441455,25.708254390752515,38.0,2
30859,3.3619271977508447,1.0,110.62763629776205,1.1704392993079824,0.973906712521262,0.02844379682282684,0.2616620044246371,0.0,0.0944893301378407,0.7957699699053866,26.30118797238769,47.0,3
61632,2.234779091684268,1.0,150.61593330621875,0.6675719032394865,1.3611555555156263,0.03482762600454365,0.029620722255763815,0.042361366366486,0.07697095147323091,0.1385740475400913,32.628446409509536,46.0,3
53784,5.270402895934253,1.0,119.84454928511181,1.6633439737814455,0.8270912295607865,0.041342447356368994,0.12267420854969888,0.0,0.0875253578926078,0.8136127138519201,28.018860237411907,42.0,3
58540,5.701060861471607,0.0,100.80819118541027,1.3730416877687452,1.1992887046249214,0.09677083598355257,0.07764597405794815,0.0,0.10339044157515012,0.43417279113429047,21.763791988704103,21.0,2
8682,1.5954046671017168,1.0,173.4967296966469,1.313779393613908,0.744145053523369,0.06737279893323408,0.27830897511718755,0.0009961907158109078,0.0834609979772711,0.49551067655190706,25.382190556129398,50.0,3
2197,1.5954046671017168,1.0,150.71958296906732,0.5074297705021785,0.9279824033589994,0.041962598355487504,0.2463903411380815,0.0,0.11549563035956101,0.1732287102697829,29.18528509622742,63.0,4
105601,0.0,1.0,95.81330088584619,0.47507469484593656,1.262433119818314,0.040085503505564654,0.1133089973400213,0.010552014101597989,0.13335915191286388,0.5339328914848354,24.161987159533748,31.0,2
134149,0.0,1.0,112.74506793662653,1.2710355796097998,0.28540840916335625,0.05009339799691467,0.3293968198283105,0.0,0.10581030322960991,0.5160963935823022,27.647312192094795,20.0,1
1929,1.5954046671017168,0.0,92.8842364236586,1.0660306262012467,1.1946699466487898,0.06438331875107245,0.19506447347566547,2.039841025361757e-05,0.06328665532096683,0.3509163440956271,34.42064075678958,25.0,2
121420,3.873488880460096,1.0,138.86034156100146,1.4467356640090427,1.5144442747914244,0.05776762020712451,0.07686774310307744,0.0,0.06627170617944157,0.7048997520634385,30.40282927213263,56.0,3
139470,1.5954046671017168,1.0,75.0760536177553,1.068784255159413,0.6646784571795217,0.06322975991368103,0.20667737463872096,0.0,0.07298954199416931,0.10363586022119907,29.187262791131673,30.0,2
105646,4.359420279727952,1.0,89.76655166354635,1.8635008037178689,1.236529463082332,0.0973955388973874,0.07499123038645801,0.0,0.11859386596217729,0.46853879156411365,23.049117313205603,2.0,1
61214,5.270402895934253,1.0,99.55237366422129,1.0909488099104507,0.5800188445912715,0.04239344321751032,0.2671982360325522,0.0,0.054376565559365785,0.3922603925171521,20.175706613944172,9.0,1
110782,0.0,0.0,114.21515690612873,1.6633439737814455,0.8931390217637617,0.06218181865209327,0.0949714230421777,0.0,0.13315511246185902,0.6371305844385486,27.28643698998728,12.0,1
154703,0.0,1.0,130.89697402711167,1.4240785193695762,0.5275795784089966,0.04730387785758131,0.23896380348877203,0.0,0.10339044157515012,0.8516759405752526,24.694934568295118,13.0,1
105933,3.873488880460096,0.0,91.23714955938019,1.9511627062983132,0.556120840764112,0.10452341798063405,0.08906753062547003,0.0,0.07866163055322024,0.15689863189189093,26.615467835182418,7.0,1
14171,0.872923795046736,1.0,121.80583914842981,1.5159190404539722,1.331905210558965,0.02829596852094633,0.23474058021231803,0.11145892708385836,0.06566421446421968,0.7812879084874744,24.817572497758313,39.0,2
3062,2.234779091684268,0.0,136.7556696015232,1.4499888131526906,0.8448971249366763,0.0851415328131488,0.2404747550200633,0.0,0.08497450704940865,0.384019149597404,26.10069280366166,44.0,3
5497,4.824000686513771,1.0,129.07708876036526,0.8552135014387723,1.4055865716025768,0.1188449293239063,0.08096813481837377,0.0,0.07298954199416931,0.475744849543228,20.50266947129328,21.0,2
10396,4.359420279727952,0.0,186.4781871159312,1.5495079674127066,0.44035862382797525,0.030557569463256933,0.3692863258497086,0.1486979383007315,0.06869912804803781,0.43689424042349,24.328156796301876,14.0,1
40493,1.5954046671017168,1.0,59.57840494301361,0.4201227557391191,0.02443835467282168,0.03345331143459896,0.3731517753340202,0.1484980924115994,0.07298954199416931,0.12308164179780615,22.03187744513737,23.0,2
155216,1.5954046671017168,1.0,118.71664424762666,1.2862118976616896,1.7218096897646715,0.032054095044992494,0.05248771370758104,0.0,0.07523239892816581,0.8626292624718457,28.828540617330212,8.0,1
76924,6.117892928831929,0.0,81.85435531062443,1.0965276954317247,1.1762754558995927,0.10432098682144851,0.11601985112802114,0.0,0.10999979085255757,0.42054376079082423,30.009721925374205,28.0,2
32529,4.824000686513771,0.0,113.90697204177788,0.21915210979586114,1.044568472103753,0.043549501022233275,0.12593704731803265,1.1099529320763315e-05,0.08229821707572699,0.08615469799833927,31.058596358902633,24.0,2
38437,1.5954046671017168,1.0,109.53317032001728,1.6075736872862627,0.4139711117068804,0.1146152668702922,0.028889647077204258,0.0,0.06464009431785825,0.3858517145013685,32.18079193425126,10.0,1
53838,5.270402895934253,0.0,111.81843177594301,1.6075736872862627,0.5259169346537883,0.044982288551343556,0.1488254969080726,0.0,0.10718886451071041,0.37759984787925627,24.833028598727704,70.0,4
58192,2.234779091684268,1.0,129.9597603161602,0.6352505547361027,0.6007871602881386,0.04718972990883316,0.2569545847468735,0.0,0.12306481658547469,0.5826836339638324,19.97657576733027,34.0,2
3157,4.359420279727952,0.0,104.95234353986277,1.1531530780227583,0.1786750193649265,0.03684347528477961,0.3639533056653995,0.14832221679716667,0.07739805058592603,0.23038562363391338,25.981390603690105,54.0,3
37947,0.0,1.0,193.04384476356782,1.2409790360109807,1.5611583427172575,0.03414355059055638,0.045631865334373974,0.14432141409996868,0.11061603839739241,0.4667357229045698,26.378341091881182,33.0,2
37690,0.0,1.0,95.5710221906395,1.0853850452792237,0.11934197262109546,0.11420119731144057,0.35966488890428205,0.14863161505772862,0.06771854797781018,0.31386999284176065,28.988913050905936,13.0,1
84191,1.5954046671017168,1.0,100.72453981010474,1.4016217618309161,0.6846787275032765,0.07881827414418355,0.3257051775707076,0.0,0.1260085040040869,0.8220912485173626,29.816103936620337,5.0,1
86709,5.701060861471607,0.0,146.01534540875676,0.9330796361672831,1.126352958314032,0.07468068007540363,0.2655899324840549,0.0,0.1253411175128383,0.6693762543425813,28.186546100346547,21.0,2
85382,5.701060861471607,0.0,136.84074585041955,1.1733338226503915,1.4330682921235658,0.0851415328131488,0.04649739313307388,0.14283152377451044,0.10510074374136276,0.19140808741899407,29.145464481974766,20.0,1
151037,4.359420279727952,1.0,168.92205496684068,1.2201731395132756,1.0773968561658953,0.044982288551343556,0.02502350614647099,0.11979510296012887,0.09259922813974525,0.4586141796681728,24.053596634742853,23.0,2
35521,0.872923795046736,0.0,102.46350346123697,1.1274828423974343,1.0973079588623809,0.05631163987576615,0.05095868456766289,0.0,0.11181393054084698,0.2952388627866774,27.274917151630962,37.0,2
123897,5.701060861471607,1.0,131.8483207620273,1.2201731395132756,0.8648633807671563,0.037503497957860635,0.27530300231186905,0.10812278076083233,0.07113757653068406,0.3739279421988962,25.12752067516615,55.0,3
152,3.3619271977508447,1.0,68.96049470976551,0.897488732723847,0.6592628138396347,0.027028571290768577,0.2780110728216572,0.14876792934782157,0.07344443758622808,0.3250138217148678,19.85334866750486,31.0,2
106567,2.81870192439919,1.0,95.40242877612566,1.1588997572047788,0.35241044535141897,0.026953409443536608,0.36860238188452427,0.10125718256430889,0.07610775407689287,0.3315024662333718,25.51964684856704,49.0,3
58567,1.5954046671017168,1.0,88.30316437819836,1.2953652640842788,0.7822887621101576,0.10452341798063405,0.17395390653627266,0.0,0.13666552586755118,0.23795182913777405,21.983978954324744,27.0,2
127032,0.0,0.0,121.78548545404742,0.9511404885049599,1.3464934343650294,0.03880600336970576,0.025948304091180735,0.04637627609682684,0.09162520541474937,0.6858652061907988,26.584522530684236,17.0,1
52432,0.872923795046736,1.0,138.8703290475504,0.7901631590571356,1.1671264680853237,0.03684347528477961,0.20211257541611768,0.12577893261837986,0.06627170617944157,0.5454951065995263,27.264947874748977,69.0,4
149543,0.0,0.0,111.4990031274176,1.7781902494919293,1.1854566026281719,0.061916456303725574,0.1373413159554467,0.05022077303255995,0.08995736455673303,0.6055804699512913,26.32400523868339,55.0,3
50121,0.872923795046736,1.0,163.43224589956424,0.6267561796552508,0.9844757146265559,0.038157654766122096,0.2916676693694916,0.00681651852218226,0.07479010183432175,0.42963382439383313,26.175318482263233,17.0,1
73778,4.359420279727952,1.0,78.81414991035845,0.7390256179332092,0.14550100580073266,0.04438898378389238,0.3717056213181921,0.14859745292575602,0.07344443758622808,0.15015655190271257,20.886237536935,31.0,2
33935,4.824000686513771,1.0,122.86356294155124,1.0909488099104507,1.3562599631415344,0.11507964241929595,0.0702452244124228,1.0499957882332181e-06,0.14053604747606507,0.3647362240112409,28.801357596866094,19.0,1
7004,3.873488880460096,1.0,133.22578027373137,0.5646987472473326,1.716331415385084,0.05223874875548161,0.002986602388962986,0.005864813330088342,0.07654086052747315,0.19045314646990968,26.431146189865856,47.0,3
78730,6.117892928831929,0.0,58.918675310650016,1.456507450130662,0.8035905104059599,0.03763479673457211,0.0010084774410337933,0.14840837001970544,0.07207008747600625,0.37117222363207886,19.36438032932871,12.0,1
25274,0.872923795046736,1.0,160.6138661900425,0.13256433214164437,1.3907019974812584,0.047871617065426426,0.0,0.1479929896671981,0.05940416375632923,0.18758708461990609,31.106898651780355,25.0,2
47984,0.872923795046736,1.0,76.10008915437886,1.4663162944046058,0.9508267515704789,0.10816339972175154,0.1765793395003656,0.0,0.08268848505094586,0.5596918883888553,30.64413104091517,39.0,2
147320,2.81870192439919,0.0,96.61851346341972,1.382531875836705,1.0729939993093416,0.07226092540897922,0.02129722678586382,0.03672814674600689,0.08190524688566762,0.5738519916568867,25.97014930177818,6.0,1
30025,0.872923795046736,0.0,80.03112126186156,1.1733338226503915,1.2648001779253042,0.10980454318077999,0.15058911051770973,0.0,0.06971386977315287,0.12599077882340193,27.507777275869117,21.0,2
107403,1.5954046671017168,1.0,125.29951936586535,1.5259518253987494,1.0250847906186369,0.05506911630049679,0.2872574174773506,0.00017088834675030637,0.08111111514562246,0.4387077377800461,22.535667878096106,46.0,3
147714,3.3619271977508447,1.0,70.18407555852231,0.8332466137621517,0.02071651705137375,0.04288257589490585,0.3755937936401596,0.1488527443441111,0.10133787158252591,0.6476084860628607,25.42281498309573,51.0,3
48632,4.359420279727952,0.0,96.63429234629727,1.0010637611083457,0.5426245627788366,0.03550559855419764,0.2838582084562178,0.0,0.07610775407689287,0.666768452000647,27.48859534167541,21.0,2
108128,2.81870192439919,0.0,89.62302509186223,1.1360051413715428,0.3865840447244628,0.0719035626650213,0.2985503789253701,0.14259676968086224,0.1368618113699408,0.39683299385755855,23.192465134428122,32.0,2
28389,4.824000686513771,1.0,106.65010217265645,1.0523187556135853,0.9259172992484815,0.11214289994463984,0.13170501708479113,0.0,0.07344443758622808,0.5116279940761842,29.53625197137918,28.0,2
48522,4.824000686513771,1.0,134.40555434598483,0.8799567951318898,1.1716969445284566,0.09708557810085501,0.09424038591331747,0.0,0.10363955969640551,0.3240861578407269,23.983459846728724,53.0,3
66347,0.0,1.0,133.8133433841957,0.6895327855205698,1.799404877793913,0.050636785623080244,0.004962882796202298,0.0009961907158109078,0.12051510801643173,0.4423328122524797,28.728450464886592,51.0,3
6365,3.873488880460096,0.0,141.89681913124477,0.9050560474853104,0.8648633807671563,0.06616661355998277,0.1373413159554467,0.0,0.09355379050258464,0.3803519932120896,26.417918569692247,42.0,3
5903,0.0,0.0,114.07135212328872,0.9746235506992239,1.1580096007646004,0.03983142220934665,0.0978759997682047,2.2699803146780336e-06,0.14332453509903822,0.15401045902161728,26.63770699599694,24.0,2
79072,0.872923795046736,1.0,165.87375339269317,1.1218203956730715,0.5765830106954144,0.026953409443536608,0.2603309480928278,0.0,0.09718602680360759,0.3287226888922308,22.85018793163119,34.0,2
152948,0.0,1.0,158.9057199956308,1.035987948999315,1.319804715011444,0.02844379682282684,0.07215307736630519,0.002965912600349943,0.10763668424531088,0.6029433102477434,24.429025671329242,65.0,4
12982,4.824000686513771,1.0,94.69598069066842,1.9089419001378047,1.2039155262962848,0.1038017549402223,0.027789847142669463,0.0,0.09540627374586548,0.5241301357294121,29.100528877761256,69.0,4
13205,5.701060861471607,1.0,103.61526265973363,0.9746235506992239,1.5716316228929437,0.03577509228302261,0.006015374091154946,0.0,0.13691023836234864,0.5870941836445066,27.165118141042036,59.0,3
138887,6.117892928831929,1.0,148.54572592587184,0.894973455755926,1.4130567522589161,0.10808882738822913,0.060842390389807495,0.0,0.09195206939260495,0.44504994222165256,30.954713904404056,10.0,1
129979,0.872923795046736,1.0,141.4088239936748,0.7140754272172378,1.8473386702586734,0.11035256799638082,0.08981251686689971,0.06562043953028128,0.1261174700059207,0.20761071993731683,29.50779892729706,30.0,2
148603,0.872923795046736,1.0,114.79524924858313,1.9204027589315948,0.3865840447244628,0.08115311709967152,0.03460129144604965,1.0499957882332181e-06,0.07207008747600625,0.07252864396479956,24.188682328727204,1.0,1
44322,0.872923795046736,1.0,98.41495508160342,1.3354442055656686,0.2208418052825745,0.11742616998992697,0.1744815277128284,0.016823724306544618,0.11334218617191304,0.31665838257302165,22.20938979623286,33.0,2
110920,6.117892928831929,0.0,148.51605102857158,1.4761622725906902,0.7919429048882065,0.09579709610988524,0.08757148586722448,0.0,0.06874779249788905,0.6936595288584673,22.91492749570709,46.0,3
83773,2.81870192439919,0.0,116.52790232930836,1.3604447167824396,0.25533570836526154,0.04071676728200563,0.3669392649501902,0.14830613545063218,0.07344443758622808,0.23511597741337825,24.73452232076211,41.0,3
76720,3.3619271977508447,1.0,130.4939895276092,1.1218203956730715,1.4255484317321425,0.029178943760520885,0.03683917775901111,0.0,0.09689431395432624,0.6380044771041449,25.521813893744664,15.0,1
54441,3.3619271977508447,0.0,87.47682302664305,1.1937037408317457,0.1467085766595426,0.038157654766122096,0.3499686469037859,0.14643338556933322,0.08608269509259017,0.17610414704469207,21.81833865981273,34.0,2
137757,6.117892928831929,0.0,103.3548444486858,1.8522407310256643,1.3440569354023117,0.10706965946680329,0.009532020620383094,2.079983472138345e-06,0.06747121786729587,0.21331526928243794,30.413285228578545,45.0,3
62053,1.5954046671017168,0.0,108.85092067514114,1.4597729435754092,1.0818076464946016,0.11035256799638082,0.0993166428042023,0.0,0.13215685807976912,0.40870230130966556,20.95824137940629,56.0,3
112993,4.359420279727952,1.0,132.78360785685194,1.3447892366328362,1.54291101289386,0.07044380416764916,0.24783790767316516,0.0,0.12476668575403163,0.5959048078477117,27.80847648215184,5.0,1
64766,0.872923795046736,1.0,95.61843143670978,0.9746235506992239,1.6728123173826326,0.09424935215065408,0.09859728595086668,0.0,0.08961697180144913,0.47214306179705734,28.615845328241697,33.0,2
24785,0.0,1.0,104.79639008605982,1.7346023120600809,1.2225035455976938,0.08412484604572,0.05585783783563089,0.0,0.059955501299521215,0.49640736697300886,25.70030218164925,14.0,1
48102,1.5954046671017168,1.0,157.77366472627764,0.7413141514439969,0.5061055596071057,0.026953409443536608,0.28528427046142996,0.0,0.09689431395432624,0.5765029649516105,27.195741831327457,32.0,2
67974,0.0,1.0,84.21381467037457,1.6214139493243716,0.7707663064582774,0.11702532013016377,0.18426934876289744,1.3099344429888262e-05,0.04933052786583881,0.6797957612726563,34.1917728762683,5.0,1
70843,4.824000686513771,1.0,117.99111794315186,1.6739227970966106,0.9012871754952682,0.0719035626650213,0.2044080949271225,0.0,0.07019179955184995,0.639751861069095,26.625207247784708,39.0,2
61180,0.0,1.0,96.89196208612805,1.489348138354589,0.4995592265814947,0.07007114572550133,0.07215307736630519,0.1365855051450979,0.06370578415960063,0.5035754392914052,33.76439933258584,24.0,2
36608,0.872923795046736,1.0,89.25076627771502,1.2201731395132756,0.6993657939488159,0.10281767652483301,0.003164950033918032,0.011011052016545116,0.06530743506210197,0.25493008433871256,29.081079214841886,31.0,2
156847,6.117892928831929,1.0,88.73987932593664,0.3149566351558883,0.1613257379612461,0.032756846992377936,0.36071807460235344,0.14861803168969095,0.07253143383276514,0.057575934581328994,31.21751580091877,28.0,2
10726,4.359420279727952,1.0,113.30052671743246,0.915196032112578,0.44349653102047515,0.0393845982534776,0.21934173687650124,0.14836185351286132,0.08422295110813957,0.3426056156966485,27.287084073611886,17.0,1
3479,2.234779091684268,0.0,111.80812966445264,1.752687621763492,1.3832875724289047,0.04379041442699696,0.12267420854969888,0.0,0.03662306332385418,0.8110668967352302,26.145352346128977,9.0,1
102722,2.81870192439919,1.0,88.04738345767872,0.6459421267605535,0.28540840916335625,0.04730387785758131,0.3731517753340202,0.14660599389100296,0.11889944029238214,0.6152394809651552,22.564382398469522,46.0,3
50345,4.359420279727952,0.0,115.5646365442787,2.02537712708786,0.6271184303094184,0.08412484604572,0.031168639940720354,0.0,0.11141967447734964,0.2858957051591956,28.17869709165544,56.0,3
6698,5.270402895934253,1.0,136.33017448991225,0.9667630100669081,1.4557398888377278,0.03134499269087866,0.06574385880311132,0.0,0.1340154924426626,0.7126689085118315,23.875514471636997,72.0,4
145164,2.81870192439919,1.0,117.66391161730407,1.310700409278527,1.481128021569572,0.07296675335244636,0.006760908107840576,0.08676659780150073,0.0834609979772711,0.1732287102697829,32.74269938915325,26.0,2
55106,5.270402895934253,1.0,90.61110205514694,1.408017586653165,0.2675395769140122,0.05471635663944622,0.28270721539288424,0.04728826150736808,0.0834609979772711,0.22565033036371449,22.009433746051876,27.0,2
158657,5.270402895934253,0.0,118.31308492018151,1.4305314995612604,1.3882284599771346,0.04052797693875132,0.10003407720918936,3.309581488312611e-05,0.13833327278249974,0.4477656398183121,23.904549182063963,51.0,3
159049,4.359420279727952,0.0,143.93583687999381,1.310700409278527,1.234186749955301,0.08684389572442322,0.15751312861954064,0.0,0.0875253578926078,0.40870230130966556,27.41487240298548,49.0,3
142723,4.824000686513771,1.0,98.4779026671206,1.635322297431103,0.6484815224571175,0.03637793803600697,0.05919019669413417,0.0536021475569539,0.08150955334797905,0.4004880737342039,27.162002550256208,33.0,2
84517,4.359420279727952,0.0,177.31665271453463,0.5426649349516074,0.716031549250245,0.026953409443536608,0.28528427046142996,0.0,0.10785844760529659,0.18089235141197046,26.466838302041513,36.0,2
27207,0.872923795046736,1.0,179.1716263821139,0.2710396899408596,1.1557353982549923,0.04557037994341877,0.0,0.14818982032418188,0.10696278729458521,0.29617216065705904,26.364830506816183,22.0,2
13169,3.873488880460096,0.0,167.63466901169656,1.1388535531640749,1.1489248154734721,0.039448600807730404,0.17022461334284544,0.014176275640349664,0.07697095147323091,0.3858517145013685,25.20368132076617,50.0,3
63269,1.5954046671017168,0.0,167.00746618368376,0.5055018581840881,1.777063188483045,0.06450986144918483,0.0,0.0,0.1005400101632899,0.3628958211781966,27.889138901895393,49.0,3
11718,2.234779091684268,0.0,98.44118394075615,0.9798822134503042,1.4633344786443667,0.04551180395781057,0.23041492083456172,0.003832833090093016,0.08150955334797905,0.38126903601002826,32.15477511349578,27.0,2
28223,3.3619271977508447,1.0,183.9961534718269,0.3279063019121422,0.31203970931051467,0.038157654766122096,0.22227665399240484,0.14743759830632788,0.07434469244013149,0.053631815712302196,22.45838454228531,8.0,1
84734,1.5954046671017168,0.0,153.87357042824095,0.21200651245491403,0.25533570836526154,0.032756846992377936,0.3179583999527761,0.14845377296858217,0.07567160824092482,0.036825947133042346,23.978374133014928,47.0,3
67615,4.359420279727952,0.0,181.02384733797453,1.2142637860645362,0.6288885490015691,0.04239344321751032,0.2847155259014564,0.06634161633312576,0.12135199042106064,0.379434781026071,28.83252931102795,54.0,3
58669,5.270402895934253,0.0,128.7793077149806,1.9319040049871248,0.7977581590258924,0.03932053869617266,0.14465841868461957,0.0002667278667304949,0.07207008747600625,0.5923822294541841,28.686196397596607,6.0,1
2505,4.359420279727952,1.0,120.16070186516374,1.3984299557000819,0.8035905104059599,0.026953409443536608,0.16257276229220186,0.0,0.12665284588910405,0.6178708851250911,25.289499642042195,63.0,4
13666,5.701060861471607,0.0,115.08257319931559,1.5226033909488335,1.1808620069999787,0.07501499474701619,0.19838414786356615,8.0974941115584e-05,0.05873728712785969,0.14726385588242943,33.309112521036205,60.0,3
135223,3.3619271977508447,1.0,139.42946431413193,1.1762322066763853,1.4380918973981762,0.036177528458350545,0.0799678872523985,0.1276978124983628,0.09355379050258464,0.35276125013630455,27.115889304705693,29.0,2
82594,4.824000686513771,1.0,138.00103166106018,0.4436023788930477,1.4155509487585505,0.07821024105866159,0.04038650080234692,0.12089889537674375,0.14128748281769282,0.12889791880300963,30.63516405265674,48.0,3
3173,5.701060861471607,0.0,116.63543030085773,1.2649927397327414,0.8972092364676427,0.031416190501524055,0.1297971916212612,0.04432371533384347,0.06391444984743964,0.2028513616900528,23.334210768484724,38.0,2
50598,4.359420279727952,0.0,99.55237366422129,0.9746235506992239,0.3092074781166739,0.10793809036212502,0.2703660577561017,0.14238902999636535,0.07253143383276514,0.45228862939516046,20.18966482972355,30.0,2
41339,5.270402895934253,0.0,104.44797417551243,1.3730416877687452,1.103980770181698,0.025052050462048257,0.2946215020022468,0.0,0.07066635954166857,0.8042729352165859,22.321520262330598,31.0,2
12973,3.3619271977508447,1.0,114.5950878735165,0.8091720843236079,1.5979622149768788,0.030629476337651843,0.015625372543004,0.0,0.10718886451071041,0.5348231690526993,28.97400873989535,64.0,4
76664,4.359420279727952,1.0,87.54617171157402,1.4048176378816764,1.1648442414606313,0.03841768798409405,0.047705000551381535,1.4199922968874758e-06,0.09833371298734968,0.3821859095722139,30.879023357034264,14.0,1
9091,3.873488880460096,0.0,116.5483849417015,0.9641501397610845,1.5170216896823014,0.11939950605033378,0.3508000342321385,0.0,0.1451150878893356,0.379434781026071,23.911485658290363,24.0,2
55937,3.3619271977508447,1.0,31.516015893585173,0.8576718908979484,0.5869123931257155,0.032054095044992494,0.24819787995466153,0.12944791858781957,0.10581030322960991,0.6711141375205762,30.201763514173066,9.0,1
61258,0.0,0.0,108.51991302033623,1.6423020601527738,0.7460343185053053,0.09829752883170788,0.14704857682625724,0.0,0.07389614600927014,0.31479963689727203,24.86226696559251,45.0,3
34354,0.872923795046736,1.0,121.86180929851339,0.9000075885026969,1.2695403925683402,0.0858828442467042,0.045631865334373974,0.12735141084815144,0.14013689792312828,0.20570758564253153,27.795443222494647,26.0,2
63759,4.824000686513771,1.0,117.30588056110862,1.5059237685634277,0.9217929097588613,0.09389050618719966,0.06166502125087374,0.0,0.07160547706998972,0.7462184204087837,28.55114832343099,9.0,1
84015,1.5954046671017168,1.0,84.41760417875545,2.0650979323486176,0.6701107889329828,0.11124680106042624,0.15751312861954064,0.0,0.041195327936586736,0.17802005621458933,28.565701332187576,19.0,1
121222,0.0,1.0,105.80949737928272,1.826122368673923,1.6972246861723046,0.10281767652483301,0.0011779222306249246,0.1363888249246051,0.11935085950785726,0.5205610680472806,31.003245825022216,6.0,1
83835,0.872923795046736,1.0,75.28319899458452,1.5903688309600632,1.0973079588623809,0.03282677534239687,0.04109109367034031,0.0,0.08030591854684666,0.5268053829272235,25.773830160002753,22.0,2
18445,0.0,0.0,117.99111794315186,1.6492989120715298,0.7067541031969141,0.03331451855029561,0.27316267531591903,0.0,0.07298954199416931,0.08233612464031928,27.289413488103268,32.0,2
82162,0.872923795046736,1.0,104.00051013365939,0.6373823175983337,1.752093072887597,0.061916456303725574,0.0,0.011468359494094787,0.11532226495594795,0.4883316765960209,31.67275140360297,50.0,3
111053,6.117892928831929,0.0,136.40527567143073,1.5293044363985917,0.9217929097588613,0.04027547220123451,0.0036202930481015706,0.0,0.10915962010817792,0.2624558909370821,26.639680275686338,5.0,1
72400,1.5954046671017168,1.0,132.50211560885026,1.0770677015296135,1.0467431886384175,0.032054095044992494,0.21376733495324746,0.0,0.09540627374586548,0.5614638976786368,24.334731656052334,32.0,2
155201,3.3619271977508447,0.0,122.09073980871327,1.4499888131526906,1.0818076464946016,0.050636785623080244,0.19838414786356615,0.0009961907158109078,0.08268848505094586,0.5152030121689768,24.482419434602324,2.0,1
127132,2.81870192439919,1.0,82.18816381617738,1.9705341629668967,1.0510985468541778,0.11058541423287303,0.21069722185364373,0.0,0.040851404408130794,0.48114289466383386,22.141183145489645,10.0,1
88050,0.872923795046736,1.0,82.93584085177265,1.7309982986371468,0.5143288414977084,0.10793809036212502,0.08832052273494422,0.0,0.06677399494927812,0.16939184884033198,26.195682144663177,16.0,1
38238,2.234779091684268,1.0,129.6874849336345,0.7208394540873487,1.5144442747914244,0.02844379682282684,0.0019940376062208094,0.0,0.09660065570186806,0.5694308716311162,29.052570006515914,59.0,3
100585,1.5954046671017168,1.0,128.97111018355233,1.3416702104497014,1.2909720999978591,0.03550559855419764,0.1781395052452503,0.0,0.08961697180144913,0.7479338501661067,27.246038268159726,64.0,4
40560,0.872923795046736,1.0,86.9057314319666,0.7737119535467464,1.6138618224161947,0.10212431892508796,0.010434406921574664,0.0009286905174386298,0.12622580018510962,0.15689863189189093,28.817569764238677,35.0,2
878,1.5954046671017168,1.0,116.37938797857653,0.9798822134503042,1.1671264680853237,0.023421221852930045,0.00035481173654188246,0.0,0.13139465733721323,0.2662142053083389,23.48182665410939,35.0,2
18371,4.824000686513771,0.0,26.812357735267295,1.50925136242719,0.36123690408972214,0.04954523409962817,0.32612116500044036,0.14091938448110186,0.08030591854684666,0.4059657136933484,25.070125996908953,10.0,1
146842,4.359420279727952,1.0,78.41873667468111,0.6829095930719221,1.3832875724289047,0.09800143618007766,0.21636042191977492,0.11145892708385836,0.13567406462223022,0.7393518023357826,24.287701953450256,25.0,2
141857,5.270402895934253,1.0,70.14003549412809,0.16915850430678758,1.2155178905375075,0.05814955297599888,0.009648597169706756,0.14806663858333122,0.12381154675558945,0.07547335618072949,28.3875801742729,13.0,1
105340,3.3619271977508447,0.0,108.08007014394103,1.1733338226503915,1.476033739652881,0.03516737135838585,0.004627744608147192,0.005434182559779189,0.06174699920559377,0.2615158354360752,27.02454437440663,20.0,1
135663,0.0,1.0,94.1049391601686,0.6395173535198868,0.5044662873129322,0.03550559855419764,0.2821283049873707,0.06915675674899666,0.08150955334797905,0.23984141670888795,25.888953175495796,36.0,2
32345,3.873488880460096,1.0,146.9371061832962,0.1705020518467283,0.09282158306930205,0.03684347528477961,0.35453820728294705,0.1481025603478846,0.07344443758622808,0.036825947133042346,20.6392337924963,45.0,3
120622,3.3619271977508447,1.0,119.54868556909015,1.1791344541649518,1.0685990710633249,0.07664561864626834,0.23317963820531065,0.015065401060720823,0.07824336696718033,0.7676263476484754,31.95204183155157,38.0,2
65319,4.359420279727952,1.0,118.27220717979421,1.4728761491942823,1.2529852016303604,0.08086954562732294,0.15637341109399755,0.0,0.13123702703825046,0.5419401255638323,27.672187783322286,65.0,4
56841,0.872923795046736,0.0,71.59130059327956,1.0117429819484791,1.0358893422160114,0.08754475966298475,0.0014070342200150068,2.9896584942709812e-05,0.13075335469188817,0.26433542927204406,32.18414416135084,3.0,1
55058,5.270402895934253,1.0,111.57114360277883,1.0660306262012467,1.3343314548273377,0.029907481693841425,0.026870414285047127,0.0,0.09029545927515505,0.6152394809651552,26.106428126141658,47.0,3
115066,4.359420279727952,1.0,124.61509726313311,0.7760517866541442,0.9094662464472685,0.03550559855419764,0.1614580741411667,0.0,0.0912961293942096,0.7898109046633108,25.121087035235135,7.0,1
130996,0.872923795046736,1.0,89.35714849920492,0.8067838170617007,0.7012100698643479,0.03226558454660768,0.02297943813662346,0.14719334446336607,0.14392350083269212,0.09876026245068067,24.342983502835626,41.0,3
20969,2.81870192439919,0.0,125.58327065547012,0.8849480810453934,0.3436461415696114,0.036177528458350545,0.1847723004118197,0.0,0.0623879865240673,0.12986652282760713,27.798126881354396,8.0,1
123549,0.0,0.0,97.1390227975704,0.8067838170617007,0.7650306132434314,0.026953409443536608,0.3293968198283105,0.1484980924115994,0.13200780581487184,0.15689863189189093,25.056414817058926,40.0,2
13605,0.0,1.0,103.32879747428181,0.8454152376174606,0.5309102739761682,0.05276348676969412,0.373801201041412,0.1463024408802034,0.08858182813778119,0.4223630722672164,22.69776657291729,27.0,2
105891,6.117892928831929,0.0,100.08113767102881,1.688088075804631,0.36863987357613676,0.06657208594270177,0.29435554691593196,0.0,0.08422295110813957,0.599425165844399,25.30584955003148,21.0,2
13358,3.873488880460096,1.0,86.76153975488639,0.5546359185885782,0.010583710666101432,0.035235138009384284,0.3753400103877654,0.14843120878913402,0.050512798457057986,0.09836996771644067,19.53475944370837,36.0,2
52506,0.0,0.0,71.94249016756527,2.0690952261837947,0.7745995549638897,0.10076992777346946,0.01866278106540605,0.0,0.07654086052747315,0.2624558909370821,27.281001074728067,25.0,2
79454,5.701060861471607,0.0,138.62560597654132,1.837289396713911,0.9321184334126422,0.07664561864626834,0.226390801977457,1.919985917168298e-06,0.07479010183432175,0.5259137815807644,20.170311940827442,6.0,1
117828,2.81870192439919,0.0,132.99969568404467,1.3076254137645986,1.4280529796370869,0.06616661355998277,0.0019145044746599336,2.269803158646972e-05,0.14575108769268186,0.4359872512326654,24.186435082724604,15.0,1
66229,4.359420279727952,1.0,124.98018916119193,1.2831687122254798,1.4785798387800124,0.07468068007540363,0.10849580240222706,0.0,0.08497450704940865,0.5232380909858012,27.289154670960798,46.0,3
140042,0.0,1.0,84.4390516246566,1.1218203956730715,0.5612118533538111,0.03482762600454365,0.29408908075890394,0.0,0.10829773278800112,0.5923822294541841,25.260188115989784,45.0,3
89111,1.5954046671017168,1.0,132.15012978864343,0.9433783587917097,1.6620176809780942,0.04557037994341877,0.006927442155667886,0.0,0.11239606234866689,0.46312771325061475,27.37072869882238,37.0,2
96870,3.873488880460096,1.0,91.00377999382998,1.1560244956058299,1.0751944363573847,0.05234406254322457,0.1416366259819575,4.049373454828876e-05,0.12654701746975344,0.15786092743258234,23.48426250713174,44.0,3
94201,1.5954046671017168,0.0,105.28493366147377,1.2350149125555943,0.5011931214681938,0.041092841861565026,0.06133624528766219,0.0,0.06147828612666972,0.5169896259943355,29.27764455179182,69.0,4
139722,3.873488880460096,0.0,101.34646003023437,0.6807085260360416,0.7030562129490128,0.04385050974019494,0.06582485657514085,6.099857850604119e-06,0.06697391089549902,0.3426056156966485,20.81158095972675,29.0,2
29601,3.873488880460096,1.0,73.73307898020074,0.44177827531720376,0.08244833408611002,0.02997997452818506,0.34845482333339056,0.148710890826415,0.08190524688566762,0.35829179556682933,26.25006560141218,22.0,2
51923,0.0,1.0,92.01620029508922,1.4926549618789116,0.47687246253654997,0.08933383591792979,0.2675179293847566,0.14818982032418188,0.12393343090235127,0.555259355923415,28.172999295742418,1.0,1
132996,5.270402895934253,0.0,86.63868285424032,1.408017586653165,1.4709477900653012,0.11539818071930037,0.2404747550200633,0.009628717289747853,0.13375726721458914,0.39683299385755855,30.123450892871528,1.0,1
144736,6.117892928831929,1.0,134.6563783990595,1.1646618235594426,1.1580096007646004,0.10281767652483301,0.008880373055813805,0.0,0.10581030322960991,0.31944514756429193,29.808429036989537,12.0,1
103050,6.117892928831929,0.0,94.8963929021066,0.9667630100669081,1.4557398888377278,0.059651224241981105,0.2048640371828363,0.14249366636250316,0.1199400574388863,0.4730437411412784,26.0511733576882,25.0,2
151279,0.872923795046736,1.0,108.85609152701484,0.894973455755926,1.7081300168957543,0.05117544300866493,0.060842390389807495,0.0,0.11061603839739241,0.6003049092046717,28.60318963717327,48.0,3
155384,0.0,0.0,71.0750460549262,1.6248846462339144,0.48009200488394477,0.06322975991368103,0.20211257541611768,0.14380853079232675,0.06627170617944157,0.49461383429655437,27.896406010878366,19.0,1
102049,2.234779091684268,1.0,116.43060288460472,1.0577922600757719,0.6324343108852805,0.025435779189136993,0.26133027192518365,0.0,0.1110204011529758,0.5428290888758212,24.90924780649935,14.0,1
128073,1.5954046671017168,1.0,106.75381475036878,1.1995585970342593,0.8789540273492653,0.03134499269087866,0.21636042191977492,0.0,0.06627170617944157,0.5508232274881332,26.312200309273457,7.0,1
74257,5.270402895934253,0.0,110.38512932469227,1.3667351240154904,0.8992472401295339,0.11160832397974157,0.11736465633327059,0.0017186230754559358,0.06510275914425293,0.5259137815807644,35.94968135390383,17.0,1
3113,6.117892928831929,0.0,39.90542606798306,1.4663162944046058,0.09304857389259581,0.11942012055617036,0.16257276229220186,0.0,0.144579474266893,0.3509163440956271,25.874330237806813,6.0,1
9714,0.0,1.0,119.70683264231428,1.0441365530273317,0.903329043187519,0.044982288551343556,0.20847417397657522,0.0,0.0652563208801996,0.3213020905324471,23.76013133666882,55.0,3
79205,1.5954046671017168,1.0,100.89705990904596,1.5360221992945484,0.8349858419672646,0.03796202019659711,0.15175752601352488,6.1698545694878e-06,0.06791578006764001,0.3601339240615556,28.565325025073086,16.0,1
116546,4.824000686513771,1.0,115.41594560912745,1.4176418973042995,1.8445017682915805,0.0853906261142464,0.01676774829883497,0.06659747084096601,0.1369584106580656,0.0869375575713364,24.487991262150526,37.0,2
17021,6.117892928831929,1.0,101.34646003023437,1.5026003343861656,0.8769353064372962,0.026576577269376928,0.13485229153255027,0.0,0.057556252481921,0.37759984787925627,23.904690756395894,6.0,1
95965,5.270402895934253,1.0,98.74012248414,1.338555201025666,1.4734897236080668,0.02997997452818506,0.059934830629756436,0.0,0.10696278729458521,0.39043018103571125,23.198822279526127,4.0,1
5587,5.701060861471607,1.0,72.94533379185074,1.4532460742582065,0.6610661750968433,0.08412484604572,0.20025699425502924,0.0,0.10915962010817792,0.7273162537818824,28.557798171494362,28.0,2
41165,0.0,1.0,125.47687468837626,1.7238032976844435,0.9760166024735442,0.044090360401503007,0.13422605430153228,3.7494628338429414e-05,0.06652329787396519,0.7100803242379972,19.68948467785967,40.0,2
154487,2.81870192439919,0.0,105.99119011328908,0.48639265456573033,0.04228299070706411,0.041342447356368994,0.3753400103877654,0.14736650942860754,0.07066635954166857,0.4223630722672164,21.155596158953283,10.0,1
35721,2.81870192439919,0.0,110.31803948397477,2.443595599013753,0.5731544633651487,0.06301320712968767,0.1304347681620652,0.0016396485711808724,0.1028873097127769,0.7479338501661067,26.498801215647898,27.0,2
140563,5.270402895934253,1.0,99.05989607516884,0.6183139566629519,0.6147791006233524,0.029907481693841425,0.33529747315535713,0.0,0.1028873097127769,0.43144989461358074,25.726039729997932,34.0,2
114972,5.270402895934253,1.0,84.19772303325634,0.6036650358901219,1.7910106182138636,0.06366010318565381,0.025948304091180735,0.011468359494094787,0.11497228316209064,0.3821859095722139,29.95523589312821,47.0,3
96006,5.270402895934253,0.0,75.78981860919421,1.310700409278527,0.5192843709763387,0.05752756983506813,0.14525821594835667,0.0274750462149715,0.0694254831739047,0.5906201054722333,20.64751466866175,43.0,3
114320,0.872923795046736,0.0,99.89271320185972,1.5835165182702335,0.4063067360061781,0.11702532013016377,0.1071041786982304,0.0,0.05945947658976187,0.4784445662216481,25.270142986463117,30.0,2
116912,4.824000686513771,1.0,139.69394308356914,0.5789202739654,0.9972231075729378,0.029178943760520885,0.1832598522183656,0.011468359494094787,0.11935085950785726,0.46763733513873956,25.10931195059528,34.0,2
49434,3.873488880460096,0.0,114.7080055610004,1.5159190404539722,0.6271184303094184,0.057575662834278916,0.1133089973400213,0.0,0.06006529268604362,0.4232724839940975,29.416917782624875,20.0,1
1826,4.359420279727952,0.0,187.27736632883597,1.0881650388686348,1.3246387704294853,0.026198033914667747,0.0009985074216367666,0.14755211061393636,0.07066635954166857,0.5658914195524049,28.77103657712036,58.0,3
39843,6.117892928831929,0.0,103.79229362560926,1.0224814030232345,0.9993545321705947,0.0977007986551314,0.2797896221963635,0.0,0.09386772939038489,0.7298973410881702,30.892816352582035,26.0,2
55987,5.701060861471607,0.0,133.73301471861652,1.0387004217770066,1.0294007007666441,0.11228194452486069,0.02409600998560086,0.0,0.10510074374136276,0.5383828155329159,26.774548597494583,22.0,2
110868,1.5954046671017168,1.0,109.92054142662494,0.7996398684795895,0.776519017031305,0.03134499269087866,0.28067097514130473,0.12735141084815144,0.09747580878089683,0.6806632116178793,26.921366110773914,42.0,3
57458,5.270402895934253,1.0,97.74315544579851,1.274062926972884,1.1580096007646004,0.05223874875548161,0.29139601967277307,0.0009961907158109078,0.05772607159203345,0.6589379823386252,24.88624710105421,43.0,3
113718,2.81870192439919,1.0,134.31022362945706,0.6099237123615296,0.9570978852161511,0.03880600336970576,0.08379560804947994,0.10419795979212136,0.10581030322960991,0.23795182913777405,22.294228054609256,12.0,1
48876,1.5954046671017168,1.0,120.19638902837428,1.347912282370425,1.3587067315067167,0.0431865287142909,0.20622559862988302,0.0,0.1110204011529758,0.5089451600367382,26.32400523868339,52.0,3
7284,2.234779091684268,1.0,107.38615031048039,0.8576718908979484,0.666487379299709,0.032054095044992494,0.1558014307814477,0.0,0.08268848505094586,0.5711997449849593,27.781638755832933,41.0,3
136186,5.270402895934253,1.0,166.6280633245462,0.9563334199741291,1.1511930062111049,0.02770197444137078,0.26363808924697757,0.14855554980531355,0.128645412749902,0.08605683009437633,27.114979492571855,28.0,2
109122,5.701060861471607,1.0,44.68979508407216,0.8527586441232778,0.032780357611208975,0.060112080397729396,0.375466997075387,0.1488819281952906,0.07523239892816581,0.5932630825882477,20.225165810323695,53.0,3
19109,3.3619271977508447,1.0,129.63705458735447,1.6006790321669766,0.7460343185053053,0.05009339799691467,0.31087190645524865,0.005864813330088342,0.10673525114395638,0.7333370560811653,24.0047836564917,51.0,3
593,2.81870192439919,0.0,71.13548629737187,0.5932984666691752,0.9950936437439697,0.061916456303725574,0.3179583999527761,0.09719884014856241,0.13155052839365755,0.40870230130966556,22.703483806016184,58.0,3
150751,0.872923795046736,1.0,121.51575300176495,0.894973455755926,0.6200563553337668,0.04379041442699696,0.22557525993315777,0.06081100334518816,0.09660065570186806,0.16266919995123785,24.55144957803514,35.0,2
25766,0.0,1.0,150.21110802813897,1.0632807525460788,1.3513725909920593,0.028665038788637076,0.02456009599912757,0.003958971000272945,0.10650624542551308,0.6797957612726563,25.840635872855604,19.0,1
72615,0.0,1.0,125.64406255699815,0.9485494790226465,1.4633344786443667,0.0689341804959577,0.17553296004468336,0.0,0.11141967447734964,0.5152030121689768,26.658092760110794,67.0,4
98212,4.359420279727952,1.0,50.506247318870315,1.814995089313839,1.6945036831477611,0.08253683745040954,0.025578708028316563,0.0,0.1225519383900256,0.6624195015311976,25.967472314151973,15.0,1
6253,0.0,1.0,121.48521185593013,0.8405372437315713,0.8769353064372962,0.032054095044992494,0.04038650080234692,0.0,0.09417957066797655,0.3803519932120896,29.845329265799467,18.0,1
27276,0.0,1.0,115.48260355272433,0.9746235506992239,1.0751944363573847,0.041342447356368994,0.009493152566618222,0.07573354737493142,0.11407800504076084,0.3110799737441455,27.03275057870259,10.0,1
107596,3.873488880460096,0.0,108.0748940007174,1.3292342453589678,0.4032532494108121,0.03604362302059359,0.009736002410112547,0.14772552432777777,0.054140324200997486,0.7066271145340868,26.63454954162819,20.0,1
2392,0.0,0.0,112.45175139853583,1.978314396768651,1.139872073704656,0.09915929004532116,0.1488254969080726,0.0,0.10133787158252591,0.5720839688793614,29.83753776142038,39.0,2
34043,1.5954046671017168,1.0,124.3107370267447,0.178617002239422,1.7327918798529205,0.04071676728200563,0.22516613192824542,0.14888769707363225,0.14501973176703972,0.004996779219183891,20.93472287485863,14.0,1
155469,4.359420279727952,1.0,94.95439568393542,1.9242320163545066,0.7707663064582774,0.10845647711077161,0.10359265120566807,0.0,0.0652563208801996,0.45771100209068194,26.263616295763835,55.0,3
20657,5.270402895934253,1.0,129.66227011158497,0.5288420113742089,1.6728123173826326,0.08029540932132537,0.008880373055813805,0.0,0.10979175009966557,0.6815305328788934,30.01530018647301,45.0,3
18176,4.359420279727952,1.0,129.6572270629189,0.9511404885049599,1.2178444213202304,0.029907481693841425,0.0341517760422906,0.002965912600349943,0.09917475099732172,0.6780604729547725,24.264444296859708,55.0,3
6137,3.3619271977508447,1.0,119.31396052461444,1.0523187556135853,1.378354930922237,0.06408679225719048,0.11601985112802114,0.0,0.07782218133052284,0.3398322134003418,26.286853972048267,49.0,3
14377,4.359420279727952,1.0,111.10726679086811,1.1105412085910351,0.3177246618719395,0.025435779189136993,0.3317940177903035,0.0,0.07434469244013149,0.5107338658349185,22.9241035336629,34.0,2
145459,6.117892928831929,1.0,84.95891507264781,0.5171158889397719,1.777063188483045,0.0851415328131488,0.004962882796202298,0.12577893261837986,0.09999929605428569,0.45319275256535035,24.570632195113664,9.0,1
149325,4.824000686513771,0.0,101.64416138649453,0.8043990271576443,0.7479254660277699,0.11046979282060683,0.22516613192824542,3.0999632876556927e-06,0.09833371298734968,0.46312771325061475,23.304122286280588,29.0,2
153344,0.0,1.0,141.07007329409777,0.7006382405716461,0.3134583851303576,0.028591358109303147,0.3379483210404142,0.0,0.08268848505094586,0.25869452132756765,27.834785860381093,36.0,2
83201,3.3619271977508447,1.0,92.68850048764065,1.0881650388686348,0.5731544633651487,0.06697413709052649,0.3000907802279664,0.04098372227098399,0.09718602680360759,0.5463834888224122,25.966803037955717,48.0,3
53700,4.359420279727952,1.0,35.09352589258477,0.6829095930719221,1.3489319860322233,0.11410059491550721,0.04021010007808294,0.0,0.13987808111748654,0.7667714817611202,19.47991729462241,4.0,1
12858,2.81870192439919,1.0,95.43931221732528,0.5486362213143707,0.03593400836537351,0.03482762600454365,0.375466997075387,0.14864509091371522,0.05828948169065652,0.19045314646990968,17.64851681811368,50.0,3
65572,3.873488880460096,0.0,90.83930925711876,1.2083700310814445,0.7141723179935984,0.06056899457987591,0.19601848270027006,0.0,0.0807099107755365,0.601184514321482,22.792342836826815,19.0,1
104938,1.5954046671017168,0.0,94.81201618389909,0.9459621033695175,0.9383370423726153,0.0685487630522728,0.09642761173667264,0.0,0.06727271957900667,0.28121715024146815,32.05149011550067,6.0,1
157874,3.873488880460096,0.0,115.99004918877532,1.035987948999315,0.7822887621101576,0.048097319744238816,0.16478578751621065,0.0,0.06566421446421968,0.6449908092028069,30.40547353992074,33.0,2
78902,5.701060861471607,1.0,110.16835650124388,1.433764130961678,0.7012100698643479,0.08058365006988354,0.20981104117612712,0.0,0.11371239933650804,0.8203964651635863,24.52015179970477,30.0,2
46455,2.81870192439919,1.0,122.10091307141181,0.9356488839762348,1.0078998505255499,0.040085503505564654,0.026870414285047127,0.0,0.07824336696718033,0.4999926128156961,25.124783092536795,51.0,3
15983,5.270402895934253,0.0,94.22107832267037,0.7830919477975231,1.1286011489630472,0.07296675335244636,0.015243683732244764,0.0005568124174426961,0.1192013035939258,0.2971052741693927,29.179227835313892,16.0,1
136721,3.873488880460096,1.0,122.3399498502747,0.6545544784683045,1.2131933798627534,0.029178943760520885,0.018473777957743368,0.0,0.08030591854684666,0.3628958211781966,28.731199257499327,44.0,3
90052,5.270402895934253,1.0,109.17144717085728,0.3953989566038604,0.23529773667628084,0.029907481693841425,0.3636637941738934,0.11582139301496633,0.09162520541474937,0.4223630722672164,22.471966310257788,1.0,1
14033,2.81870192439919,1.0,128.1885007550887,1.489348138354589,0.8668705620052803,0.10348094851633399,0.27590901786834404,0.0,0.1220266290353647,0.5588056688922406,21.541644057162063,11.0,1
65022,4.359420279727952,0.0,84.00995485094042,1.4761622725906902,1.208550416448057,0.02770197444137078,0.044241879673769094,0.00023878193301206667,0.14102071554914306,0.7376339196406687,28.840630184274172,42.0,3
114815,6.117892928831929,1.0,109.38850158513837,1.955027965828709,0.8016444925314857,0.05640988448350998,0.09642761173667264,0.03694538811018588,0.07344443758622808,0.4504799087144882,25.97108620316692,6.0,1
104518,6.117892928831929,1.0,94.67488114835908,1.0037280259604542,1.2178444213202304,0.09389050618719966,0.019040454878118153,1.63989725512302e-05,0.06297072826400497,0.3453774353206826,30.154405863257125,10.0,1
47437,0.872923795046736,1.0,82.68851490320431,1.249954663221884,0.971798776571637,0.03345331143459896,0.0,0.0,0.07523239892816581,0.4694400923118106,27.286566407548573,52.0,3
62144,4.359420279727952,1.0,75.18508762392625,1.4597729435754092,1.208550416448057,0.10315298150069982,0.08682041266096152,0.12826203256662927,0.128645412749902,0.27465930423277096,22.46547137125387,19.0,1
74582,2.81870192439919,0.0,169.1065456446709,1.2439669833584739,1.6890680687112196,0.04438898378389238,0.07671184000471636,0.08370549985994641,0.09479702346996888,0.7795818849243831,25.524251670347656,7.0,1
93373,5.701060861471607,0.0,108.01277751723912,1.6668659552267933,1.2388742016849947,0.09858915255184081,0.16312805578940295,0.0,0.10785844760529659,0.3352063471934248,25.178402917776616,61.0,4
63387,0.0,0.0,102.0669966159134,1.0605346314265924,1.1241067643567022,0.04379041442699696,0.07452016071660737,0.002789864842489618,0.07389614600927014,0.3463010242500451,29.80830720227669,7.0,1
127643,5.701060861471607,1.0,115.99004918877532,1.1704392993079824,1.2766659695073987,0.03809250140100743,0.03764088272806953,0.0,0.11020651288205074,0.5259137815807644,22.457941565526422,8.0,1
51275,0.0,1.0,126.47446431929485,0.7118274915660402,1.079601259342487,0.032054095044992494,0.008880373055813805,0.04959150707695649,0.0807099107755365,0.09876026245068067,25.671714347452365,28.0,2
12230,3.3619271977508447,1.0,121.25611821132479,0.6057480280565445,0.43722778157262376,0.02770197444137078,0.35485671654693723,0.002965912600349943,0.12757809509702486,0.3342806431153462,22.510024890617537,28.0,2
25701,2.81870192439919,1.0,144.2040809049715,0.8454152376174606,1.0773968561658953,0.0461533086282955,0.2351286933140305,0.0,0.12429477370514681,0.6266333978237972,21.168811712233286,51.0,3
47495,6.117892928831929,0.0,121.18483200310365,1.7818509781400034,0.9929661400695023,0.040085503505564654,0.06493263849957365,0.0,0.05772607159203345,0.7281767403020308,23.764537875031642,11.0,1
63460,2.81870192439919,1.0,140.1877774683686,1.767234330366132,0.585186269256022,0.05680116751690537,0.241972737467687,0.0,0.09630503739313614,0.40779027040891674,26.23823807095143,43.0,3
60089,3.873488880460096,1.0,67.47925171122142,0.6567157965186239,0.5359198474324859,0.10401173324475396,0.25454890318941586,0.033036169012816585,0.1384950913702589,0.4550005252381872,28.470764567473317,2.0,1
81696,4.359420279727952,0.0,84.7445934851978,1.962772026906056,0.7517134112457518,0.09258961304742667,0.28037777348200726,0.0,0.06627170617944157,0.4050531875874435,27.936415729228983,23.0,2
111966,0.0,1.0,171.0661953294215,1.456507450130662,1.088438717875863,0.06816008079340606,0.07842206986670712,0.003939573289650818,0.09323773806836998,0.6231300200369565,28.907372046860456,40.0,2
96341,0.0,0.0,108.6078509891076,0.9825170437964712,0.48009200488394477,0.036177528458350545,0.3138925520714904,0.0,0.11277808358501228,0.5844482742465293,25.78472602699002,30.0,2
75914,2.234779091684268,1.0,116.97840102601987,0.5190624428324827,1.8416670275191742,0.10808882738822913,0.0,0.001984806558653298,0.13545220119030235,0.20475571420411642,27.50880692046267,37.0,2
133415,1.5954046671017168,1.0,107.87299675182082,1.2231336726202555,0.449793561881308,0.03414355059055638,0.3444821583610922,0.0,0.090631273449164,0.5026799590533929,26.172522629497625,27.0,2
40558,0.0,1.0,123.28019166636605,1.767234330366132,0.8548562783934225,0.04798456751842339,0.12333016422336632,4.1293484594396734e-05,0.12464975206108977,0.27840777189583293,22.014671983872642,33.0,2
21953,3.3619271977508447,0.0,117.290532882157,1.1077309178046657,1.6890680687112196,0.040085503505564654,0.0,0.0,0.11200919934125854,0.6510968640924567,24.14328867042122,24.0,2
59457,4.359420279727952,1.0,97.88491791097702,1.8785764755549763,0.9696927940084842,0.06776810307407538,0.028706613028225754,0.006844958227609845,0.1283610048523297,0.7178426855050967,22.465914248129486,50.0,3
26695,5.270402895934253,1.0,136.3752359098381,1.867263047261125,0.6755598265644066,0.1092211821840213,0.14645328997075285,0.0,0.1176543571357466,0.6126068486236221,28.561812662022486,57.0,3
53327,3.3619271977508447,1.0,59.268405285061014,0.6204196326368729,0.0024746259196031903,0.040085503505564654,0.3755937936401596,0.14865178882548147,0.06722300668770007,0.48114289466383386,17.414457444016666,44.0,3
119,3.873488880460096,1.0,91.45453093346991,0.536721986690365,0.8192271637225136,0.06513775217174007,0.1458565046907266,0.0,0.12633349872524277,0.11822862398498821,26.650597293099572,44.0,3
5699,2.81870192439919,1.0,106.2039735795098,1.2439669833584739,0.8608547809331345,0.10247485139026782,0.07842206986670712,0.0,0.1231911327681001,0.2896351940766277,25.842784610922404,31.0,2
18249,4.359420279727952,1.0,90.7278694590958,1.2710355796097998,0.5110341419887489,0.037503497957860635,0.03950348483126515,0.14784812917141846,0.1199400574388863,0.219012573347335,29.434126236972947,17.0,1
54695,2.234779091684268,0.0,107.94030183177394,1.4597729435754092,0.8468851234775537,0.044982288551343556,0.2985503789253701,0.0,0.08111111514562246,0.5950243716781197,27.28371912459049,4.0,1
159635,1.5954046671017168,1.0,140.9704185599466,0.977251050003743,1.7493293362478723,0.04324715800843056,0.012077529782783506,1.0399958679150386e-06,0.07113757653068406,0.6919283533734552,22.459565784908143,3.0,1
83730,0.0,0.0,116.13351151396863,0.5506329600414857,0.25129798432132566,0.041342447356368994,0.359057790365652,0.14372321092574114,0.1005400101632899,0.15786092743258234,26.20526132280462,49.0,3
45768,5.270402895934253,0.0,112.47748529359838,1.433764130961678,0.7669406212233013,0.08307477277729898,0.16697724760173577,0.011468359494094787,0.12883231270653828,0.49461383429655437,27.718308323095858,8.0,1
158263,6.117892928831929,1.0,164.2905335207286,0.9459621033695175,1.0532791897548954,0.10200572894442908,0.30136114710807355,0.0,0.11566792219410234,0.6275089041868975,29.97635879746373,13.0,1
109198,6.117892928831929,0.0,108.2094622134528,1.1133552989984767,1.810627357456136,0.03317547616112335,0.002460911674831338,0.14876792934782157,0.06727271957900667,0.050473737460738716,27.286178153610113,26.0,2
7316,1.5954046671017168,1.0,121.37321825041565,0.7299054380798758,1.79660463980821,0.0997124288993236,0.0009985074216367666,0.0,0.1415167102922923,0.24173022192994606,28.56243989134939,24.0,2
67450,6.117892928831929,0.0,113.9172467904215,1.351039350458107,1.378354930922237,0.06551066093324172,0.0844032078558397,0.00032359933825335695,0.07389614600927014,0.652840258681475,24.338508159778588,46.0,3
147289,1.5954046671017168,1.0,116.44596672792511,1.2649927397327414,1.5403126485640692,0.043609809300476046,0.0019244471542006578,0.0062844538328802714,0.05856966329085213,0.41963386075746517,27.026107591743493,36.0,2
47901,5.701060861471607,1.0,40.73296614142355,0.9407982425356697,0.44035862382797525,0.037503497957860635,0.3201606123038974,0.13833355630017338,0.10080771222471868,0.4928196937814543,23.23910505766593,30.0,2
109372,4.359420279727952,0.0,117.96044787005182,1.2801294904916005,0.6810255875210611,0.09296857348240582,0.2517559697250103,0.03816745169302313,0.07989911657905567,0.28870060070904596,27.582743969432652,48.0,3
146222,1.5954046671017168,0.0,106.79011074980468,1.2649927397327414,1.139872073704656,0.03462304693822591,0.020264841467197262,0.04857521550991824,0.05490560291793002,0.07812178544891751,22.471671113154972,31.0,2
131736,3.873488880460096,0.0,170.83838250354316,1.5427567021324977,0.7861447309043834,0.07600145917456508,0.02622521888833698,0.0,0.08307607176161669,0.3175874845356611,30.163108026325013,1.0,1
75141,4.824000686513771,0.0,110.63795405639635,0.8454152376174606,0.8568538604471809,0.05531977924046881,0.27530300231186905,0.0,0.13791378333719279,0.45228862939516046,28.508086905763605,11.0,1
54605,0.0,1.0,96.76051017367587,0.6545544784683045,0.9053728438287705,0.03414355059055638,0.32465874438882003,0.0,0.09861591438912895,0.7290371027083983,24.595498904814693,34.0,2
8657,3.873488880460096,0.0,113.4136279349017,1.4016217618309161,0.7517134112457518,0.10390712915025974,0.10217491408483344,0.0,0.08961697180144913,0.5525981112890355,22.305355306562948,10.0,1
23912,4.359420279727952,1.0,94.12077752280646,1.8785764755549763,1.208550416448057,0.040085503505564654,0.2382034174387412,0.001984806558653298,0.07824336696718033,0.8457701312909116,25.144489177400246,37.0,2
10084,3.873488880460096,1.0,150.8577666254142,1.818699770638293,1.0250847906186369,0.028959096633576646,0.28067097514130473,0.1346956684792177,0.05749956415118494,0.8254794341360275,25.083558024179784,64.0,4
90030,0.0,1.0,110.34384395905124,0.5830123021618808,1.6863534561629305,0.06534527571603274,0.23317963820531065,0.042361366366486,0.1455579926336506,0.5800356203400376,28.541234321452492,29.0,2
45084,2.234779091684268,1.0,72.31536219772943,1.0993228154521477,1.1106714973128837,0.10874140811719965,0.32465874438882003,0.0,0.08229821707572699,0.5241301357294121,29.527301097190616,64.0,4
123785,4.824000686513771,0.0,163.03702134906672,0.9667630100669081,0.9993545321705947,0.03684347528477961,0.14764237027396704,0.0,0.0875253578926078,0.6884644671359176,24.23682376522129,9.0,1
73886,1.5954046671017168,1.0,66.04890289582666,1.6492989120715298,0.8035905104059599,0.11145548955579519,0.03424173099921232,0.0,0.1225519383900256,0.17226981097642582,23.207200358480986,16.0,1
31592,0.872923795046736,0.0,99.80895270184816,1.1077309178046657,1.0928693631362019,0.06931636345747896,0.15407694726749513,0.0,0.12901708090428082,0.43235768782226963,23.665613212008,43.0,3
36938,3.3619271977508447,1.0,151.80482400202982,0.5953653373173764,1.7135954813782412,0.10235887299442069,0.0760092135931462,0.14312178860368255,0.07344443758622808,0.10168630609411251,32.195586163053235,4.0,1
26508,4.824000686513771,0.0,112.45175139853583,0.5426649349516074,0.12876435195743602,0.032756846992377936,0.37023507737824185,0.1480023296960682,0.06677399494927812,0.05461820721445772,24.622291444723587,33.0,2
10464,1.5954046671017168,1.0,111.74631414434971,1.1189948897666122,1.2225035455976938,0.032054095044992494,0.03950348483126515,0.0,0.12464975206108977,0.5765029649516105,24.951768103832038,60.0,3
151602,2.234779091684268,1.0,92.48741297339525,1.0278728688856018,0.8749185103672998,0.026349657147987843,0.028156872954833594,0.0,0.11407800504076084,0.43961424622178924,25.678998204666126,27.0,2
149319,3.3619271977508447,1.0,104.36474582461088,1.1560244956058299,1.2201729728079924,0.11218955999206842,0.18527405936558464,0.0,0.11566792219410234,0.6003049092046717,23.17020586814755,34.0,2
68479,5.270402895934253,1.0,132.6127120540863,0.7901631590571356,0.26890397549880163,0.025588783791389107,0.3602681406755159,3.649491099261978e-05,0.07567160824092482,0.12308164179780615,28.03868327444739,21.0,2
38672,1.5954046671017168,0.0,96.13444871169546,0.7760517866541442,0.8016444925314857,0.03550559855419764,0.21549995852740508,0.015065401060720823,0.12717284007352847,0.44414439156625246,29.399456453996656,50.0,3
54523,5.701060861471607,1.0,112.45689824491672,2.1093213954162473,0.5765830106954144,0.11655140723464971,0.0032441849541552915,0.0,0.05336777299748834,0.15304730520534188,28.812332668848182,2.0,1
74844,0.0,1.0,68.65687993622231,1.5596663441426157,0.9591921604105726,0.09181366582891372,0.05752870250965461,0.0,0.059955501299521215,0.5374931232470989,27.14538195326363,32.0,2
57491,4.824000686513771,1.0,180.0523737275286,1.116173191799425,0.6628713893276507,0.05431056943270107,0.2832838458935142,0.0,0.09917475099732172,0.5089451600367382,27.54482794818114,22.0,2
58574,3.3619271977508447,1.0,106.4633831893349,0.8824506569237538,0.08863366410227963,0.03120240458736984,0.3390651291819761,0.14613203178735013,0.07523239892816581,0.20761071993731683,24.95231820648444,44.0,3
106114,5.270402895934253,1.0,58.353973333447264,0.6939649337958178,0.8608547809331345,0.09181366582891372,0.04126698976593212,0.14649712909335752,0.12008513127007257,0.602063981300623,29.47883603607569,11.0,1
12103,4.824000686513771,1.0,101.35168393669586,1.9357467418808714,0.7745995549638897,0.06327295966540593,0.07749049892923121,3.3099581453299343e-06,0.06879642243195909,0.602063981300623,22.910120011628774,36.0,2
59910,6.117892928831929,1.0,46.241044018298574,0.6632195463963222,0.7123149584016482,0.041342447356368994,0.221024451677974,0.14545064231024507,0.10363955969640551,0.4359872512326654,24.392734215403582,31.0,2
154166,5.270402895934253,0.0,129.9043034426453,1.2231336726202555,1.0057605767148683,0.09844389461644934,0.1488254969080726,0.0,0.05940416375632923,0.35921294629456185,21.620509151007383,40.0,2
107358,5.701060861471607,0.0,88.7185832799054,0.8774664929240397,1.3636064357556406,0.10763012901892503,0.1304347681620652,0.0001678922291119058,0.1228099104642298,0.5738519916568867,22.259932630587357,32.0,2
103646,3.873488880460096,1.0,167.47425387378448,0.4272934474675271,0.7919429048882065,0.04438898378389238,0.10003407720918936,0.1430264445711718,0.07298954199416931,0.07821984253433137,20.909172887900926,45.0,3
14183,0.0,1.0,138.3158676240337,0.925393585596664,1.5403126485640692,0.047871617065426426,0.0341517760422906,0.002965912600349943,0.09355379050258464,0.31944514756429193,25.68398818617734,58.0,3
43146,6.117892928831929,0.0,77.70302033373021,0.3165654838115098,0.11934197262109546,0.032756846992377936,0.3651023417513228,0.1481203004297145,0.07389614600927014,0.040786628491622394,20.10804483072439,11.0,1
115162,5.701060861471607,1.0,100.50490770365415,0.5687461083073212,0.1712004727243582,0.054817363853910714,0.37050428781081524,0.12210505599154542,0.12589889796513168,0.28870060070904596,27.427770768170454,15.0,1
19654,5.701060861471607,0.0,102.6616746572811,1.3667351240154904,1.0751944363573847,0.10348094851633399,0.060842390389807495,0.025231074929758734,0.1260085040040869,0.31851640614259263,24.558122942902195,41.0,3
39897,6.117892928831929,0.0,116.74806344357857,1.2619772416422685,1.5377163817742514,0.04965525120671698,0.021578210295192204,0.00016689350797372189,0.0542585308030303,0.5791526678427404,29.18083494752842,47.0,3
14466,5.701060861471607,0.0,85.83148153601351,1.9165779889820305,0.3671558141896562,0.10986713521603828,0.3267423973145315,0.00019385630096644646,0.07298954199416931,0.3352063471934248,21.418409213242196,4.0,1
118969,0.0,1.0,144.51694191481002,0.18134249232326047,0.23794773678388204,0.032054095044992494,0.3129707791704974,0.14795523970981728,0.08150955334797905,0.036825947133042346,23.06101336751624,9.0,1
98745,0.872923795046736,0.0,133.84346485290888,1.573269725078865,1.1062090211057984,0.10200572894442908,0.28443031496949606,0.0,0.0834609979772711,0.4105258689230816,28.073223664583605,3.0,1
6442,3.3619271977508447,0.0,70.992615763409,1.5528898930012174,0.7900082832763979,0.10076992777346946,0.18973683608982944,0.0,0.08030591854684666,0.4105258689230816,27.94571175169027,32.0,2
62963,0.872923795046736,1.0,80.2579964283554,0.7972654942346424,0.013842587383457375,0.05202756942412839,0.375466997075387,0.1488527443441111,0.07567160824092482,0.2690309433417808,18.19994396254068,34.0,2
58168,4.824000686513771,0.0,65.30427521278952,1.4532460742582065,0.4704547534652788,0.11237309699614241,0.25069643121022134,0.0009961907158109078,0.10339044157515012,0.5250220325545847,25.246956294120032,32.0,2
53764,5.270402895934253,1.0,104.61440245954749,1.7166256457400175,0.668298156335253,0.05117544300866493,0.2878162330360538,0.014888110696415465,0.0834609979772711,0.5932630825882477,25.08068014306677,36.0,2
78858,6.117892928831929,1.0,72.32084356706167,1.0909488099104507,1.6138618224161947,0.10530426513964988,0.015816048561053418,2.909967649999277e-06,0.13918353802812325,0.5143094816331635,23.21427680180665,45.0,3
46200,2.81870192439919,0.0,110.24578236156373,1.104924423867234,1.4734897236080668,0.030916456657733713,0.31087190645524865,0.13016482571677399,0.07344443758622808,0.45409671780157784,31.94379328436048,61.0,4
77393,3.3619271977508447,0.0,163.49078601752854,1.4663162944046058,0.9156208630438081,0.028591358109303147,0.040474663254590044,0.07157913323006877,0.12499849218571271,0.3610547290259492,24.33039518135325,3.0,1
64617,5.701060861471607,1.0,65.23197124200587,1.8899300099487994,0.8094399761009098,0.08280689613768356,0.10359265120566807,0.0,0.09747580878089683,0.8339418701621327,23.910494816354557,40.0,2
156493,6.117892928831929,0.0,95.4972678001976,2.3778407497275733,0.6095183704904821,0.09984812356667594,0.026594062820079506,0.0006006179192448311,0.11200919934125854,0.8651542683548678,26.76746869916869,48.0,3
68890,3.873488880460096,1.0,178.07343125475745,0.5667208372492745,0.7574094640680615,0.026198033914667747,0.2861332159338602,0.0,0.12215914027194473,0.2407859170145463,28.866293453133505,32.0,2
83084,0.872923795046736,0.0,90.05881944358029,1.6916401609057337,1.0014879181509468,0.05838692623555021,0.18973683608982944,0.0,0.07948948280021469,0.5152030121689768,23.200844761207613,19.0,1
103922,5.270402895934253,0.0,98.90789097626397,0.4454294914141913,0.6484815224571175,0.03550559855419764,0.21113880216734304,0.14849077983319456,0.07989911657905567,0.24739195922341117,26.295746986608574,48.0,3
3972,4.359420279727952,0.0,157.4549112567751,0.8774664929240397,0.6395479508797876,0.026953409443536608,0.1252878557882259,0.0,0.07567160824092482,0.5339328914848354,24.358782607458274,74.0,4
29028,5.701060861471607,1.0,102.41134404852018,1.3292342453589678,0.6755598265644066,0.029907481693841425,0.2562708352527543,0.0,0.11667954399222695,0.6884644671359176,26.23225647940736,62.0,4
48271,4.824000686513771,1.0,29.473041074817573,1.13316055416276,0.4914166057609313,0.0431865287142909,0.2694224671709391,0.1228302628351898,0.1253411175128383,0.723011956415217,28.576236556917987,11.0,1
90703,5.701060861471607,1.0,127.48609461761701,0.8552135014387723,0.448216650415155,0.027028571290768577,0.2716152839264458,1.1499949476161961e-06,0.06291794151879873,0.329649459445562,30.042696117718425,51.0,3
30036,0.872923795046736,0.0,98.425446745038,1.8823565270014346,1.0707955444139763,0.0492140238184839,0.2489155364887245,0.0005767258337424664,0.07567160824092482,0.6979852345359636,23.195643853814033,5.0,1
80241,1.5954046671017168,1.0,144.85452426632685,1.313779393613908,0.9012871754952682,0.06366010318565381,0.1696866721569423,0.0,0.059955501299521215,0.6754565700006173,23.78684639138859,61.0,4
126797,3.3619271977508447,0.0,92.61971440293307,1.5664596139965252,0.6520678855900447,0.09220467864151599,0.18071497178150703,0.0,0.07523239892816581,0.2980382035009999,27.63794783693615,15.0,1
105926,2.81870192439919,0.0,97.19157732546869,1.3857033743699478,1.1151419433655108,0.10401173324475396,0.228815907594239,0.0,0.07907699494507488,0.5285881430572061,28.44787711874923,22.0,2
30828,6.117892928831929,1.0,109.76561644283355,1.5664596139965252,1.1084392632811322,0.07468068007540363,0.003649967665351513,0.0,0.07160547706998972,0.49640736697300886,27.016466770441184,13.0,1
22378,3.3619271977508447,1.0,130.6753545744892,1.2953652640842788,1.1062090211057984,0.0711798012622476,0.15058911051770973,0.07573354737493142,0.100270542490563,0.5089451600367382,22.04892438952976,67.0,4
35572,0.0,1.0,115.83118628492717,1.9900187305277914,1.3808202212133387,0.08386550447689363,0.004815069496279288,1.9599853242477465e-06,0.10785844760529659,0.5357133001241309,23.04490918150638,61.0,4
99649,1.5954046671017168,1.0,96.67636756920686,0.562679835601423,1.8445017682915805,0.09018667070769226,0.0,0.0,0.14571558016783054,0.34999362956189706,26.50843777424373,41.0,3
145964,5.701060861471607,0.0,129.783294856606,1.9013237270942018,1.1625640217662516,0.030701318429724542,0.23551596238262423,2.909676523601368e-05,0.07567160824092482,0.2755967034714958,27.02780100771894,29.0,2
73493,6.117892928831929,1.0,78.11521351133948,1.688088075804631,1.5351222119478976,0.045100322270586475,0.04813512506313048,0.009591639985364522,0.0834609979772711,0.4667357229045698,26.502101675258384,21.0,2
26723,0.872923795046736,1.0,114.93379326516578,0.897488732723847,0.7384885474384946,0.0853906261142464,0.22060518339361856,0.0,0.08111111514562246,0.4495753109342876,17.21834125640457,30.0,2
12349,5.701060861471607,0.0,109.08874355048572,1.962772026906056,0.7086058516452183,0.11175808059298264,0.24009823882222112,0.0,0.07782218133052284,0.4910249444225651,28.314956759243096,16.0,1
100054,1.5954046671017168,1.0,128.52687369954066,1.1995585970342593,0.5697331973345253,0.03191278463166446,0.27099193577783337,0.0,0.06270641559930203,0.37025330913284016,26.370924098376566,41.0,3
111140,1.5954046671017168,1.0,87.39679557014428,0.6851139901853912,0.013536404056131351,0.037700358280523115,0.3749579057766519,0.1487173288253286,0.06908747875016392,0.146299191059229,20.05520761858857,26.0,2
48093,4.824000686513771,0.0,108.55095111329496,1.50925136242719,1.0337244907542096,0.05531977924046881,0.0009985074216367666,0.14865846021898388,0.09355379050258464,0.43054194018397496,23.75956271087196,23.0,2
2213,0.0,1.0,121.16955560637982,0.8503073162091651,1.6032536372686526,0.04899224740895944,0.008880373055813805,0.0,0.13008243038714398,0.5008885459395205,30.522984345245625,60.0,3
75737,4.359420279727952,1.0,29.473041074817573,1.443486624022477,0.4124347299272793,0.0614711458158501,0.251050356351249,0.1444990133529085,0.08150955334797905,0.602063981300623,28.130304104883663,9.0,1
26009,2.81870192439919,1.0,134.16470016017595,2.045180298001813,0.9115158496685433,0.09800143618007766,0.3177359858549214,0.007638648187202601,0.05531469088142398,0.2407859170145463,25.839561458323416,4.0,1
39799,0.872923795046736,1.0,102.97446535515346,1.249954663221884,0.8769353064372962,0.05728648091811103,0.12069608348726522,0.003939573289650818,0.09747580878089683,0.3656561673256651,26.54656462395284,5.0,1
113731,6.117892928831929,1.0,182.19151075745165,0.4844986670267884,1.2295073977449773,0.03684347528477961,0.25034175762720245,0.0,0.13433043687704121,0.24644882252897388,21.96210196837746,1.0,1
60017,0.0,1.0,130.50910465963867,1.3076254137645986,1.042395729804522,0.06366010318565381,0.026870414285047127,0.0,0.0834609979772711,0.7710446098806706,32.3964639474632,30.0,2
134834,5.270402895934253,0.0,95.6974393914712,1.2953652640842788,0.8016444925314857,0.036177528458350545,0.027789847142669463,0.0,0.0875253578926078,0.43689424042349,23.48282967306158,35.0,2
41965,3.3619271977508447,0.0,117.16262437936439,1.2113149601562354,0.9362622300425101,0.028738652914220033,0.2818379910590027,0.0001459186015528448,0.047940852345962244,0.28870060070904596,28.050623308763605,2.0,1
157,4.359420279727952,1.0,108.55612400543541,1.5259518253987494,1.1716969445284566,0.0977007986551314,0.1696866721569423,0.0,0.07948948280021469,0.39957455327271907,26.152413136628518,60.0,3
2578,3.3619271977508447,0.0,149.62827983121988,1.532661226759913,1.4913416009490772,0.04987470818470548,0.23474058021231803,0.000661323933344796,0.0807099107755365,0.8643127111903918,31.93414876030133,28.0,2
46411,3.873488880460096,0.0,99.44238231502479,1.5059237685634277,0.7726819849845797,0.06387390234309578,0.293554609982518,0.0011350514459103735,0.11296729991626979,0.35829179556682933,21.1052957527423,29.0,2
103147,6.117892928831929,0.0,130.38313756251785,0.7996398684795895,1.6863534561629305,0.0461533086282955,0.0,0.05208167588019315,0.11617843095528736,0.31479963689727203,24.79548103704389,54.0,3
4934,0.0,1.0,85.05533463821509,2.2875989773070695,0.3911092445795827,0.10698728321032973,0.2562708352527543,0.032357081046768724,0.05161778448463973,0.4784445662216481,28.559303650615675,20.0,1
154204,5.270402895934253,1.0,62.52060754480138,1.4467356640090427,0.8749185103672998,0.07331527306353508,0.20257379790106939,0.004905852458809698,0.12022932698877,0.39500445441039295,22.946814509648203,31.0,2
44627,1.5954046671017168,1.0,147.67490820787356,1.4467356640090427,0.8290620173475927,0.029907481693841425,0.16257276229220186,0.0009961907158109078,0.1294698537927405,0.7005791303777831,24.43530318200716,21.0,2
54982,4.359420279727952,1.0,80.90031462013171,1.4794525303974508,1.6271696146393297,0.09200993864114734,0.09350737751597628,0.08895683972677215,0.04215155867294839,0.2896351940766277,27.03379251501737,54.0,3
78276,5.701060861471607,1.0,115.83118628492717,1.818699770638293,0.9217929097588613,0.061916456303725574,0.09642761173667264,0.01941222798933369,0.07019179955184995,0.7307574555284216,21.618236900601296,36.0,2
102522,6.117892928831929,1.0,90.63764198557396,1.5360221992945484,1.2318460617081535,0.06546936729812085,0.23590238986591258,0.134001676024542,0.07610775407689287,0.18280617176269412,31.005854866423512,3.0,1
15975,0.0,1.0,148.3181966461857,0.787802634069226,1.178567726183657,0.09220467864151599,0.005632143420710402,0.0,0.07907699494507488,0.5285881430572061,22.249681651526508,30.0,2
151115,5.701060861471607,0.0,92.66733631460347,1.6318388174675127,0.37758067059571104,0.11352952530536849,0.26331043601343235,0.0,0.08111111514562246,0.3426056156966485,24.791889915584033,2.0,1
142154,2.81870192439919,0.0,88.46830006502806,0.7783950615769446,0.3234369719304924,0.032054095044992494,0.315716026570639,0.14600810543103446,0.07113757653068406,0.3472244379771469,25.009896029050488,22.0,2
146557,0.872923795046736,0.0,74.33402254945472,1.7708819284359916,0.6042741472907891,0.04336825574793549,0.1523395503043589,0.0,0.06365352429629562,0.1770622063486073,22.535667878096106,18.0,1
94783,5.701060861471607,0.0,109.40917022120863,1.4144297135629609,0.850866867530047,0.05631163987576615,0.18677221769714705,0.0,0.10237756976806238,0.5410510166898501,24.041188125620014,60.0,3
74410,5.270402895934253,0.0,158.64118757948992,1.5192591302375724,0.556120840764112,0.036177528458350545,0.228815907594239,0.003939573289650818,0.07989911657905567,0.41143740592545724,27.194963553962634,15.0,1
25545,6.117892928831929,0.0,97.56985032708742,1.0853850452792237,0.7216204794212896,0.03543807420676252,0.0044995139213181955,0.040844851510409216,0.08995736455673303,0.07831789727328818,22.46783331339347,13.0,1
158305,4.359420279727952,1.0,84.53019461075245,0.7073417138831405,0.060465958798651416,0.02680288136667475,0.37090656488349194,0.14864509091371522,0.07113757653068406,0.05994055752793154,24.611882181425276,42.0,3
95875,4.359420279727952,0.0,90.73317655878549,1.4794525303974508,1.3882284599771346,0.0711798012622476,0.03772983306760561,0.018555850659359212,0.10763668424531088,0.6205010638904588,26.81660839457501,6.0,1
27635,3.3619271977508447,0.0,109.91021406605982,1.3920585419964056,0.6342099553792683,0.029252093869104472,0.2460265192220273,9.746369384226024e-05,0.07654086052747315,0.37300954001041753,23.183360812571117,53.0,3
16871,0.872923795046736,1.0,118.77282047252388,1.573269725078865,1.0664045786492466,0.09724115111165019,0.20936643468293328,0.0,0.1367641872022116,0.4928196937814543,30.883185481918574,50.0,3
72198,5.270402895934253,0.0,121.27648459767026,1.0332792011007887,0.9445731428547706,0.053076142330587515,0.20395110310415332,0.14660599389100296,0.10999979085255757,0.27653391437213615,22.971982703941787,25.0,2
61835,5.270402895934253,1.0,112.89940122181477,1.4597729435754092,0.42477495344457195,0.041962598355487504,0.3587527883203148,0.14835399033743163,0.0692325431781873,0.5888574238226963,24.373177524708513,41.0,3
103222,4.359420279727952,1.0,106.14170180389088,1.0770677015296135,1.1557353982549923,0.026198033914667747,0.1146679813352171,0.0,0.11161742520075171,0.4649320304843778,26.76707533411966,52.0,3
17227,2.81870192439919,0.0,115.37492259901451,0.7948945864056484,1.4709477900653012,0.05223874875548161,0.0,0.12758300963765337,0.0834609979772711,0.2727839400024509,27.031448119853174,23.0,2
23568,4.359420279727952,0.0,106.01714258297274,1.4208581649724286,0.7216204794212896,0.06335924864271619,0.2616620044246371,8.017543360487836e-05,0.08229821707572699,0.4241817332356303,29.659169397235818,34.0,2
104229,2.81870192439919,0.0,121.469940870959,1.4273029632982537,1.496460907685237,0.06279572776316904,0.1252878557882259,0.0,0.10388706186522997,0.5276968367130614,25.842113143309064,50.0,3
26241,6.117892928831929,1.0,80.3660001087893,0.9589353474702558,1.0143294574313837,0.10770794092542646,0.2697376361401066,0.001984806558653298,0.12476668575403163,0.3849355163638353,21.56562736883476,56.0,3
9980,4.359420279727952,1.0,191.21350804971254,1.0660306262012467,1.2790452321863144,0.06534527571603274,0.23743973259256684,0.0,0.13025302191889332,0.5809184321198676,26.88503973709032,54.0,3
11181,3.3619271977508447,0.0,144.35804053062935,0.6807085260360416,1.2529852016303604,0.044982288551343556,0.1028847268953419,0.0,0.11239606234866689,0.30735740567019904,28.642647731087262,74.0,4
53009,0.0,1.0,125.8669301922819,1.5226033909488335,0.9550055590897916,0.03880600336970576,0.0949714230421777,0.001984806558653298,0.09029545927515505,0.6248819796008633,27.243576771491945,11.0,1
83322,0.872923795046736,0.0,134.1797553602853,1.6283596013417518,1.3981349919391537,0.05202756942412839,0.030167916868414035,0.0,0.128645412749902,0.28870060070904596,25.833382985958497,33.0,2
64163,3.3619271977508447,1.0,122.37046037017106,0.9305140056689871,0.5510461517347672,0.029178943760520885,0.32059631992253895,0.0,0.09570786137811908,0.379434781026071,27.459483168852685,46.0,3
49355,2.234779091684268,0.0,148.35777054811757,1.5664596139965252,0.7900082832763979,0.10115040624203152,0.2599964583587398,0.0,0.03662306332385418,0.6641594742783927,26.32970745462951,32.0,2
123971,0.872923795046736,1.0,109.49700569865084,1.6144853188230401,0.8809746737279629,0.10326311031119288,0.18173656703380087,0.0,0.09972625759298626,0.3277957400099712,29.07488318699455,17.0,1
116278,3.3619271977508447,1.0,121.95847634845832,0.08788490545315965,0.2798798920988196,0.0340748050535792,0.3711737287444165,0.14879875578746896,0.14405710488792647,0.12211148451059364,20.694033798200433,20.0,1
3242,5.270402895934253,1.0,111.67418985665628,1.0495876169697003,0.7422576704438388,0.04257727432062326,0.24675338874745154,0.0,0.09630503739313614,0.3110799737441455,25.97403060094187,73.0,4
16571,0.872923795046736,0.0,132.05959745603698,1.1995585970342593,1.2412209663588705,0.09692880978339921,0.027789847142669463,0.0,0.12567774876200102,0.31944514756429193,24.107973843077183,3.0,1
6544,3.873488880460096,0.0,127.54675581113324,0.5249208133713501,1.4431238001219762,0.03310586124704776,0.03505015914588083,1.619899745745951e-05,0.13335915191286388,0.03633058485711972,29.79356268427929,34.0,2
99815,4.359420279727952,1.0,22.159120041841508,0.33773735110466063,1.4431238001219762,0.05276348676969412,0.0,0.14249366636250316,0.12293774418845033,0.7238730648159113,25.13326894074524,2.0,1
68609,0.872923795046736,1.0,76.92660010097147,1.0660306262012467,0.4704547534652788,0.025052050462048257,0.2780110728216572,0.0,0.048764734048788096,0.19617970441626129,23.7668120015223,4.0,1
9899,0.872923795046736,1.0,115.21080968332342,1.0770677015296135,1.1854566026281719,0.03880600336970576,0.07686774310307744,0.0,0.07697095147323091,0.5303703138952661,26.721549532417466,19.0,1
84066,3.3619271977508447,0.0,98.15261152917168,1.8899300099487994,0.9135673883268748,0.056605864430572014,0.07032497169385166,4.309929035342728e-06,0.06333917787966564,0.3867677441611076,21.71141926810863,5.0,1
137962,2.81870192439919,1.0,171.6864012702376,1.4305314995612604,0.6719252777395165,0.07007114572550133,0.25315830735000466,0.0,0.0682595902191365,0.591501237117933,28.460957200121566,24.0,2
13576,2.81870192439919,0.0,110.63795405639635,0.6610483277676394,0.9760166024735442,0.05431056943270107,0.059604114318874475,0.0,0.07567160824092482,0.5383828155329159,35.06716429576285,37.0,2
120276,6.117892928831929,1.0,76.11641419055086,1.580096699910016,0.28125948326571976,0.04597896911406768,0.3635186979644739,0.14238902999636535,0.07389614600927014,0.2821532349715344,24.05585226248945,36.0,2
25423,4.359420279727952,1.0,136.63554904499833,0.9746235506992239,1.5170216896823014,0.04673112473458526,0.04126698976593212,0.0,0.0912961293942096,0.7048997520634385,23.112756607211203,45.0,3
65713,4.824000686513771,0.0,129.13764235277074,1.814995089313839,0.5886403425809775,0.11223590741304879,0.2786062843586233,2.019984411834724e-06,0.07523239892816581,0.35921294629456185,23.188130043641987,7.0,1
28590,2.81870192439919,0.0,175.27537305897926,0.3953989566038604,0.3148787686979239,0.029907481693841425,0.3656715061590113,0.14513188790775852,0.062121579541474924,0.1385740475400913,25.39591811839239,30.0,2
140096,5.270402895934253,0.0,85.69773471890247,2.0332846826395863,0.49629680953734306,0.039063729311291664,0.13672143769829853,0.0,0.07344443758622808,0.28776582155373864,24.62215267414195,6.0,1
71237,0.0,1.0,114.84143324347944,0.9825170437964712,0.8389446157210648,0.029178943760520885,0.11398938173084487,0.0,0.09861591438912895,0.3509163440956271,23.84744852709999,33.0,2
101324,0.872923795046736,0.0,102.3748302013967,1.580096699910016,0.5595130343273138,0.11742616998992697,0.2619930523580206,0.012739677132297261,0.06845528709351664,0.39043018103571125,20.172533393407754,33.0,2
5576,0.0,1.0,68.59061138046054,0.3695477264804424,0.3956501443205973,0.03684347528477961,0.2272027431707757,0.14751826706726512,0.12589889796513168,0.1684321059565338,24.53698640742861,58.0,3
68408,0.872923795046736,0.0,110.76691443653097,1.7273986281211327,0.7086058516452183,0.05531977924046881,0.22227665399240484,0.0,0.06318149722485808,0.4730437411412784,25.972424593899134,46.0,3
52993,4.359420279727952,0.0,40.88155258768544,0.870016916351664,0.5612118533538111,0.030629476337651843,0.3390651291819761,0.14854135749879283,0.07610775407689287,0.4919223952704212,25.570674712602585,59.0,3
17412,2.234779091684268,1.0,76.61680732998914,0.6437972553886573,0.5748678265386208,0.03482762600454365,0.3559634355811405,0.11744276161502963,0.09833371298734968,0.4838398383414279,23.021101718533924,44.0,3
76841,0.872923795046736,1.0,107.02340010783934,1.0523187556135853,1.3173907569336416,0.05009339799691467,0.20622559862988302,0.14781805361170142,0.10186112363500793,0.42509082013318533,26.846586250891423,44.0,3
97142,3.873488880460096,1.0,66.00448108778619,0.5912348122088464,0.7384885474384946,0.10452341798063405,0.18020234098276874,0.0,0.133626016934442,0.654583124696766,22.566295825500767,16.0,1
23776,1.5954046671017168,1.0,81.78433862759823,1.5026003343861656,1.1900592475800453,0.10915407460466377,0.3360613599683937,0.0,0.10237756976806238,0.6257577563290178,21.220084919809004,52.0,3
8542,4.359420279727952,1.0,139.21982630618749,1.249954663221884,1.4406068112877073,0.05680116751690537,0.16312805578940295,0.0,0.11389577405950702,0.6615493185898008,26.85077348203273,31.0,2
33377,2.81870192439919,0.0,95.3497346143566,1.4176418973042995,0.9115158496685433,0.03697595187732207,0.03144101174407487,2.1698201189859133e-05,0.08961697180144913,0.1075322378998024,29.796243877320716,23.0,2
90670,0.872923795046736,1.0,100.23288720496181,0.9177400165281233,0.7178926528129836,0.07727921957627658,0.15175752601352488,0.00022380843819784938,0.08927426336727629,0.6205010638904588,22.569680852054766,23.0,2
68738,5.270402895934253,0.0,147.47194166083236,1.0278728688856018,0.43722778157262376,0.029178943760520885,0.30136114710807355,0.0,0.08858182813778119,0.2727839400024509,27.16394982302003,17.0,1
135488,5.270402895934253,0.0,79.20387000936769,0.5055018581840881,0.1613257379612461,0.03624439140222119,0.3752128331966564,0.148828983874177,0.07253143383276514,0.2662142053083389,22.38269785919224,34.0,2
8625,3.873488880460096,0.0,117.92466467602536,1.5528898930012174,1.3464934343650294,0.04115532636109701,0.002510540629378465,7.569781085070009e-06,0.06494886800397695,0.5508232274881332,26.625338844870825,25.0,2
159972,6.117892928831929,0.0,150.83309230390986,1.6214139493243716,0.9300494478737024,0.04379041442699696,0.14224404248746633,0.1336820874880729,0.090631273449164,0.5383828155329159,28.015428355636583,52.0,3
73185,2.234779091684268,0.0,48.22647619703724,1.6006790321669766,0.6112701122260614,0.10390712915025974,0.3101645249866143,0.14224708538862296,0.09386772939038489,0.4910249444225651,27.029885112825614,8.0,1
62086,2.81870192439919,1.0,167.05123547454977,1.4208581649724286,0.5527359021169996,0.023107041720981665,0.15637341109399755,0.0,0.07479010183432175,0.2774709371189399,23.860492042681944,19.0,1
111248,5.270402895934253,1.0,106.38556980164141,1.456507450130662,1.2318460617081535,0.10176588683583664,0.30136114710807355,0.14815534579246725,0.13107761505746676,0.7419277041759904,30.25208563218814,38.0,2
74522,0.872923795046736,1.0,60.2427261729855,1.0387004217770066,1.0906530470009785,0.10874140811719965,0.2872574174773506,0.0,0.11479565148345594,0.6510968640924567,24.975277664597822,1.0,1
61455,2.234779091684268,1.0,104.36994787433561,1.357305564867754,0.9802422468499067,0.04557037994341877,0.1636819881963965,0.00681651852218226,0.055431191649043365,0.8760844031087931,29.739171914183846,12.0,1
123403,0.872923795046736,1.0,83.30126080425272,1.433764130961678,0.7012100698643479,0.11114030478122258,0.002252389244545728,0.0010656396279617247,0.06742164623006794,0.4050531875874435,30.753383807229167,5.0,1
122401,5.270402895934253,1.0,105.53947150320157,1.3199493399191744,1.1308513369073827,0.032756846992377936,0.14224404248746633,0.0,0.06677399494927812,0.4423328122524797,26.17092490821511,3.0,1
57003,2.81870192439919,0.0,135.26309604146866,1.258965687733321,1.0707955444139763,0.041342447356368994,0.3168422941571802,0.0,0.09747580878089683,0.4550005252381872,26.552366137034767,45.0,3
153516,1.5954046671017168,1.0,78.73833916748279,0.18958077544120372,0.5527359021169996,0.05631163987576615,0.3538980881621852,0.1386630805856226,0.07344443758622808,0.14533430943290376,28.782019549913038,57.0,3
134221,4.359420279727952,0.0,130.3478636526828,1.928065764092387,0.6218191154126793,0.06816008079340606,0.04432893974522694,0.0,0.06647305121970228,0.4730437411412784,25.969212377430377,12.0,1
73626,3.873488880460096,0.0,129.6118383607684,1.6388100440527043,0.7384885474384946,0.05536978154729911,0.043893390801080984,0.0003315793179064389,0.07207008747600625,0.19522579199641732,24.186154167047626,30.0,2
31260,5.701060861471607,0.0,96.21865883730034,1.7745339005343035,1.262433119818314,0.10235887299442069,0.2048640371828363,0.0,0.06776790858233991,0.39317524704291157,28.896172753045494,35.0,2
82178,3.3619271977508447,1.0,53.09814301942603,2.351842216783841,1.1062090211057984,0.09477728604255982,0.21934173687650124,0.0,0.0627593539813341,0.6606790044748683,26.242358183788806,8.0,1
10123,6.117892928831929,0.0,109.26964608830912,0.8527586441232778,1.0294007007666441,0.10462353021933235,0.12658456236904403,0.0,0.10915962010817792,0.43689424042349,21.68875350367737,38.0,2
27468,5.270402895934253,1.0,146.74390260159544,1.2862118976616896,0.7900082832763979,0.06776810307407538,0.1297971916212612,0.12367263895685356,0.11239606234866689,0.5985452841347247,27.275564421437068,16.0,1
30197,1.5954046671017168,1.0,114.06621575879015,2.0412105181439637,0.7861447309043834,0.09370898039945591,0.029711987457928867,0.0,0.09162520541474937,0.40961416743273077,23.050858457633787,53.0,3
8691,0.0,1.0,140.76111074437182,1.2559580752183774,1.2271707574696977,0.041342447356368994,0.14704857682625724,0.0,0.07207008747600625,0.531261178626178,23.71688954759309,43.0,3
3267,4.824000686513771,1.0,152.86925217344844,1.7418233789384563,1.378354930922237,0.09563039090246964,0.025948304091180735,0.0,0.09917475099732172,0.4775448150825342,27.063996783428095,56.0,3
50820,1.5954046671017168,0.0,119.07406449606616,0.4129996505815559,0.20273364528447474,0.03134499269087866,0.35859992229882215,0.07617943836600849,0.09479702346996888,0.3082883206301165,20.937973194398452,44.0,3
46680,4.359420279727952,1.0,100.15440016680121,1.1189948897666122,0.9424924981597133,0.05349048423209528,0.13422605430153228,0.0,0.08571582562284803,0.8076708475842831,33.96897210759179,54.0,3
156675,3.873488880460096,1.0,180.1630249505905,1.5159190404539722,0.7707663064582774,0.04438898378389238,0.15921216697781893,0.00012993546175948237,0.05082119912338049,0.7436443582672503,23.188419066693765,2.0,1
24150,0.872923795046736,1.0,97.14953402786243,1.2142637860645362,0.5903701182783821,0.03737196454856716,0.29983526196182336,0.0,0.06956982969641935,0.13180306839931838,27.53505398834425,33.0,2
58875,0.0,1.0,178.16498457324425,1.0332792011007887,1.550718696885937,0.08867623283039489,0.08035301929330574,0.012287175764861652,0.050203267509272856,0.6152394809651552,26.502761733636166,30.0,2
38754,0.872923795046736,0.0,91.37500972321295,0.977251050003743,1.2388742016849947,0.10621872520381574,0.33776107338884,0.12180888706043436,0.13974472454256512,0.5107338658349185,21.078343573164304,60.0,3
147680,3.873488880460096,0.0,88.75585088212222,1.5903688309600632,0.6007871602881386,0.08822904207283068,0.3143509173901573,0.016823724306544618,0.07782218133052284,0.4278171081723786,27.253421849386033,59.0,3
50296,3.3619271977508447,0.0,79.12270088240868,2.1787686595395814,0.6755598265644066,0.09512248854355311,0.08295799056238316,0.0,0.06869912804803781,0.8752442881447556,23.193910043287957,52.0,3
150637,4.824000686513771,1.0,117.03469589584464,1.1762322066763853,1.458269339562285,0.036177528458350545,0.0,0.0,0.12022932698877,0.7005791303777831,27.463735372604223,33.0,2
2951,6.117892928831929,0.0,109.42467133193145,0.17454801168244563,0.09965886989306001,0.032054095044992494,0.3598160612076885,0.14792651274701046,0.07697095147323091,0.04573195924742369,26.74884510416414,56.0,3
31188,0.872923795046736,1.0,75.03243370723801,1.2201731395132756,0.6449025530655125,0.11259570639077782,0.002986602388962986,0.0,0.08680895131871912,0.18089235141197046,28.740818616799746,7.0,1
2398,4.824000686513771,1.0,138.7904262726729,1.4176418973042995,1.1106714973128837,0.09873331191373055,0.10074959601613999,0.0,0.0626534392312979,0.406878074585287,22.50338988434153,10.0,1
133988,6.117892928831929,0.0,119.3905085541041,1.2984243322312379,0.6324343108852805,0.08438210118699253,0.3441294643385888,0.0,0.07160547706998972,0.5570327996307758,30.2718608742847,17.0,1
129396,4.359420279727952,1.0,159.90449591540823,1.1360051413715428,1.0532791897548954,0.05631163987576615,0.20936643468293328,0.0,0.10413295990069908,0.39683299385755855,23.463193902034313,63.0,4
128224,6.117892928831929,1.0,116.0464124134804,1.3984299557000819,0.6610661750968433,0.06120212285477264,0.3244483425283577,0.0,0.09355379050258464,0.6997146255147229,27.92176702772377,42.0,3
141574,4.359420279727952,1.0,86.06680382324797,0.6697530468859387,1.1831582989482943,0.10530426513964988,0.030167916868414035,0.06457782994261635,0.1283610048523297,0.24833490189782328,21.70341251271125,16.0,1
99490,4.824000686513771,0.0,98.87119509343835,1.7418233789384563,0.16625007804218347,0.04515926105747893,0.3659547628917664,0.0,0.07523239892816581,0.5932630825882477,24.884593801209476,34.0,2
109891,0.872923795046736,0.0,113.77338824092642,1.357305564867754,1.6485721689567856,0.05276348676969412,0.02502350614647099,0.06866208836877775,0.08680895131871912,0.4775448150825342,28.56030727324648,25.0,2
31193,1.5954046671017168,1.0,113.7322810207506,1.4016217618309161,1.4305595995732223,0.10948497434873768,0.2995792592214203,0.0,0.0878799146864748,0.567661430117058,25.63527399762614,1.0,1
71644,3.873488880460096,0.0,130.18155394247776,1.0798363793789911,0.7803636199698412,0.030629476337651843,0.1252878557882259,0.002965912600349943,0.07207008747600625,0.48294101076463797,26.10002585012466,64.0,4
82444,6.117892928831929,0.0,139.81867231225138,1.0251752790418884,1.0337244907542096,0.029907481693841425,0.060842390389807495,0.04098372227098399,0.09386772939038489,0.5835660242459407,29.71134044437196,63.0,4
15464,2.81870192439919,0.0,90.57394428929771,1.5596663441426157,1.1992887046249214,0.03861210524436159,0.0007551466611954584,0.14748398906460924,0.06055740107079281,0.8187012206330496,26.506325855702883,27.0,2
65953,2.81870192439919,0.0,101.42481458976229,2.021430197171811,1.3464934343650294,0.11170849943950471,0.23317963820531065,0.0,0.07113757653068406,0.7787286945775497,22.186769153761094,18.0,1
2255,0.872923795046736,1.0,87.90879122120462,1.9204027589315948,0.7012100698643479,0.10315298150069982,0.04144278516704695,1.4499196823750347e-05,0.057612899810003226,0.2662142053083389,24.049789938695476,37.0,2
28505,1.5954046671017168,0.0,173.12423749727765,0.7299054380798758,1.1084392632811322,0.04071676728200563,0.028156872954833594,0.1472812298315819,0.08644706391858864,0.16170797203546602,29.546794455670884,42.0,3
81485,6.117892928831929,0.0,120.6347077555838,1.3292342453589678,0.8231553808396798,0.03763479673457211,0.3252877160088613,0.008745092202118035,0.06737203932182984,0.39500445441039295,23.61440450345742,25.0,2
108015,0.0,1.0,92.45565661284276,1.6528037535325126,1.0685990710633249,0.07331527306353508,0.19601848270027006,0.10926992527158438,0.09972625759298626,0.6055804699512913,29.881103608938496,8.0,1
62636,5.270402895934253,0.0,99.88224368809327,1.8559896484373444,1.3440569354023117,0.08707938669215522,0.08349131071206721,2.8096983728010008e-05,0.06865042905475728,0.7607840476203711,22.162047309350303,11.0,1
38780,1.5954046671017168,0.0,151.20314642748005,1.6809968297595563,1.0973079588623809,0.04770181886559934,0.28357130992224394,4.259930672375977e-06,0.08858182813778119,0.8203964651635863,24.60424682725551,25.0,2
36868,5.701060861471607,0.0,119.78334468557166,1.382531875836705,0.6901723993940194,0.11513442824989618,0.19696805351856575,0.0,0.1231911327681001,0.4513843481564584,22.488788235381683,68.0,4
46730,3.3619271977508447,0.0,120.8792516479975,1.2260981136938247,0.47848134249935176,0.03880600336970576,0.355015585552839,0.007761030056575878,0.07389614600927014,0.31479963689727203,25.511383843132638,48.0,3
23705,0.872923795046736,1.0,137.6860927549876,0.8601338152434236,1.7054004852858022,0.0711798012622476,0.013712425199831665,0.0,0.1085152749541968,0.5570327996307758,24.70185860229364,40.0,2
50576,3.873488880460096,0.0,138.3058744106785,0.4601550350785543,0.8310347149247238,0.030629476337651843,0.21245753954102564,0.0,0.1085152749541968,0.49461383429655437,25.71930384137023,38.0,2
96995,4.824000686513771,1.0,68.96049470976551,1.6528037535325126,0.593835151024814,0.04730387785758131,0.07842206986670712,0.14820684681572685,0.08995736455673303,0.5888574238226963,25.523980814082098,14.0,1
129821,0.872923795046736,1.0,125.0258149064887,1.3667351240154904,1.1218625664872488,0.04871393084203881,0.2463903411380815,0.0036482530349897973,0.07019179955184995,0.2793444188864179,21.713382886641515,33.0,2
11950,1.5954046671017168,1.0,120.4206736454704,0.7276338680333096,1.2529852016303604,0.037503497957860635,0.0,0.1355696661095039,0.10263327184459343,0.351838884233596,27.503915874649966,25.0,2
89245,3.873488880460096,0.0,187.98043038963746,0.9177400165281233,1.2695403925683402,0.04257727432062326,0.027789847142669463,0.13591741809252067,0.13008243038714398,0.45319275256535035,28.561310871786187,14.0,1
12159,1.5954046671017168,1.0,177.80355057152005,1.0937363611747035,0.3956501443205973,0.026953409443536608,0.18726924343725465,0.009628717289747853,0.08927426336727629,0.5035754392914052,26.008409743422764,63.0,4
93105,6.117892928831929,0.0,101.37780289211868,0.41122628964620644,1.7054004852858022,0.05581785744347516,0.020358832082419225,0.0,0.14584169843193223,0.30921905351352663,24.4445082243889,15.0,1
133100,4.359420279727952,1.0,70.78922948084612,1.3762010353347607,0.4450681356611424,0.06697413709052649,0.015434584296125193,0.14794570384085043,0.06889357886322464,0.686731754906846,22.999021440869036,7.0,1
75981,0.872923795046736,1.0,62.54299055667136,1.4663162944046058,0.448216650415155,0.028073724243569836,0.35325380501230214,0.10904337752235276,0.06228153846057389,0.22754504202061962,23.045634758399263,19.0,1
23294,3.873488880460096,0.0,68.25913189779163,0.4601550350785543,1.2695403925683402,0.06931636345747896,0.002986602388962986,0.144137830994696,0.12065670517582489,0.39591880754975406,25.012367526806397,40.0,2
56685,3.873488880460096,1.0,89.05923267552349,1.0853850452792237,1.8473386702586734,0.10928782236190884,0.0011579920132691814,0.1412524173700177,0.0807099107755365,0.18758708461990609,27.020896627826264,53.0,3
155249,3.873488880460096,0.0,112.27159053763461,1.7166256457400175,0.7650306132434314,0.0470181310899528,0.226390801977457,0.0,0.04945575365459989,0.3564489745952911,22.462371068655138,33.0,2
36795,1.5954046671017168,1.0,91.67183861105241,1.9089419001378047,1.208550416448057,0.09596252188748704,0.08035301929330574,6.548361321788925e-05,0.09776367429658296,0.5205610680472806,25.27859572011542,29.0,2
108308,0.0,0.0,60.405832264406634,0.6352505547361027,0.4124347299272793,0.04673112473458526,0.2850001772440109,0.14822373451728077,0.1031396955853106,0.08214020476678746,23.721301509026556,41.0,3
104835,3.3619271977508447,1.0,111.0814877458087,0.7783950615769446,1.6620176809780942,0.0851415328131488,0.08531212762005844,0.0,0.13914692907759219,0.37759984787925627,25.61136623482837,8.0,1
104286,5.270402895934253,1.0,153.40599051406795,0.3117473624906743,1.160285808401269,0.058717534870942424,0.06330339403872892,0.13805093376783517,0.11889944029238214,0.2858957051591956,26.628497042205648,20.0,1
150053,6.117892928831929,1.0,140.61157785532464,0.9407982425356697,0.5510461517347672,0.029178943760520885,0.32919477649516676,0.0009961907158109078,0.07654086052747315,0.351838884233596,26.051707601034625,30.0,2
100937,5.270402895934253,1.0,130.84661069123615,1.5903688309600632,1.2062319625131506,0.06279572776316904,0.18825977665822002,0.0,0.04620435854448919,0.6580672741241114,27.257436909218256,18.0,1
3850,1.5954046671017168,1.0,134.98234966492967,2.0412105181439637,0.9424924981597133,0.0997124288993236,0.10003407720918936,0.0,0.06551152725670131,0.555259355923415,21.72214219484675,5.0,1
159001,3.3619271977508447,1.0,104.6092021486371,1.0770677015296135,0.3880907013868155,0.03414355059055638,0.25831355985763427,0.0,0.08150955334797905,0.8777643017856138,24.266546511850446,36.0,2
9944,0.0,0.0,112.75021286603014,1.0387004217770066,1.4305595995732223,0.09141646816813875,0.007905355412165744,0.0,0.12135199042106064,0.39591880754975406,27.85661232131138,58.0,3
122730,4.359420279727952,0.0,106.71233144820717,1.5427567021324977,1.0664045786492466,0.06931636345747896,0.1744815277128284,0.0,0.12356559458620506,0.3858517145013685,27.2838485509348,16.0,1
150482,4.359420279727952,1.0,120.86906373352005,1.357305564867754,1.2814265310363273,0.0461533086282955,0.051639214901532914,0.0,0.08644706391858864,0.6476084860628607,24.330255286368455,62.0,4
80357,3.3619271977508447,1.0,149.55416820539324,0.8211656767816108,1.5351222119478976,0.047871617065426426,0.04476386769526602,0.07205360064678425,0.09029545927515505,0.18376276966746116,26.664666550855365,50.0,3
710,0.872923795046736,1.0,101.40392088629967,1.499281057085816,1.4006167860242422,0.1110323446790209,0.04109109367034031,0.0,0.06297072826400497,0.7547906905198852,30.475249297058856,36.0,2
135149,6.117892928831929,1.0,119.47215204572484,1.4144297135629609,0.7403721686283902,0.10452341798063405,0.03772983306760561,0.0,0.10133787158252591,0.5499355690315485,32.16379591641342,6.0,1
72475,4.359420279727952,1.0,118.61960362589097,1.532661226759913,1.32222071931342,0.08360405773041377,0.07911873700082504,0.0,0.08190524688566762,0.8659957141519902,20.017113643721203,27.0,2
9835,0.872923795046736,1.0,97.72740224913365,1.9051305755612356,0.9259172992484815,0.07296675335244636,0.040121861786722945,0.0,0.06928082946967935,0.2943053803806194,26.50223368782838,20.0,1
2200,4.824000686513771,1.0,105.67449676740378,1.8785764755549763,0.903329043187519,0.09998279941324975,0.12267420854969888,0.0,0.10999979085255757,0.5303703138952661,29.508289656079107,8.0,1
127651,4.359420279727952,1.0,92.36567180278102,1.4112216109464688,0.5209398115245241,0.03317547616112335,0.32694874517749745,0.0011449643931115312,0.08497450704940865,0.43961424622178924,27.263911963314108,29.0,2
96813,4.359420279727952,1.0,127.09675350640225,1.6006790321669766,1.3005502950795864,0.08307477277729898,0.09424038591331747,0.0,0.10107366171887236,0.7436443582672503,29.03781207875749,66.0,4
48239,0.0,1.0,116.73270529434176,1.3730416877687452,1.1877569186390118,0.032054095044992494,0.007905355412165744,0.0009961907158109078,0.055431191649043365,0.7889591378426426,26.099492278957236,72.0,4
143040,4.824000686513771,1.0,86.4837409100658,1.756317752022725,0.6520678855900447,0.03983142220934665,0.005494465053192624,0.00019685182358311133,0.0846000186739813,0.3739279421988962,19.363728118639507,59.0,3
144339,0.0,1.0,169.0968363292647,1.116173191799425,0.9550055590897916,0.0461533086282955,0.06330339403872892,0.0009961907158109078,0.0929195560165614,0.20380363962376757,24.86557550176956,52.0,3
27197,6.117892928831929,1.0,150.86270142027806,0.7095829213622472,0.7574094640680615,0.0851415328131488,0.3711737287444165,0.13513977585281076,0.1306711400951591,0.7522202886606224,25.90383866171295,19.0,1
37012,3.3619271977508447,0.0,139.47438086680845,0.7760517866541442,0.5990464133621874,0.024666575841302687,0.2684731067739852,0.0,0.07019179955184995,0.3564489745952911,25.976439485043368,27.0,2
55930,5.701060861471607,0.0,97.50681938870896,1.5293044363985917,0.7012100698643479,0.03219515144426198,0.09642761173667264,0.00015590707189095903,0.12121460761967925,0.384019149597404,24.464165689214163,25.0,2
151848,2.81870192439919,1.0,119.55888950908032,0.9407982425356697,0.8251223509347365,0.037503497957860635,0.0949714230421777,0.007761030056575878,0.07739805058592603,0.8187012206330496,29.541278360642846,47.0,3
60846,3.873488880460096,0.0,136.3752359098381,1.1762322066763853,1.0751944363573847,0.03345331143459896,0.005592812590362103,0.05354184955775761,0.08534643612555834,0.2755967034714958,20.16856639926048,4.0,1
17698,2.234779091684268,1.0,175.18360454817415,1.0278728688856018,1.0729939993093416,0.05918638842682127,0.11056948609566525,0.01769303436637822,0.07523239892816581,0.5071558543350404,26.93468612715243,71.0,4
1895,4.359420279727952,0.0,103.82352990403503,1.5226033909488335,0.7517134112457518,0.03254668444495259,0.03522952514767057,0.01137703607914928,0.06464009431785825,0.1971334117769646,25.299991656756696,30.0,2
129121,5.701060861471607,0.0,112.09653753356665,1.0909488099104507,0.8270912295607865,0.030557569463256933,0.015911344511797255,3.719471393670659e-05,0.1291997447414657,0.5835660242459407,22.31202986656224,6.0,1
63647,4.359420279727952,1.0,167.2214337473669,0.6141123480098922,1.1308513369073827,0.041342447356368994,0.005946621798604477,0.1382213959481832,0.11812843327074328,0.09778445687136057,24.16367376007218,43.0,3
88408,1.5954046671017168,1.0,99.15946756111988,0.9746235506992239,1.1946699466487898,0.08660651291880815,0.0822707938427152,0.11979510296012887,0.13107761505746676,0.5711997449849593,26.44238612877571,66.0,4
93445,0.872923795046736,1.0,123.37669881411118,1.338555201025666,0.7574094640680615,0.07400365818851558,0.0007820846528154317,0.0,0.055431191649043365,0.47664490956611383,27.29006052364298,28.0,2
123084,6.117892928831929,1.0,118.78814060127999,0.7667130778006805,1.0078998505255499,0.09901837159570151,0.00027988286985423754,1.6698934618706465e-05,0.14115572838657056,0.5241301357294121,20.727708699009536,11.0,1
9118,6.117892928831929,0.0,108.85092067514114,1.249954663221884,1.224836140286072,0.05631163987576615,0.15349925612982013,0.0009961907158109078,0.07434469244013149,0.3444536710269561,23.472081536419694,40.0,2
109646,5.701060861471607,1.0,109.04221882498767,1.5393873568146128,1.4887850777116909,0.06056899457987591,0.004262649980871598,0.14607939875372355,0.018186820165840275,0.7539340114733682,26.633628569469703,24.0,2
37493,2.81870192439919,0.0,124.67088509129793,1.433764130961678,0.6342099553792683,0.04071676728200563,0.015816048561053418,0.14857662675398156,0.07567160824092482,0.033158803549342995,26.501837648776764,15.0,1
6081,0.872923795046736,0.0,173.815917390174,1.7708819284359916,0.7067541031969141,0.05009339799691467,0.13233770064580988,0.14483712986937414,0.07739805058592603,0.46763733513873956,26.284198944461767,42.0,3
60773,5.701060861471607,1.0,136.83574157499478,0.8552135014387723,1.656633108457273,0.032054095044992494,0.12069608348726522,0.14714191966744974,0.10915962010817792,0.3426056156966485,27.287472318768565,27.0,2
140502,0.0,0.0,127.84494664868454,1.1360051413715428,1.236529463082332,0.036177528458350545,0.24419571757330444,0.0,0.09999929605428569,0.5773863402581226,26.480841815684478,26.0,2
35501,3.3619271977508447,0.0,129.0871813082007,1.8710297385230998,0.6646784571795217,0.08115311709967152,0.03879524610014085,0.00010295948287406406,0.11122066945651018,0.44414439156625246,24.825577363704188,1.0,1
121878,5.270402895934253,1.0,93.78809189937112,0.9984031852273931,0.8369642726908375,0.048769691834977445,0.02335206327601732,0.0,0.0550811810864441,0.3054950288257411,31.228491912113835,23.0,2
36962,5.701060861471607,1.0,139.723879553296,1.0251752790418884,0.3077939213433398,0.03134499269087866,0.36467313436362186,0.13833355630017338,0.0692325431781873,0.15112035188052228,27.010212012025402,21.0,2
41800,5.270402895934253,1.0,125.1474719114899,1.2142637860645362,1.0685990710633249,0.09708557810085501,0.1997904096162951,0.0,0.12717284007352847,0.509839587862524,25.841173068746464,22.0,2
121276,6.117892928831929,1.0,128.3450772483247,0.8405372437315713,0.9950936437439697,0.02844379682282684,0.1511740477018857,0.0,0.08422295110813957,0.3490707404716398,26.63454954162819,59.0,3
66860,5.270402895934253,1.0,126.97030734971098,1.3920585419964056,0.7707663064582774,0.03550559855419764,0.14224404248746633,0.06081100334518816,0.10413295990069908,0.5976652639695638,24.344801451983358,44.0,3
42182,5.701060861471607,0.0,117.90421643909512,1.1733338226503915,1.8530189600184495,0.03496370680718108,1.5099659231416708e-05,0.1485126298438773,0.11081886050973534,0.030480639925792988,28.311928024061327,21.0,2
26220,4.359420279727952,1.0,116.08740138996605,0.787802634069226,1.7714992544604575,0.07400365818851558,0.009852506517610308,0.0,0.1046199903677044,0.6901966663783777,28.97400873989535,42.0,3
3778,1.5954046671017168,1.0,113.87614700042818,1.8785764755549763,1.4255484317321425,0.05631163987576615,0.14465841868461957,0.0,0.04289595725436679,0.7410691930752554,25.0517518574779,23.0,2
135036,4.359420279727952,1.0,115.12874068705247,0.7996398684795895,1.0143294574313837,0.03684347528477961,0.13857634901143603,0.0009961907158109078,0.09718602680360759,0.6789281817495515,28.182241990029013,19.0,1
143952,0.872923795046736,1.0,106.34406600220755,1.8635008037178689,0.8628581206184712,0.11806502397672436,0.054598497464419665,0.0,0.07610775407689287,0.21616482417443889,31.93786736810522,41.0,3
20210,0.872923795046736,1.0,117.3007647000464,1.13316055416276,1.5118689516687127,0.05621322507774692,0.05652731267140999,0.14597197313733803,0.049016659011385064,0.43961424622178924,28.55629263815708,10.0,1
3259,3.3619271977508447,0.0,99.15946756111988,1.2862118976616896,1.582138574210083,0.03317547616112335,0.020922198374690445,0.0010953920907803857,0.11461791565793807,0.6615493185898008,26.50764581820137,43.0,3
85760,4.359420279727952,1.0,130.77106048146638,1.237995013338512,1.020776755417497,0.04438898378389238,0.17553296004468336,0.04895769756178725,0.0834609979772711,0.4856370331868439,27.234636377541424,40.0,2
6060,2.81870192439919,1.0,115.40569005216399,0.9000075885026969,1.3636064357556406,0.10152244608703388,0.03325079712840182,0.10207996056964548,0.10807879371529658,0.21236501541503539,33.13211685370634,31.0,2
5216,3.873488880460096,1.0,115.04153320830294,1.5495079674127066,0.5527359021169996,0.025205750969036836,0.241972737467687,0.00025475176987822216,0.07907699494507488,0.7932167916851092,24.606745846982417,42.0,3
44640,4.824000686513771,0.0,119.97204450621861,0.7783950615769446,0.8290620173475927,0.11150678063934065,0.237821988557352,0.0,0.0682595902191365,0.7419277041759904,25.02033011634833,49.0,3
106543,4.359420279727952,1.0,148.26872713998577,0.9382217518481557,1.1694107022410731,0.029178943760520885,0.0019940376062208094,0.029983207994882504,0.11041192561352685,0.4023146165258838,26.89170642960192,60.0,3
130237,1.5954046671017168,1.0,145.9161817568469,1.6075736872862627,0.8528606142967284,0.06737279893323408,0.04822107664482468,0.0,0.0875253578926078,0.3656561673256651,24.191350750018145,32.0,2
16651,5.270402895934253,1.0,127.70849880727975,2.241166655948485,1.0642120665634267,0.057238138071849784,0.014670307255570792,0.12651942629048368,0.1135278727644392,0.7736070474713581,26.11549619141947,36.0,2
34593,4.824000686513771,1.0,117.30588056110862,1.5059237685634277,0.9217929097588613,0.09389050618719966,0.06166502125087374,0.0,0.07160547706998972,0.7462184204087837,28.55114832343099,13.0,1
68190,1.5954046671017168,1.0,171.0904281734989,0.6309968373439115,1.042395729804522,0.06056899457987591,0.10570515998144205,0.0,0.11651353817190897,0.6257577563290178,32.05438798945781,25.0,2
50115,5.270402895934253,0.0,114.82603887374681,0.9984031852273931,0.7997003756155685,0.032756846992377936,0.2552398388978087,0.13871700461187106,0.1087314302634894,0.4150819119420289,26.63520736562036,12.0,1
7580,3.3619271977508447,1.0,136.33017448991225,0.3149566351558883,0.06494425015178365,0.041342447356368994,0.37341213421007735,0.14846123398764682,0.065765824499414,0.17897769686555445,27.44852845551897,47.0,3
29026,3.3619271977508447,0.0,75.58831817078809,1.2439669833584739,0.48009200488394477,0.04071676728200563,0.26363808924697757,0.14747246542893316,0.07434469244013149,0.17993512852399263,19.90254043013946,50.0,3
124231,0.0,1.0,137.39105635621897,1.2231336726202555,1.2271707574696977,0.028812200552599924,0.05577404736193073,4.4099257041964955e-06,0.07207008747600625,0.5232380909858012,23.911202563425093,48.0,3
60966,5.270402895934253,1.0,86.96980567060255,0.9279519897293446,0.26481583262082403,0.03105955941405482,0.35178875490316674,0.0,0.06903905533154998,0.4023146165258838,19.132083503898713,35.0,2
88389,4.824000686513771,0.0,178.16498457324425,1.3447892366328362,1.126352958314032,0.026878179491613818,0.034780916180672264,0.1430264445711718,0.055605625918142235,0.7204278830259115,19.76855467928683,29.0,2
41911,5.270402895934253,1.0,105.10306707224608,1.713043318578456,0.6628713893276507,0.08997598537939895,0.04476386769526602,0.0,0.11497228316209064,0.3481476766638229,28.440706485253898,6.0,1
27842,4.824000686513771,0.0,85.41944593166508,1.688088075804631,0.27163782908493056,0.03184203401148653,0.17342500988932696,0.13954276129820778,0.06761972143576706,0.29337171326094935,24.436140100987384,25.0,2
115544,6.117892928831929,1.0,122.01952357203174,1.2862118976616896,0.7593119202228912,0.0708133464056408,0.29328660272751916,0.02842257543207075,0.0912961293942096,0.6248819796008633,32.7731890318397,28.0,2
53139,0.872923795046736,1.0,194.3673773736729,0.6459421267605535,0.8608547809331345,0.07911856488323085,0.3542186659772389,0.0,0.08268848505094586,0.4883316765960209,25.158988358452273,7.0,1
74597,3.873488880460096,0.0,121.84145694243071,1.818699770638293,1.6782223903772442,0.03861210524436159,0.013232424417963167,0.0008909545550195686,0.05856966329085213,0.25493008433871256,26.638496319805906,20.0,1
149191,0.872923795046736,1.0,116.8657996558511,0.925393585596664,1.0467431886384175,0.10586085027058409,0.21157937986456504,0.0,0.1394698106234279,0.6222538369971233,21.91965483992367,40.0,2
80880,5.270402895934253,1.0,92.53504459719053,1.3920585419964056,0.47687246253654997,0.07727921957627658,0.22144278435145062,0.0,0.051739665881156846,0.23227835647910366,21.707189531056716,16.0,1
75320,0.0,1.0,106.71751698701081,0.7321803953673356,0.5973074966131857,0.08997598537939895,0.08568996853152398,0.0,0.09917475099732172,0.3213020905324471,22.01901160388725,16.0,1
84305,4.359420279727952,1.0,122.39588497173575,0.6961860220856041,1.5118689516687127,0.037503497957860635,0.056694445884583236,0.009628717289747853,0.1340791708092471,0.46763733513873956,29.763082966497816,54.0,3
94994,3.873488880460096,0.0,80.80320400589248,1.3888789288233903,1.2108708886987363,0.10411557344988047,0.10780091166141967,0.0,0.1110204011529758,0.47214306179705734,22.98274261824084,26.0,2
78054,3.3619271977508447,1.0,128.13293477286678,0.8899536272626166,0.2675395769140122,0.026953409443536608,0.34980154919725676,0.13684289020449014,0.09386772939038489,0.2009461949148218,22.527564459012464,32.0,2
10821,4.359420279727952,1.0,109.22313238501805,1.7166256457400175,0.3731024592325629,0.09080883719607807,0.15000270958900153,0.0,0.06082941978259933,0.48294101076463797,23.195643853814033,62.0,4
26263,0.0,0.0,103.96407654772922,1.351039350458107,0.7574094640680615,0.03684347528477961,0.251050356351249,0.0,0.07907699494507488,0.40961416743273077,22.660067198769106,55.0,3
107380,2.81870192439919,0.0,132.15515910217826,0.9228387905195625,1.33675974885698,0.02844379682282684,0.2728544450274014,0.0,0.08680895131871912,0.555259355923415,24.8008670588855,47.0,3
77626,0.872923795046736,1.0,125.54274038064936,0.9356488839762348,1.4532125165491048,0.06331612256348311,0.10570515998144205,0.0,0.12883231270653828,0.7333370560811653,31.943212345583586,35.0,2
30056,0.872923795046736,1.0,85.8796231153625,2.117422027987917,0.8528606142967284,0.10011646490093588,0.007152619210436165,0.0001239412806431945,0.07344443758622808,0.5116279940761842,22.160408460110368,5.0,1
44805,1.5954046671017168,1.0,88.39905497247494,0.5074297705021785,0.2432677692739327,0.029178943760520885,0.3741885115496235,0.1486383663644192,0.07907699494507488,0.6406253525679155,23.94996549002186,53.0,3
80769,0.0,1.0,91.9685304284963,1.2559580752183774,1.0862263751542853,0.08412484604572,0.22961717273145504,0.0,0.0834609979772711,0.5835660242459407,26.63639142095434,4.0,1
108551,3.873488880460096,0.0,108.65440226333972,1.258965687733321,1.4913416009490772,0.07941640169894552,0.10074959601613999,0.0,0.08995736455673303,0.5508232274881332,28.771411043818997,65.0,4
5986,1.5954046671017168,1.0,137.88106708965927,1.2649927397327414,0.7593119202228912,0.02997997452818506,0.22227665399240484,0.00020783481920480965,0.07253143383276514,0.4041404961216831,26.972662729619113,51.0,3
32920,1.5954046671017168,1.0,133.96896052447715,1.1531530780227583,0.8251223509347365,0.0300524019955432,0.0044205780710440176,0.13997812937397572,0.08571582562284803,0.6126068486236221,23.20214486523338,5.0,1
26582,4.359420279727952,0.0,129.53618546513047,1.573269725078865,1.32222071931342,0.026425365750075997,0.06034770469368074,3.0396469776920196e-05,0.12578864764343925,0.8769244076321755,28.686446546720788,4.0,1
101329,5.270402895934253,1.0,106.84714375834274,1.408017586653165,0.6060203886768876,0.09901837159570151,0.25385506477255376,0.12339515794623954,0.08030591854684666,0.6823977251492471,24.073610338176422,32.0,2
52641,5.701060861471607,0.0,70.4207236883525,0.7118274915660402,1.0294007007666441,0.09929914618218678,0.055018869509493924,0.12688011858465612,0.11717145598614156,0.5667764960218026,23.19145366211302,47.0,3
26937,1.5954046671017168,1.0,118.95153772674806,1.382531875836705,0.9529151814138451,0.05223874875548161,0.02372425366679093,0.0,0.07113757653068406,0.45228862939516046,25.981122992040703,25.0,2
104058,5.270402895934253,0.0,73.71121338640404,0.28026797556529187,0.6077684628587345,0.041342447356368994,0.13485229153255027,0.14832221679716667,0.10080771222471868,0.02392637622754441,30.27415133618738,39.0,2
22251,5.270402895934253,0.0,130.00009045931276,1.3261352750235784,0.9550055590897916,0.02844379682282684,0.2562708352527543,0.0,0.09689431395432624,0.5967851052426851,27.06503790048235,30.0,2
28601,0.0,1.0,73.68934686988409,1.1733338226503915,0.524256092697968,0.029907481693841425,0.13359821373595446,0.14696849671790746,0.11979409945598393,0.44142678332063784,24.933885292055468,24.0,2
132680,0.872923795046736,0.0,119.3956115063299,1.456507450130662,0.9781284470444853,0.050636785623080244,0.1014632060448643,0.0,0.07207008747600625,0.6187477473978619,24.02792879861249,50.0,3
28496,0.0,1.0,87.50349652520627,1.6951965578252368,1.2388742016849947,0.06266479355783779,0.1614580741411667,0.0020930946554343632,0.10807879371529658,0.4973039056850378,23.198533343866988,19.0,1
9374,5.270402895934253,1.0,115.59539676843175,0.544652211466266,1.319804715011444,0.034280856815077226,0.00029087348784635845,1.429921882696655e-05,0.07654086052747315,0.22754504202061962,32.63886522610239,40.0,2
89063,5.270402895934253,1.0,87.6635131852231,0.5850631189120629,0.7726819849845797,0.04673112473458526,0.17289483365382932,0.0,0.12567774876200102,0.304563566592905,20.485242099978926,31.0,2
15900,0.872923795046736,1.0,128.0470532855196,2.1582034404125174,0.5973074966131857,0.09495055493920068,0.17183062586123532,1.649895998352393e-05,0.065765824499414,0.46853879156411365,27.284883946631414,19.0,1
22724,4.359420279727952,1.0,126.65158301037148,0.915196032112578,0.3263033999796817,0.08307477277729898,0.13547693088861773,0.007883291392119905,0.1005400101632899,0.22659778538501857,26.752911571299578,25.0,2
55615,4.824000686513771,1.0,75.03788639334279,0.9025300258404296,0.23397523815617677,0.037503497957860635,0.3289923790540922,0.14808467352381494,0.07567160824092482,0.07331410814078207,20.171422687524295,52.0,3
146633,5.270402895934253,1.0,112.01414612429954,1.408017586653165,1.1900592475800453,0.06776810307407538,0.20577278583815367,0.0009961907158109078,0.06971386977315287,0.8575762360088297,28.56018182173515,34.0,2
18910,5.270402895934253,0.0,171.91889556956562,1.8112948160060567,1.2318460617081535,0.04239344321751032,0.06590583178833465,0.0,0.07298954199416931,0.3739279421988962,25.152149828067856,32.0,2
39084,3.3619271977508447,0.0,139.9683263454121,1.5972380637191486,1.2981526855390904,0.04843439090520536,0.17022461334284544,0.0009961907158109078,0.0692325431781873,0.563235334781676,29.690577289243983,54.0,3
100523,3.873488880460096,1.0,148.94625395150572,0.7807417810472599,1.7938065534691567,0.08754475966298475,0.0009985074216367666,0.1477875979271654,0.12556619701215935,0.3157291000839103,25.488888431134438,10.0,1
62686,0.872923795046736,1.0,137.45607216671604,1.6214139493243716,1.353815249832546,0.03802728989697946,0.1458565046907266,0.0,0.1346369199101291,0.7821407418654969,22.458827513166593,57.0,3
65863,6.117892928831929,0.0,131.99923762938192,0.9930930893391963,1.1443944415571772,0.029178943760520885,0.023165805092240477,0.12514178463726408,0.07567160824092482,0.5472717260619129,27.718180282976387,60.0,3
148574,6.117892928831929,0.0,129.13764235277074,1.4499888131526906,0.9908405959351675,0.08058365006988354,0.14284992485469716,3.409555819878664e-05,0.11443906789033216,0.3684149667388865,23.19275412105544,2.0,1
2982,0.872923795046736,1.0,99.20138812493978,1.4273029632982537,1.329481015462743,0.03233595433488032,0.10429869371523375,3.579510430585799e-05,0.07697095147323091,0.25681268701775833,23.482399811336375,21.0,2
86937,1.5954046671017168,1.0,121.38849097628777,1.8224088628135273,1.1511930062111049,0.05576824361275641,0.022513044314153453,0.0239276905219942,0.06717325841193995,0.5605779646133879,22.753870824386528,20.0,1
144468,3.3619271977508447,1.0,86.4249594767919,1.2231336726202555,0.7919429048882065,0.08386550447689363,0.13919151447689318,0.0,0.0944893301378407,0.4159926286676566,30.354483495092243,50.0,3
104134,5.701060861471607,0.0,117.56674718946806,2.3003618671629127,0.650273779481411,0.046327188014090345,0.24345789896605846,0.14726883638737148,0.0929195560165614,0.4123487785843696,25.969212377430377,39.0,2
143109,0.872923795046736,1.0,147.719456486221,1.3416702104497014,0.882997246197953,0.041342447356368994,0.1796884828622201,0.13310560430234014,0.05772607159203345,0.5268053829272235,22.011828472955585,16.0,1
13823,4.824000686513771,0.0,113.91210943266874,1.1791344541649518,1.2933635885898236,0.04910323282029983,0.1580808751609178,0.0,0.10212019116983716,0.30176808255591336,22.823760884170007,25.0,2
97295,6.117892928831929,1.0,157.5677115166578,0.47507469484593656,1.2459205763017733,0.05170941569813888,0.011788166338059581,0.09502637586531855,0.11081886050973534,0.09192479917998644,29.56444122557946,35.0,2
42031,4.824000686513771,1.0,151.7949631951568,1.6423020601527738,1.5716316228929437,0.0853906261142464,0.2905779107542213,0.0,0.08229821707572699,0.8136127138519201,26.107628434129136,41.0,3
146904,2.81870192439919,0.0,180.11010601793416,0.6610483277676394,0.5973074966131857,0.026198033914667747,0.07686774310307744,0.1321533861663818,0.07989911657905567,0.14726385588242943,21.73618234724847,14.0,1
60158,4.359420279727952,0.0,160.02683328748682,1.237995013338512,1.2909720999978591,0.037503497957860635,0.14284992485469716,0.0009961907158109078,0.0912961293942096,0.7195662755401635,27.521932587201942,7.0,1
52831,0.0,0.0,126.65158301037148,0.9511404885049599,0.43722778157262376,0.024666575841302687,0.29803299985297993,0.08859787959685464,0.08384328428839721,0.4387077377800461,21.822102315481786,38.0,2
981,3.3619271977508447,0.0,115.81581080200797,1.1105412085910351,0.8016444925314857,0.07759212050764247,0.12398442007630957,0.12297274213462288,0.11239606234866689,0.5178827095260955,20.362025840882808,6.0,1
8953,4.359420279727952,1.0,92.91597183722382,1.7818509781400034,1.0186256893922574,0.09754875144648864,0.013712425199831665,0.09658827078456002,0.07824336696718033,0.6108510766913567,23.472511525646258,64.0,4
139781,3.873488880460096,1.0,109.53833655513162,1.1360051413715428,1.5559343178098457,0.06697413709052649,0.2552398388978087,0.0,0.1401051097507518,0.4622253199987333,32.1642584748043,18.0,1
153986,4.824000686513771,1.0,79.01986962812803,0.9957462955575801,0.5527359021169996,0.10621872520381574,0.228815907594239,0.0,0.1028873097127769,0.4014014281029086,31.835147584396054,23.0,2
41865,1.5954046671017168,1.0,148.39239647095778,1.7818509781400034,1.0402249611304715,0.09815004583580092,0.21025463587619359,0.12651942629048368,0.10339044157515012,0.5410510166898501,21.957454971031904,52.0,3
50893,0.872923795046736,1.0,113.41876851595116,0.9904435638128387,0.6271184303094184,0.02844379682282684,0.3669392649501902,0.1315163736555853,0.0682595902191365,0.28870060070904596,26.47133054388267,68.0,4
91901,0.0,1.0,160.4867018806732,1.13316055416276,1.1241067643567022,0.04954523409962817,0.29488694732514714,0.1328516398667037,0.09195206939260495,0.5703153792725135,27.750305709596603,34.0,2
50310,6.117892928831929,0.0,121.07789143622286,1.1878644052004304,0.6484815224571175,0.032054095044992494,0.3106365471241815,0.14767258601261452,0.11600931508282333,0.762495346225589,25.98754515494872,18.0,1
24597,1.5954046671017168,1.0,85.63887669370071,0.6939649337958178,0.0815526230969729,0.03684347528477961,0.26232341760931527,0.14824048470688458,0.07160547706998972,0.05264518254042318,23.249060204170927,26.0,2
15365,6.117892928831929,0.0,95.20743960348042,0.7643869846402107,1.095087666887929,0.040085503505564654,0.2370566471492302,0.1438926333015115,0.11651353817190897,0.3674955385332786,24.73576739281887,9.0,1
71368,2.234779091684268,1.0,141.78231128758293,0.8625992772181287,1.0272417610184217,0.030629476337651843,0.05333381640356864,0.11796375845620094,0.07697095147323091,0.08605683009437633,23.11840449905621,47.0,3
67561,0.0,1.0,121.56156266090876,1.4499888131526906,1.0100410881731547,0.033661034023204424,0.06904635819192184,1.05999570756531e-06,0.07567160824092482,0.329649459445562,19.76984124386196,40.0,2
103361,5.701060861471607,0.0,86.99650128331758,0.9984031852273931,0.8409268716865445,0.03684347528477961,0.24675338874745154,0.0,0.1005400101632899,0.41872379767106116,19.20349344570075,46.0,3
66416,3.3619271977508447,0.0,99.90318255890743,1.2710355796097998,1.3077553750603137,0.0973955388973874,0.013712425199831665,0.0,0.08534643612555834,0.5276968367130614,24.002524786399874,21.0,2
74692,5.701060861471607,1.0,105.25375972232113,0.2619098650327388,1.799404877793913,0.03684347528477961,0.07764597405794815,0.14536778553847993,0.14223429322151535,0.020943561945788593,20.465290517091372,53.0,3
46365,4.359420279727952,1.0,141.7026458406454,0.787802634069226,0.5126805935065077,0.023890353676344383,0.3347211001219841,0.0,0.07824336696718033,0.48743361513789707,27.08650486155672,30.0,2
5895,0.0,1.0,112.89940122181477,1.2559580752183774,1.1129057238060638,0.05009339799691467,0.07686774310307744,0.08750648063471238,0.09479702346996888,0.5658914195524049,25.242180770893658,7.0,1
4193,5.701060861471607,0.0,141.4237661974153,0.8067838170617007,1.691784810850091,0.06492934472932263,0.0009985074216367666,0.0917439921320137,0.10160035464617702,0.539272361790861,30.686908697443233,43.0,3
17220,3.3619271977508447,0.0,117.9808947122021,1.4048176378816764,0.6130236887191868,0.030773095804082808,0.04267053998102646,0.0,0.08571582562284803,0.3444536710269561,26.64678325937355,44.0,3
39533,4.359420279727952,1.0,117.48491560178368,1.357305564867754,1.0862263751542853,0.11426718624503288,0.2988083318684791,0.0,0.11334218617191304,0.5932630825882477,25.969747765583392,12.0,1
63044,1.5954046671017168,1.0,134.15466322566292,2.199450696876145,0.6165363485918351,0.11218955999206842,0.04993499265901868,0.0,0.13075335469188817,0.555259355923415,22.17128293681795,2.0,1
133537,3.873488880460096,0.0,140.38723577991357,0.7140754272172378,1.5979622149768788,0.0454531762951517,0.030076783832280712,0.0,0.13451532550793535,0.5437179067418695,31.000518029732685,41.0,3
81641,4.359420279727952,0.0,75.13602510745473,1.2619772416422685,1.2201729728079924,0.09661164643050027,0.27621111607351606,0.0009961907158109078,0.13223076354193294,0.4378010692265794,24.267807781728337,24.0,2
76178,6.117892928831929,0.0,115.8824357864045,1.0144220302914997,0.7900082832763979,0.0332450285748339,0.10217491408483344,0.0,0.1301679680937354,0.3352063471934248,25.15256017543239,26.0,2
2316,4.824000686513771,1.0,117.85309362663497,0.9356488839762348,1.0818076464946016,0.04379041442699696,0.03325079712840182,0.0,0.06370578415960063,0.283089132646496,29.795634529772403,22.0,2
70948,1.5954046671017168,1.0,61.28777665110369,1.9744220162276542,0.41550924816995743,0.09612667909729579,0.17183062586123532,0.015065401060720823,0.12675805909983276,0.8457701312909116,23.62553700039402,47.0,3
19148,3.873488880460096,1.0,88.46297379394217,1.3261352750235784,1.1625640217662516,0.0708133464056408,0.16312805578940295,0.0,0.09540627374586548,0.8592610254589722,30.99802729018537,54.0,3
79189,5.270402895934253,0.0,118.17000398257059,1.1303197887629002,1.4055865716025768,0.10928782236190884,0.09715277734440843,0.0,0.11797137715506432,0.5738519916568867,24.190929433572116,9.0,1
24529,6.117892928831929,0.0,116.8299686926778,1.0171047814103484,0.9321184334126422,0.0340748050535792,0.22060518339361856,4.279930019765932e-06,0.054788337986521475,0.39500445441039295,22.97474570860649,40.0,2
11567,0.872923795046736,0.0,164.9776749791373,1.338555201025666,0.6719252777395165,0.06816008079340606,0.2930180791304926,0.12421788637162054,0.09259922813974525,0.563235334781676,26.35144773871423,34.0,2
16863,4.824000686513771,0.0,101.487492011807,1.6492989120715298,1.1489248154734721,0.06575768768239226,0.051809106786018515,0.013460140916795952,0.057669506168896024,0.6910625738607122,22.755480797418294,46.0,3
56666,6.117892928831929,0.0,80.64131601963525,1.4112216109464688,0.24193525533195437,0.06816008079340606,0.3159420989489345,0.14682824890277488,0.06561335504490168,0.40779027040891674,32.62936244119061,38.0,2
1417,3.3619271977508447,1.0,121.16955560637982,1.8899300099487994,0.6993657939488159,0.07941640169894552,0.13170501708479113,0.0,0.05940416375632923,0.8187012206330496,26.9952226399011,71.0,4
126216,3.3619271977508447,0.0,114.1175779154514,0.40592396093865335,1.458269339562285,0.06079598510061997,0.03594595641034841,0.14833020860305846,0.12883231270653828,0.21141456008304993,30.08617928558211,42.0,3
126929,6.117892928831929,1.0,162.58795754047733,1.0037280259604542,1.3125689770901088,0.030629476337651843,0.008880373055813805,0.007761030056575878,0.08571582562284803,0.4513843481564584,23.906814303401653,56.0,3
102901,3.3619271977508447,1.0,78.20737219327164,1.0993228154521477,0.3582878358476109,0.023107041720981665,0.3199421708962153,0.0,0.07610775407689287,0.4023146165258838,23.02952332660579,32.0,2
131146,2.81870192439919,0.0,108.35952931224934,1.9242320163545066,0.9760166024735442,0.03983142220934665,0.16697724760173577,0.0,0.06307618828727586,0.5720839688793614,23.41240479341567,53.0,3
24037,0.872923795046736,1.0,65.77675260557417,0.2077507315211093,0.036988310190462684,0.03345331143459896,0.3608675781391939,0.1481025603478846,0.07948948280021469,0.08214020476678746,23.173531219631315,15.0,1
44902,1.5954046671017168,1.0,108.85092067514114,0.8332466137621517,1.802207267989014,0.08253683745040954,0.0,0.09927414735503141,0.09259922813974525,0.40870230130966556,27.111080062201793,32.0,2
133219,5.270402895934253,1.0,105.79911359114753,1.1646618235594426,0.9362622300425101,0.02770197444137078,0.08455490089482158,0.14833816802967426,0.08961697180144913,0.1065584841555173,29.351585861835428,5.0,1
6353,2.234779091684268,0.0,81.13762627996466,1.3952422166886544,1.0773968561658953,0.05250168937457113,0.16033788778722907,0.0,0.07866163055322024,0.41325998704410216,26.7598629442318,31.0,2
155261,0.872923795046736,0.0,163.5444451508275,0.9000075885026969,1.1992887046249214,0.07007114572550133,0.19601848270027006,0.00017987628769379656,0.06612032024679311,0.3054950288257411,33.08393846127419,4.0,1
1661,6.117892928831929,0.0,112.03989437035679,2.0690952261837947,0.6920073491138415,0.10337243046019386,0.32858651853078835,4.149342134230936e-05,0.0807099107755365,0.6797957612726563,28.561561767657114,49.0,3
96952,3.3619271977508447,0.0,134.5660894560318,1.4761622725906902,0.8429110412156785,0.06697413709052649,0.08981251686689971,0.007761030056575878,0.08608269509259017,0.5357133001241309,22.09120446149621,16.0,1
121796,1.5954046671017168,1.0,85.41944593166508,0.2895952924904985,0.026826604585580806,0.036444621844153466,0.3629360322594781,0.14589872060048586,0.06055740107079281,0.17418739922926474,19.140793493854105,29.0,2
94113,6.117892928831929,1.0,99.04941403484152,0.7760517866541442,1.8190668370535943,0.07790245322973517,0.0009985074216367666,0.0,0.08497450704940865,0.304563566592905,29.80282428723274,48.0,3
119455,0.872923795046736,1.0,176.0961534209815,1.1849505506472449,1.1808620069999787,0.08253683745040954,0.0009985074216367666,0.14815534579246725,0.06727271957900667,0.06840247319254529,27.717796160197942,14.0,1
35949,5.701060861471607,0.0,109.69330741951943,1.7635911034941345,1.1580096007646004,0.10304203740104016,0.13422605430153228,3.819442593609889e-05,0.06535851276133421,0.6327591102779849,29.28997696961405,11.0,1
131533,3.3619271977508447,0.0,157.9893838841308,1.7273986281211327,0.6235837141668364,0.04899224740895944,0.0421449613639152,0.12711712559518024,0.07479010183432175,0.5062609762137036,24.74544983839433,22.0,2
53666,0.872923795046736,0.0,133.3814954681648,0.915196032112578,0.6883393129818888,0.058197109529434216,0.24493038553947208,2.399779968193371e-05,0.07907699494507488,0.1443692107658123,25.984869384765112,1.0,1
15436,3.873488880460096,0.0,144.60134808904897,1.4663162944046058,1.3173907569336416,0.032054095044992494,0.0421449613639152,0.004905852458809698,0.07389614600927014,0.4658339547302879,26.41196467114671,46.0,3
32,4.824000686513771,1.0,77.05698601226172,1.0117429819484791,0.21433736748688742,0.029178943760520885,0.3516246407894022,0.0,0.07113757653068406,0.3064263084600735,24.010994808687883,4.0,1
132479,5.270402895934253,1.0,108.66474660372208,0.8211656767816108,0.45137224364169387,0.03414355059055638,0.2916676693694916,0.0009961907158109078,0.1031396955853106,0.4050531875874435,24.70268939806528,32.0,2
116147,4.359420279727952,1.0,116.55350551433429,0.2864751481295496,0.3941347654998352,0.030629476337651843,0.3496341766766264,0.14746089258273198,0.10160035464617702,0.07036783745392333,22.75562715479984,43.0,3
119339,0.872923795046736,1.0,130.94229865680603,0.9667630100669081,1.1694107022410731,0.02844379682282684,0.06001745175361135,0.0,0.1005400101632899,0.36657593878089856,24.742821999721148,34.0,2
139454,0.872923795046736,1.0,100.26427956208732,2.085130386455116,0.6828512271475592,0.09943794886500139,0.035856492763473816,0.0,0.06391444984743964,0.3536834419639886,25.973495272755684,15.0,1
31436,4.359420279727952,1.0,58.30311226636098,1.1360051413715428,1.802207267989014,0.055419740524264245,0.24675338874745154,0.0,0.07907699494507488,0.7932167916851092,29.810987487198357,19.0,1
47370,0.872923795046736,1.0,118.21088677851894,1.1588997572047788,0.9362622300425101,0.05415767088325247,0.06371155827741139,3.0999632876556927e-06,0.05629957800231109,0.7040358811081453,23.175410623823634,7.0,1
107517,5.270402895934253,1.0,121.5208430859277,0.6036650358901219,0.5093894862776464,0.026953409443536608,0.3132018552457221,0.0,0.0652563208801996,0.4214534979133966,23.57612735499685,33.0,2
87903,3.873488880460096,0.0,90.99847514847968,2.137754682254632,0.6865080892331454,0.05117544300866493,0.22310681446648367,0.0,0.0626534392312979,0.5765029649516105,26.147617269128574,39.0,2
58064,2.81870192439919,1.0,150.78374192458847,0.7073417138831405,1.3562599631415344,0.029178943760520885,0.07056408099918726,0.002965912600349943,0.06727271957900667,0.417813571389132,27.442598779653004,46.0,3
22809,3.873488880460096,1.0,79.40403658188202,2.0650979323486176,0.6042741472907891,0.0348956968896556,0.04753277949200222,0.0,0.04376792636987779,0.6055804699512913,25.96372421652394,17.0,1
106589,4.359420279727952,1.0,161.7283824494001,0.5074297705021785,1.5067245784156227,0.059651224241981105,0.0,0.14796473604214241,0.12393343090235127,0.23889672081580507,25.787684858469113,38.0,2
34724,6.117892928831929,1.0,139.6590160403333,1.035987948999315,1.0294007007666441,0.025435779189136993,0.0,0.02842257543207075,0.07989911657905567,0.34168132433451065,26.323607378328294,13.0,1
75106,0.0,1.0,126.35299097808661,0.8235748656635028,0.7479254660277699,0.06931636345747896,0.2300164851229946,0.012377812595437692,0.09972625759298626,0.2313320887455652,25.341658069177786,38.0,2
152701,5.270402895934253,0.0,107.9817173606694,0.30854930501698025,0.09168757832020748,0.032756846992377936,0.3421683664621432,0.11563567166745557,0.06971386977315287,0.03484412765743814,28.200088462212065,29.0,2
61464,3.873488880460096,0.0,98.425446745038,1.3168623695632067,1.6485721689567856,0.07366089915094279,0.0039663320166400395,0.001313368803982143,0.12589889796513168,0.5196684304319891,26.374235431423664,19.0,1
150320,6.117892928831929,0.0,116.09252486644338,0.7051038664063272,1.550718696885937,0.05581785744347516,0.003976213546291906,0.10419795979212136,0.11220324037571663,0.19236282222973636,29.662470129187938,34.0,2
155160,3.3619271977508447,1.0,86.71880973498888,1.6318388174675127,0.8330093229215549,0.10390712915025974,0.21506826913802218,6.619832582514488e-06,0.07207008747600625,0.6624195015311976,22.16845293869222,12.0,1
135526,5.701060861471607,1.0,135.12774661271854,1.3045544042799484,1.6191785944337034,0.038157654766122096,0.34306426577321375,0.0,0.1362602573110338,0.6910625738607122,28.37888718616977,30.0,2
152018,0.0,1.0,111.94204653168161,1.0495876169697003,1.2388742016849947,0.0814343853848159,0.14764237027396704,0.0,0.08823206529773955,0.39683299385755855,23.862051271070353,66.0,4
2089,3.873488880460096,1.0,140.9903503141765,1.3920585419964056,1.0272417610184217,0.042516051572452085,0.047963148606897626,0.0,0.12717284007352847,0.46853879156411365,29.785396214796325,54.0,3
39612,4.359420279727952,1.0,101.73292538510601,1.2054289960576283,0.8568538604471809,0.10639383282620979,0.1153448023958126,0.0,0.05612665587296426,0.6196244736187164,22.0676060433438,19.0,1
47480,6.117892928831929,0.0,100.98069084808,1.2172165115891747,1.0906530470009785,0.053024146441152956,0.010628144321741403,0.0,0.09861591438912895,0.6090947568251034,21.707793813066736,9.0,1
27482,4.824000686513771,1.0,124.62016903158722,1.2923101708008011,1.2506282976724197,0.04438898378389238,0.05827753028861552,0.0,0.0807099107755365,0.7333370560811653,24.189946342569563,54.0,3
5303,5.270402895934253,1.0,112.40028108155649,1.1704392993079824,0.7104594698327914,0.04379041442699696,0.32402641652571607,0.020262220644609228,0.1151478184282261,0.6441179843263861,25.987812721674054,51.0,3
47132,2.81870192439919,0.0,120.99131060016705,1.5393873568146128,1.4734897236080668,0.05556935789140062,0.1153448023958126,0.0013331667289528135,0.0700010335231844,0.4775448150825342,26.762223508347613,4.0,1
123422,5.270402895934253,0.0,66.68699937288729,0.9279519897293446,1.481128021569572,0.03359185530961047,0.0017354855070401544,0.003861952916201526,0.13050531086363082,0.7023077593058966,22.459565784908143,26.0,2
95676,5.270402895934253,0.0,92.72024545428549,1.814995089313839,0.9238541349219103,0.09754875144648864,0.1658841956233759,0.0,0.08190524688566762,0.5232380909858012,22.84960413094612,7.0,1
118504,0.0,1.0,86.5585454063394,1.7745339005343035,0.5209398115245241,0.08707938669215522,0.1827532997044595,0.0,0.08608269509259017,0.39591880754975406,27.62100953546501,36.0,2
48621,5.701060861471607,0.0,129.33945831202323,0.915196032112578,1.4006167860242422,0.10247485139026782,0.055018869509493924,0.0,0.07253143383276514,0.755647248105166,24.144413668282585,25.0,2
131879,5.701060861471607,1.0,132.1300122603572,1.3635879022326585,0.6792018079786396,0.0431865287142909,0.09715277734440843,0.01769303436637822,0.07697095147323091,0.1971334117769646,28.26722845298101,7.0,1
26740,2.81870192439919,0.0,107.13742622469985,0.6078342526447381,1.6809306175645167,0.039448600807730404,0.0,0.14774638962373376,0.10557531116723944,0.4014014281029086,25.308710047446507,2.0,1
14327,6.117892928831929,0.0,139.29969373427073,0.7597450800680996,1.1218625664872488,0.06235797169475681,0.11601985112802114,0.026838662246328037,0.07066635954166857,0.15401045902161728,28.01072494057409,64.0,4
11810,0.0,1.0,109.65715035243332,1.2559580752183774,1.160285808401269,0.11228194452486069,0.1511740477018857,0.09809986301748602,0.1392561997042762,0.4973039056850378,27.020375493800508,46.0,3
54830,0.872923795046736,0.0,78.41331808667658,2.1541043833322413,0.5176307295664182,0.11775500593314492,0.003065879819353932,0.0015408626448579947,0.06510275914425293,0.12017050102339782,28.56118542328614,15.0,1
36835,0.872923795046736,1.0,70.7947274987698,1.670392228724202,0.986595383828515,0.09529309823863626,0.04727426418357692,0.0,0.1293803312247751,0.5561461496395317,20.795104477878112,37.0,2
95389,6.117892928831929,0.0,146.4366833475253,0.9563334199741291,1.1421322571741443,0.029907481693841425,0.02223288089874668,0.04439064878958389,0.08608269509259017,0.2774709371189399,24.18278300683018,42.0,3
2371,3.3619271977508447,1.0,127.05123496576611,1.2710355796097998,1.0250847906186369,0.021758936813273108,0.2818379910590027,0.0,0.11667954399222695,0.3407568569568942,23.18408346585657,60.0,3
45701,0.872923795046736,1.0,129.7026134898899,1.1303197887629002,1.5953196693962126,0.09929914618218678,0.012751715278126845,0.0,0.13008243038714398,0.7178426855050967,31.64294009643009,56.0,3
92835,3.873488880460096,0.0,107.121878230562,1.7708819284359916,0.8648633807671563,0.08636722143496323,0.12658456236904403,0.0,0.09195206939260495,0.7204278830259115,23.046070097145304,15.0,1
47069,4.359420279727952,0.0,101.29421884963753,0.9279519897293446,0.7958178421299469,0.02844379682282684,0.27711379178608764,0.0476762989730525,0.07298954199416931,0.25775370012333004,25.517615130311153,44.0,3
106477,3.3619271977508447,0.0,108.59233326387664,1.1791344541649518,0.9074185780413175,0.11547411277309645,0.03879524610014085,0.0,0.05929341831428709,0.6064592478239177,28.56043272438139,16.0,1
56820,1.5954046671017168,1.0,102.41656016055221,2.0412105181439637,0.7593119202228912,0.11155772458091937,0.03035010374323756,0.0,0.028439186123885074,0.4694400923118106,29.799534206649422,11.0,1
51529,0.0,1.0,125.13733447456728,1.4630425573980839,1.3173907569336416,0.08889717616409516,0.11803442510194988,0.0,0.07434469244013149,0.7384929225256075,28.93548165241902,22.0,2
119416,5.270402895934253,0.0,113.23368659029225,1.4467356640090427,1.1196203641016944,0.08226457702046334,0.18677221769714705,0.0,0.07824336696718033,0.6213775183157527,25.338663995233805,72.0,4
82408,5.701060861471607,0.0,131.55647795617392,1.1560244956058299,0.7197556293230039,0.030916456657733713,0.1285171062526024,0.0,0.07523239892816581,0.4910249444225651,19.3599776235864,14.0,1
50528,4.824000686513771,1.0,87.67951255937535,1.258965687733321,0.8749185103672998,0.05431056943270107,0.09859728595086668,0.0,0.07344443758622808,0.5605779646133879,23.001636956074666,39.0,2
31780,4.824000686513771,0.0,94.30553033492298,1.705891647744118,0.3177246618719395,0.04954523409962817,0.06655282238106731,0.14841601368529395,0.08190524688566762,0.2999035103297946,23.717174206990137,6.0,1
44390,1.5954046671017168,1.0,118.80346044733014,0.562679835601423,0.8251223509347365,0.032756846992377936,0.020358832082419225,0.004905852458809698,0.08644706391858864,0.2407859170145463,23.705501279221078,67.0,4
30240,5.270402895934253,1.0,106.53600168458738,1.116173191799425,1.1946699466487898,0.09800143618007766,0.08531212762005844,0.0,0.10718886451071041,0.25775370012333004,23.932852785570184,54.0,3
4022,1.5954046671017168,1.0,119.81904791233144,1.4467356640090427,0.7803636199698412,0.07007114572550133,0.1285171062526024,0.0009961907158109078,0.07113757653068406,0.3324287028011156,25.245046158332002,74.0,4
116058,2.234779091684268,0.0,122.43147814412488,1.8785764755549763,1.6945036831477611,0.03677714815628141,0.24747716982900486,1.2499403105719613e-05,0.09540627374586548,0.7573599992273963,26.50658985177889,24.0,2
123484,2.234779091684268,0.0,65.63783883621034,2.005688063444212,0.43254475308730655,0.07971180677246352,0.35113068640320727,0.14798361083700573,0.07344443758622808,0.2009461949148218,22.46429033753719,12.0,1
81107,0.0,1.0,118.16489349079794,1.580096699910016,0.8648633807671563,0.060841266472596564,0.13980511964077502,0.01983801902828137,0.04945575365459989,0.16459101751161073,23.479820529467272,42.0,3
123173,0.0,1.0,53.761877091767026,0.5546359185885782,0.032780357611208975,0.053799353682425805,0.375466997075387,0.14886448617601628,0.07113757653068406,0.4359872512326654,30.06474589365449,34.0,2
141621,4.359420279727952,1.0,118.41527043269522,1.0305741753174436,1.3857569851549003,0.05276348676969412,0.12333016422336632,0.0,0.0912961293942096,0.5897388344096739,25.234948097897295,10.0,1
92767,0.0,1.0,120.82831084655936,1.2439669833584739,0.5527359021169996,0.10491952425389725,0.3356800726978754,0.0,0.1348168549680558,0.6178708851250911,23.361828817350126,20.0,1
125856,3.873488880460096,1.0,116.47669354466125,1.1560244956058299,1.1286011489630472,0.03482762600454365,0.032618562018153184,2.599741769719704e-05,0.1446744784472235,0.14533430943290376,25.43883525143475,20.0,1
123749,4.824000686513771,1.0,114.46161917486023,1.0171047814103484,1.1218625664872488,0.058717534870942424,0.1482346753096205,0.0,0.10958238112235452,0.45590417500931824,26.911569118187813,74.0,4
55809,3.873488880460096,0.0,147.397675603739,0.8163577776207587,1.1831582989482943,0.0614711458158501,0.21636042191977492,0.11526079396946651,0.13131606348807848,0.2952388627866774,25.19603129448259,1.0,1
8329,5.701060861471607,0.0,62.934509772502466,1.5427567021324977,1.0751944363573847,0.06737279893323408,0.06896625627207055,0.14852705119053974,0.07479010183432175,0.5844482742465293,31.784693201379536,15.0,1
64074,0.0,0.0,136.2400452476212,1.5562760176399235,1.088438717875863,0.04379041442699696,0.2951518841877521,0.14726883638737148,0.10133787158252591,0.1703513804874109,26.06265794987809,29.0,2
147202,1.5954046671017168,0.0,109.63132283236763,0.37980950185913204,0.009730842517642824,0.03379920531112484,0.37405960254010995,0.14840069542405054,0.06617081820143467,0.1133700089043509,21.361958360487918,38.0,2
135737,5.701060861471607,1.0,139.33463367071658,0.9851555438001129,0.8055384298711078,0.025205750969036836,0.14704857682625724,4.709152624487758e-05,0.06860169549037468,0.39043018103571125,31.222945176209823,53.0,3
85901,4.824000686513771,0.0,101.45615399219771,0.5891743712319182,1.5351222119478976,0.03783130597669388,0.00029187261702227804,0.0,0.1228099104642298,0.15112035188052228,30.76089633196935,3.0,1
51849,3.873488880460096,1.0,83.96702801456017,1.1907821343351075,1.208550416448057,0.03976776049636358,0.19071575807816873,0.0,0.1031396955853106,0.5410510166898501,28.82505020090748,15.0,1
113791,3.873488880460096,0.0,114.48728796036558,1.8710297385230998,0.744145053523369,0.10567800055765059,0.20257379790106939,1.1199952079569987e-06,0.08534643612555834,0.6519686275075127,22.902106027610476,28.0,2
146315,5.701060861471607,0.0,78.26699604214639,1.752687621763492,0.6007871602881386,0.11180732738915318,0.24085046066065832,0.0,0.04228735516007885,0.8853183941463452,29.7913688579891,21.0,2
123002,4.359420279727952,0.0,120.97603070882894,1.9319040049871248,0.8270912295607865,0.04926934653047175,0.16201610323787796,0.0,0.07567160824092482,0.1443692107658123,24.746279642926567,11.0,1
12228,0.0,0.0,134.1697185870992,0.8552135014387723,0.8290620173475927,0.025435779189136993,0.0760873691556447,0.0,0.08111111514562246,0.5791526678427404,26.920582440686434,57.0,3
17519,4.359420279727952,1.0,92.70966397109194,0.8308234223741906,1.178567726183657,0.04626927926115054,0.14645328997075285,0.0002836921249155721,0.1268626611347868,0.20189888019114546,22.608804628562744,27.0,2
109846,2.81870192439919,1.0,134.70151961840082,1.1995585970342593,1.331905210558965,0.09239789907154937,0.12658456236904403,1.8999862089333166e-06,0.14050625074998277,0.755647248105166,20.151740556445866,12.0,1
7545,5.701060861471607,0.0,135.67904884523998,1.4926549618789116,0.7347269443802338,0.09677083598355257,0.1523395503043589,0.0,0.08497450704940865,0.4504799087144882,28.06078230887316,32.0,2
133813,3.3619271977508447,1.0,141.0850206339916,1.8484962499838813,0.48655249206632356,0.04753157248029405,0.1297971916212612,0.14772552432777777,0.1005400101632899,0.4359872512326654,28.55604171066273,19.0,1
85065,5.701060861471607,1.0,110.16319450064805,2.2961028186304904,0.46247264093949164,0.08360405773041377,0.22841394966772371,0.0,0.08422295110813957,0.6936595288584673,24.700058479881683,1.0,1
6681,2.81870192439919,1.0,93.17508654629233,1.867263047261125,1.2648001779253042,0.07851550707857491,0.0030064235184982416,3.609950214540376e-06,0.053308042521598584,0.384019149597404,22.31633053838168,71.0,4
9089,0.872923795046736,1.0,114.87222109749852,1.437000860302872,1.0036232661278224,0.04027547220123451,0.23551596238262423,0.0,0.06840641496750414,0.58621235383743,26.240231728842833,48.0,3
6155,1.5954046671017168,1.0,92.18036954645764,1.9319040049871248,0.7669406212233013,0.11081194339916868,0.06792290495168428,1.0499578828903642e-05,0.05984555154985277,0.41872379767106116,22.121946606078566,33.0,2
10041,2.81870192439919,0.0,125.89731685455394,1.2290664655179893,1.6972246861723046,0.040085503505564654,0.05752870250965461,0.0,0.1279740703260935,0.6632895533953425,27.413582339009096,47.0,3
8141,6.117892928831929,1.0,125.62886497645506,1.035987948999315,1.558545279477859,0.09628957850027947,0.13296876435285718,0.002965912600349943,0.11141967447734964,0.6693762543425813,25.051066078517227,1.0,1
99589,3.3619271977508447,1.0,87.93011513073084,1.2113149601562354,0.26345648549552336,0.05636078343304576,0.34879317068115623,0.0,0.0878799146864748,0.42509082013318533,33.319835809711485,44.0,3
67772,6.117892928831929,0.0,97.6066156894305,1.2862118976616896,0.5817394956459299,0.11672992814140581,0.07135967865258865,0.0,0.09630503739313614,0.3110799737441455,26.13162672513103,6.0,1
116773,6.117892928831929,1.0,127.69839072963426,2.1787686595395814,0.2499554292750488,0.036909743172268895,0.339250157636579,0.14854135749879283,0.07253143383276514,0.44595533372469104,26.637049214001017,1.0,1
30991,0.872923795046736,1.0,106.67603166800119,1.3920585419964056,1.2695403925683402,0.029105727562491277,0.03225671020274005,1.299993543876413e-06,0.028985133900341215,0.7247340486652429,22.606452606938774,53.0,3
85823,1.5954046671017168,0.0,143.35439540418136,0.9615409198141054,0.3049719219434852,0.039448600807730404,0.35859992229882215,0.10471070569581331,0.065765824499414,0.3110799737441455,25.89512264065037,9.0,1
92094,3.873488880460096,0.0,114.12271394924586,1.4532460742582065,1.7603971408092527,0.07501499474701619,0.004962882796202298,0.1413336012658936,0.12816865300364028,0.38126903601002826,26.89797993619318,29.0,2
23513,5.270402895934253,0.0,109.53833655513162,2.0372453139730755,1.0973079588623809,0.06497109712949818,0.11803442510194988,7.059809588271215e-06,0.06307618828727586,0.5508232274881332,27.285142791372994,33.0,2
90140,4.824000686513771,1.0,143.82156304193364,1.433764130961678,0.6956828410527327,0.029105727562491277,0.011111986864713333,1.8199873458758838e-06,0.07207008747600625,0.41417103144871215,25.967338459850065,52.0,3
29000,1.5954046671017168,1.0,77.11130420475469,1.1849505506472449,0.06101068640631547,0.03577509228302261,0.33663084347941513,1.839987066113461e-06,0.07866163055322024,0.5950243716781197,24.864748395682312,25.0,2
114966,2.234779091684268,1.0,111.62266843010227,0.463866698007316,0.48979344763555255,0.02770197444137078,0.3496341766766264,0.11830585579778928,0.07989911657905567,0.1818493657511305,23.193476577002514,41.0,3
35733,1.5954046671017168,1.0,102.44785603581087,1.4663162944046058,1.0143294574313837,0.07790245322973517,0.3405366000964289,0.00999887399251294,0.07610775407689287,0.8398587829557217,27.26184005999603,58.0,3
10908,0.0,0.0,155.3488052760999,1.2113149601562354,0.6359874431092684,0.025588783791389107,0.3399871369797906,5.518836136316648e-05,0.06757025544188588,0.4223630722672164,25.431504791779584,5.0,1
146009,3.3619271977508447,0.0,123.0058491107879,0.8849480810453934,1.6325075429004299,0.03482762600454365,0.0,0.008698409363821236,0.12556619701215935,0.6493529401476361,29.87429171033805,52.0,3
19263,1.5954046671017168,1.0,138.15096636848395,1.1966292274711101,1.0315616104748004,0.03414355059055638,0.22060518339361856,0.0,0.09889625578485943,0.6563254629183313,25.00151916667414,35.0,2
120440,0.872923795046736,1.0,114.9748387557418,0.8774664929240397,1.6863534561629305,0.06697413709052649,0.006927442155667886,0.0009961907158109078,0.10718886451071041,0.5499355690315485,24.25799673601691,16.0,1
113686,0.872923795046736,1.0,108.0697178220558,1.4048176378816764,0.7234872037486205,0.11023371510657519,0.23667272982350548,0.0,0.0929195560165614,0.5017843279773949,25.20258855625608,61.0,4
122658,5.701060861471607,0.0,62.72760709269711,1.5125831187873215,0.8911068094754843,0.11590089074027247,0.21245753954102564,0.0,0.08534643612555834,0.6849985289500192,26.153745215984678,55.0,3
98266,2.234779091684268,1.0,122.67042254685671,1.0770677015296135,0.48655249206632356,0.024666575841302687,0.1997904096162951,0.1312356419071509,0.07207008747600625,0.18376276966746116,19.36715206177305,22.0,2
53819,0.872923795046736,1.0,87.06590441133139,1.4499888131526906,0.7803636199698412,0.08845352666152759,0.3265356852367424,0.0,0.0994514137349725,0.7522202886606224,28.023054370099242,33.0,2
91440,0.872923795046736,1.0,127.0613503987683,0.7276338680333096,0.4047791174136846,0.02770197444137078,0.3244483425283577,0.1276978124983628,0.09570786137811908,0.2511625677425661,27.508678216325094,22.0,2
59768,3.873488880460096,0.0,141.9167321868414,0.47507469484593656,0.2771257817307102,0.024898070612616233,0.33394795317970766,0.0,0.1301679680937354,0.20856198321458377,20.93518722689768,14.0,1
148866,6.117892928831929,0.0,94.55882166256826,1.698757269387999,1.4105646242891337,0.03932053869617266,0.05577404736193073,9.766354476204327e-05,0.12737664277608474,0.4847385124396228,26.486124851820847,29.0,2
127901,4.359420279727952,1.0,60.44519334084163,1.0550536357269065,0.6755598265644066,0.05390195258396368,0.2524586145099518,0.03341150046598758,0.07434469244013149,0.0719394466187647,28.56030727324648,59.0,3
81049,4.359420279727952,1.0,118.37439774229657,0.9563334199741291,0.6042741472907891,0.07400365818851558,0.22598348239194627,0.0,0.13825110258147574,0.4667357229045698,24.533369713193533,46.0,3
9571,0.0,1.0,162.3682419794371,1.104924423867234,0.666487379299709,0.08777467453951815,0.28528427046142996,0.14833816802967426,0.06677399494927812,0.3277957400099712,23.65663214049111,27.0,2
86604,4.359420279727952,1.0,88.74520322354867,1.1560244956058299,0.9176762744407007,0.0756753591574628,0.17289483365382932,0.0,0.08927426336727629,0.35829179556682933,26.820536922628637,21.0,2
20383,2.81870192439919,0.0,161.59645790295625,1.1733338226503915,1.4431238001219762,0.09239789907154937,0.15694397548208475,0.0,0.12417503957929378,0.4775448150825342,22.98390564891042,16.0,1
4954,2.81870192439919,1.0,99.71471013700065,0.8043990271576443,1.5299401608787968,0.04747472386211118,0.0012875171566777142,5.518836136316648e-05,0.11583914795584942,0.49640736697300886,33.54616379721037,47.0,3
45131,5.701060861471607,1.0,100.63042014941963,0.8259875510638431,0.6449025530655125,0.019081595335761373,0.1857746293957585,0.12353430773619678,0.1046199903677044,0.3564489745952911,18.40577185063042,42.0,3
90491,3.3619271977508447,0.0,152.7707387554651,0.6437972553886573,1.5559343178098457,0.03854735724850431,0.0011380606057794034,0.009545277574136757,0.11859386596217729,0.14050664092053686,32.62386598567708,29.0,2
78261,5.701060861471607,1.0,170.1789335417259,0.7690426018513223,0.8911068094754843,0.08360405773041377,0.33355937323453344,0.003939573289650818,0.14102071554914306,0.5844482742465293,24.556037648238288,1.0,1
142096,1.5954046671017168,1.0,103.43818846580288,1.0550536357269065,0.7178926528129836,0.11502415564634373,0.040121861786722945,0.0,0.06937729944019633,0.4775448150825342,24.055288368955125,39.0,2
5314,5.270402895934253,0.0,94.00462069132782,1.3698863849283012,1.2981526855390904,0.029178943760520885,0.21245753954102564,0.0,0.08268848505094586,0.7607840476203711,26.589264676891517,50.0,3
862,0.0,0.0,147.20951090937365,0.9025300258404296,1.3343314548273377,0.030629476337651843,0.15175752601352488,0.143636653736861,0.10807879371529658,0.553485336862008,28.06078230887316,23.0,2
94088,4.359420279727952,1.0,160.57963106633287,0.9000075885026969,1.2271707574696977,0.030629476337651843,0.3281792315993521,0.0,0.0692325431781873,0.7376339196406687,26.177448519589095,1.0,1
99587,2.81870192439919,1.0,101.02772890333637,0.7760517866541442,1.476033739652881,0.03414355059055638,0.1252878557882259,0.0,0.09718602680360759,0.7770219563481559,30.148119897443923,1.0,1
35383,4.824000686513771,1.0,76.14362147690497,2.073097115660239,0.7197556293230039,0.08334048687121909,0.2048640371828363,0.005912570394110578,0.05704457738396264,0.8786040856397384,29.443587953032846,27.0,2
68004,0.0,0.0,136.60051103329772,0.9877977162194078,1.5900409064989947,0.05918638842682127,0.020358832082419225,0.0,0.13760690776185333,0.4856370331868439,23.672881918159273,36.0,2
133722,5.270402895934253,0.0,115.75430594983773,0.8067838170617007,0.35241044535141897,0.10270424619248793,0.2463903411380815,0.0,0.14231938006924472,0.35829179556682933,23.653637938407392,1.0,1
37014,3.3619271977508447,1.0,113.73741953946951,1.9511627062983132,1.5299401608787968,0.10188625402023829,0.1658841956233759,3.5595158850651634e-05,0.07866163055322024,0.6196244736187164,21.105911533108877,29.0,2
25457,4.824000686513771,1.0,77.806097752087,0.702869376209742,0.6377667747259554,0.044982288551343556,0.35195260131748,0.14569028301229384,0.10741349334001439,0.14340389481984422,23.19535489146106,49.0,3
89389,1.5954046671017168,1.0,146.7290392778166,0.6763163713235399,0.8628581206184712,0.060112080397729396,0.17917339349527653,0.11726697350035167,0.11041192561352685,0.37300954001041753,24.8008670588855,28.0,2
13264,6.117892928831929,0.0,135.40343792287692,1.2953652640842788,0.9844757146265559,0.03841768798409405,0.0013771589676830082,0.14845377296858217,0.05951474954144742,0.1007111868006316,26.5054018553542,1.0,1
139141,4.359420279727952,1.0,141.43870817492333,1.4728761491942823,1.5663907762113518,0.04257727432062326,0.10429869371523375,0.14747246542893316,0.1329476683409684,0.29056960183628,28.81158445925416,54.0,3
105399,4.359420279727952,1.0,113.4136279349017,1.573269725078865,1.458269339562285,0.050636785623080244,0.06655282238106731,0.0,0.09804963764136568,0.6493529401476361,22.806082685317538,4.0,1
114514,1.5954046671017168,1.0,114.40514494812646,1.5528898930012174,0.9612883852905215,0.036177528458350545,0.23896380348877203,0.0,0.07066635954166857,0.8508325917028582,26.849595868197937,52.0,3
6583,1.5954046671017168,1.0,126.46434217902889,1.3292342453589678,0.7938794242950211,0.11150678063934065,0.2535070519600315,0.0,0.12079744792434513,0.24644882252897388,22.976345240559287,62.0,4
48420,1.5954046671017168,1.0,130.81639135718257,0.6120164099140819,1.637853941661252,0.060112080397729396,0.004962882796202298,0.0,0.10696278729458521,0.567661430117058,27.191071939540986,67.0,4
85387,4.359420279727952,1.0,132.31105423199085,1.116173191799425,1.496460907685237,0.029178943760520885,0.14764237027396704,0.0009961907158109078,0.08571582562284803,0.8237855713050897,28.021020904716988,27.0,2
55982,0.872923795046736,1.0,130.93726269780572,1.0224814030232345,1.1557353982549923,0.032756846992377936,0.02223288089874668,0.0,0.06727271957900667,0.35460545987661984,26.938733478943032,48.0,3
20061,0.0,1.0,114.35893579670243,1.7273986281211327,1.0143294574313837,0.0629697855231779,0.3441294643385888,3.2795890398977504e-05,0.07066635954166857,0.5641208390442669,22.60777563936613,1.0,1
144265,2.81870192439919,0.0,119.60480569713546,1.5766811031181405,1.450687222114931,0.052972105261715856,0.024281725579114514,0.0011350514459103735,0.12787593330562827,0.3821859095722139,23.91063636690096,19.0,1
61451,4.359420279727952,0.0,118.49700975906823,2.029328621294194,0.48331867960419655,0.09239789907154937,0.1796884828622201,0.0,0.07019179955184995,0.8356329859662347,26.23770641145793,45.0,3
113688,4.824000686513771,1.0,170.63961656041803,0.511294898436353,0.2040163401875707,0.03155839396012166,0.36322782224080397,0.0025841704070067462,0.07434469244013149,0.22185852236336234,20.840316200241574,43.0,3
22442,5.270402895934253,0.0,121.89233692055757,1.0770677015296135,0.8270912295607865,0.11337715424276261,0.13170501708479113,0.0,0.06697391089549902,0.567661430117058,21.717611814185883,18.0,1
74726,5.701060861471607,1.0,42.310085815263,1.2142637860645362,0.22214766867345095,0.11904837303824638,0.2722361158306361,0.0,0.128645412749902,0.35829179556682933,23.873105644140335,34.0,2
44060,0.872923795046736,1.0,158.07271860663025,1.3261352750235784,1.1084392632811322,0.08334048687121909,0.11398938173084487,0.0,0.09630503739313614,0.4050531875874435,23.305418502305272,11.0,1
145995,4.824000686513771,0.0,105.35766772408167,1.792859470542298,1.2016011071995636,0.055119335881662256,0.27499908171005494,0.0043849746567379486,0.08268848505094586,0.8246325601771349,25.292225124410486,39.0,2
78288,0.872923795046736,1.0,104.51038921967178,0.870016916351664,0.9012871754952682,0.11375070569540104,0.08379560804947994,0.0,0.12910867417091867,0.41325998704410216,27.40132466707569,19.0,1
98828,5.270402895934253,1.0,112.791371092746,1.2350149125555943,0.7403721686283902,0.0689341804959577,0.04993499265901868,0.11914319391400896,0.10557531116723944,0.37025330913284016,30.995892261266047,24.0,2
159288,2.81870192439919,0.0,96.32390670126598,1.4728761491942823,1.368514367277708,0.11052780242844104,0.03932657754441072,0.0,0.10160035464617702,0.5125219727084062,23.569981966922377,26.0,2
155099,4.359420279727952,1.0,69.9583286428641,1.0826088263724851,0.4201341924731819,0.05824462509301763,0.20757782895809845,0.1452620444003605,0.12107639339864908,0.4622253199987333,28.98618098612914,11.0,1
156736,3.873488880460096,0.0,133.2659673345129,1.3045544042799484,0.9993545321705947,0.11005232819260728,0.08303424155368089,0.0,0.10915962010817792,0.3739279421988962,25.91778015417635,13.0,1
112045,5.270402895934253,0.0,157.39114946164338,0.6099237123615296,1.3416224885557462,0.06776810307407538,0.06411915306100532,0.0,0.13025302191889332,0.384019149597404,24.706981541540735,46.0,3
59812,0.872923795046736,1.0,114.12271394924586,1.0251752790418884,1.0143294574313837,0.1090864959917678,0.06574385880311132,0.0009961907158109078,0.12215914027194473,0.45319275256535035,25.516125133830034,10.0,1
142116,5.270402895934253,1.0,81.75202035532092,1.5766811031181405,0.33638992661846345,0.11364120324581317,0.3329739778200281,0.0,0.09162520541474937,0.44504994222165256,29.798071868771963,11.0,1
54015,5.270402895934253,0.0,125.80108882064462,1.2290664655179893,1.460800869304105,0.0851415328131488,0.013616481645214139,0.0,0.07610775407689287,0.31386999284176065,23.191020164872935,5.0,1
54079,0.872923795046736,1.0,73.06576176670355,1.4048176378816764,0.6520678855900447,0.04257727432062326,0.07056408099918726,0.14245895917801923,0.09889625578485943,0.6875981751909847,28.056845994223178,19.0,1
15178,3.3619271977508447,0.0,113.47017249405161,1.3857033743699478,1.393177598252768,0.029907481693841425,0.003976213546291906,0.0,0.030682348545883937,0.8347874850681226,25.920862681136203,69.0,4
115763,4.824000686513771,1.0,144.51694191481002,1.4176418973042995,0.4419266939684234,0.036177528458350545,0.36438587767963854,0.14397553805943164,0.05306868496164823,0.4928196937814543,25.971621565081644,19.0,1
1725,4.359420279727952,1.0,122.14669125251903,0.8503073162091651,0.9908405959351675,0.02604613551591319,0.0010583230725857494,0.0,0.04174296005913495,0.21616482417443889,23.19463247495981,14.0,1
26620,4.359420279727952,0.0,81.85974085581813,1.2201731395132756,1.1331035227505035,0.06776810307407538,0.24009823882222112,0.0,0.08995736455673303,0.742786092544838,22.294228054609256,59.0,3
158468,4.824000686513771,0.0,131.87850611387915,0.6961860220856041,0.16996042887706822,0.03822275004970231,0.3699650424587189,8.847008638790118e-05,0.06855292732719263,0.22091007236670035,25.42471605089861,52.0,3
1454,4.359420279727952,1.0,119.97714391167253,0.9433783587917097,0.556120840764112,0.05276348676969412,0.29803299985297993,0.1481203004297145,0.04685152863155863,0.49461383429655437,30.479809127584115,55.0,3
2050,4.359420279727952,1.0,116.55350551433429,1.249954663221884,1.1854566026281719,0.03134499269087866,0.1146679813352171,0.025231074929758734,0.1192013035939258,0.4999926128156961,26.897457182020702,77.0,4
154896,3.3619271977508447,0.0,120.90472089662599,0.7854455645604872,1.1443944415571772,0.03134499269087866,0.19314302867308558,0.1483852528753606,0.11583914795584942,0.057575934581328994,26.23584554556462,25.0,2
104666,4.359420279727952,0.0,105.03030784683119,1.5427567021324977,1.1923635900503382,0.03893498113615136,0.221024451677974,0.0003535217479029862,0.10080771222471868,0.3305760518370182,23.04752118627472,5.0,1
4429,1.5954046671017168,1.0,130.17147358855516,1.3635879022326585,1.0164765902676833,0.10665182007938102,0.26494198701602334,0.0,0.09718602680360759,0.4883316765960209,23.17338664582171,72.0,4
74735,5.270402895934253,1.0,121.54120311746767,1.1791344541649518,0.9487402689416761,0.032756846992377936,0.028706613028225754,0.007761030056575878,0.08927426336727629,0.7410691930752554,27.20754384536996,40.0,2
159106,4.359420279727952,1.0,103.22981041289214,0.3953989566038604,1.1877569186390118,0.047871617065426426,0.0,0.13833355630017338,0.10604378231919075,0.4495753109342876,30.531015111753845,22.0,2
112981,6.117892928831929,0.0,133.0851118826504,1.8899300099487994,1.0973079588623809,0.10482157753073958,0.13980511964077502,0.0,0.06510275914425293,0.31201016143727445,27.047074807007682,11.0,1
1155,5.270402895934253,0.0,106.51525426520152,1.7202123044997546,0.5646149391973504,0.08845352666152759,0.24159944956993276,0.001984806558653298,0.07739805058592603,0.5446065792778642,26.81176267046648,69.0,4
141425,5.270402895934253,0.0,140.48196425096717,1.1218203956730715,1.2039155262962848,0.027103665101560117,0.0005904783873968901,0.14826535491985524,0.12065670517582489,0.5463834888224122,26.502101675258384,14.0,1
53732,0.872923795046736,1.0,122.47215424206613,0.7459014238100226,0.16996042887706822,0.04730387785758131,0.3638086632494495,0.1354989830225169,0.12393343090235127,0.1999933056484613,22.00539224747322,32.0,2
137375,0.0,0.0,102.54695063292871,1.6916401609057337,0.2895725784580875,0.09887638189285769,0.1636819881963965,0.02110588240330083,0.07654086052747315,0.18854264528804643,25.137511136634195,9.0,1
66043,6.117892928831929,0.0,112.18406891835888,1.580096699910016,0.9176762744407007,0.08822904207283068,0.28067097514130473,0.0,0.09029545927515505,0.5446065792778642,23.19217614537299,37.0,2
65827,5.701060861471607,0.0,116.75318276242685,1.8002204158456978,1.4532125165491048,0.05223874875548161,0.006927442155667886,0.1396412586439127,0.09718602680360759,0.5214535572646147,26.852605255906447,21.0,2
25041,0.0,1.0,159.47376146706875,0.4675905146382711,1.8360040273160725,0.09858915255184081,0.0,0.12448573823958835,0.14059519997011408,0.45590417500931824,32.629476943906724,37.0,2
7089,0.0,1.0,145.81204952492033,1.7346023120600809,1.582138574210083,0.09334166241755217,0.020546730784321666,0.14654419920233344,0.09355379050258464,0.39774701348203345,29.178733327068418,20.0,1
115807,0.872923795046736,1.0,126.90960679115997,1.1937037408317457,1.1106714973128837,0.10648044685009093,0.08981251686689971,0.0,0.06995325756968657,0.5596918883888553,23.58812918114006,43.0,3
134725,3.873488880460096,0.0,130.44864262700165,1.1878644052004304,0.7880755588262914,0.03414355059055638,0.16257276229220186,0.1194711125043972,0.11667954399222695,0.7727530213566,26.068932960280257,36.0,2
84670,2.81870192439919,1.0,142.25021640122307,1.5259518253987494,0.6147791006233524,0.0311310141664868,0.21764387222561646,0.0009505326510286488,0.06469164859324981,0.5932630825882477,26.37330828666405,16.0,1
290,1.5954046671017168,1.0,88.16995835292055,0.9563334199741291,1.1421322571741443,0.05009339799691467,0.09277239074984024,0.0,0.10437726552568219,0.3240861578407269,31.729748392082186,46.0,3
32004,6.117892928831929,0.0,62.88419098740378,0.7051038664063272,0.3063820695190575,0.037503497957860635,0.37050428781081524,0.0,0.08644706391858864,0.3054950288257411,25.749740539982042,9.0,1
76842,2.81870192439919,0.0,173.90295397521066,1.0468602170294494,0.7650306132434314,0.03482762600454365,0.29408908075890394,0.0,0.10533879505897356,0.5454951065995263,26.672816520370624,40.0,2
53839,0.872923795046736,1.0,84.68564150981057,0.8211656767816108,0.8389446157210648,0.1069043158630909,0.07373331035081927,0.0,0.07479010183432175,0.3101496044938338,29.102882055638794,15.0,1
107682,0.872923795046736,1.0,101.3621316342342,0.7163267310388866,1.7798483767676978,0.0711798012622476,0.08531212762005844,0.12539887678696096,0.1432248914557322,0.16459101751161073,26.968097023416497,18.0,1
33018,5.701060861471607,1.0,149.41087079489017,0.6352505547361027,0.6773798878749421,0.03482762600454365,0.3106365471241815,0.003939573289650818,0.09972625759298626,0.4784445662216481,26.33580657030251,26.0,2
80455,3.3619271977508447,0.0,107.88335177013695,0.977251050003743,1.5403126485640692,0.0300524019955432,0.001655890653456347,0.0005319163698786008,0.10160035464617702,0.3766821266125737,27.289284079741087,22.0,2
11532,3.3619271977508447,0.0,123.69661895465411,1.7708819284359916,0.5093894862776464,0.05728648091811103,0.19217553698332104,0.0,0.11443906789033216,0.5525981112890355,25.61379822444827,47.0,3
5168,2.234779091684268,0.0,121.16446341288926,1.237995013338512,1.0229297889556126,0.10390712915025974,0.017527096931831115,0.0,0.07434469244013149,0.372090967206333,28.10684727863995,54.0,3
64854,3.3619271977508447,0.0,128.55212029366834,1.8899300099487994,0.7012100698643479,0.10852846367617025,0.1153448023958126,0.0,0.08961697180144913,0.24739195922341117,28.424221926682414,28.0,2
31076,5.701060861471607,0.0,41.67076556734355,1.1704392993079824,0.8251223509347365,0.03604362302059359,0.09203541848258019,7.687741347068873e-05,0.07207008747600625,0.14340389481984422,22.513120776609092,35.0,2
4243,5.270402895934253,1.0,79.38780953891327,1.4532460742582065,0.26481583262082403,0.10432098682144851,0.30777806438605254,0.14831419246295957,0.10510074374136276,0.38951482378095875,20.70994039730459,32.0,2
44189,1.5954046671017168,1.0,113.58838900843988,1.0770677015296135,0.744145053523369,0.039448600807730404,0.1580808751609178,0.0,0.06370578415960063,0.7135315184130544,27.532481500565414,55.0,3
5818,5.270402895934253,1.0,119.91084922099972,1.2649927397327414,1.178567726183657,0.06697413709052649,0.1658841956233759,0.0,0.05940416375632923,0.5187756442984244,24.30702517181019,70.0,4
117717,0.872923795046736,1.0,96.02390693652535,0.8163577776207587,1.088438717875863,0.03684347528477961,0.23160499351003486,0.0,0.12578864764343925,0.5747357907610485,23.431351789180162,29.0,2
62892,4.359420279727952,0.0,105.09787022347766,1.5125831187873215,1.3416224885557462,0.04257727432062326,0.07686774310307744,0.0,0.10718886451071041,0.47484463488452405,25.302035212352717,44.0,3
30673,0.872923795046736,0.0,88.5428630598737,1.593801330922556,1.1443944415571772,0.10755176218457028,0.17342500988932696,0.0,0.10915962010817792,0.4159926286676566,28.183254762233574,3.0,1
96592,5.270402895934253,1.0,86.12027336192483,1.5427567021324977,0.8133491362738893,0.10337243046019386,0.3329739778200281,0.0,0.1293803312247751,0.46763733513873956,27.30183474492709,3.0,1
98600,1.5954046671017168,1.0,115.63640857939363,0.8749797475547563,0.4466415085671937,0.02844379682282684,0.3521161806147746,0.10367860948018143,0.08858182813778119,0.3757642353460366,27.348250991948994,40.0,2
129368,2.81870192439919,0.0,107.5519206203876,1.0332792011007887,1.2271707574696977,0.03880600336970576,0.1744815277128284,0.0829140479175491,0.09889625578485943,0.6685071173338719,26.83362918869661,58.0,3
29482,3.3619271977508447,0.0,158.84204204206517,1.5835165182702335,1.3005502950795864,0.080004802065222,0.06174715774109704,0.07437731585469125,0.04857530462566982,0.44867055468068734,26.373175835603686,67.0,4
183,0.0,1.0,120.87415770611942,1.5596663441426157,1.0272417610184217,0.10258997345819416,0.13672143769829853,0.0,0.09355379050258464,0.30176808255591336,20.637983655992635,53.0,3
105386,0.0,0.0,60.343971795661176,1.2953652640842788,0.7880755588262914,0.09080883719607807,0.2818379910590027,0.08563797173021095,0.07434469244013149,0.5976652639695638,32.18113872749799,9.0,1
150363,5.270402895934253,0.0,123.11762886115969,1.8785764755549763,0.5292440246282983,0.07501499474701619,0.1902268730920707,0.1321533861663818,0.07697095147323091,0.1443692107658123,23.910494816354557,19.0,1
35239,2.234779091684268,0.0,75.9966856782323,2.1541043833322413,0.5077466257061825,0.1090184426822874,0.3125073551215127,0.0,0.09323773806836998,0.6327591102779849,26.64691478396043,38.0,2
55399,5.270402895934253,1.0,98.08438581192378,1.1907821343351075,1.6218401523063755,0.06283929797352636,0.31526264655559255,0.0,0.1293803312247751,0.8127642241578598,30.081094342753918,3.0,1
96574,3.3619271977508447,0.0,90.40405250393525,1.0770677015296135,0.850866867530047,0.1057697557925517,0.2053189330857846,0.014176275640349664,0.07389614600927014,0.4477656398183121,25.96907852922066,26.0,2
37857,0.872923795046736,1.0,184.94065596091792,1.443486624022477,0.850866867530047,0.04730387785758131,0.03144101174407487,0.0,0.04939316370457285,0.6632895533953425,29.100281167257247,67.0,4
108879,4.359420279727952,1.0,68.52433372601163,1.6144853188230401,1.3077553750603137,0.06816008079340606,0.01743227590022353,0.11081655243372752,0.09861591438912895,0.5800356203400376,26.643889606713547,5.0,1
66601,5.270402895934253,1.0,105.80949737928272,0.8899536272626166,0.014864190820233594,0.029544034728669014,0.3753400103877654,0.14823212672171301,0.06632209626065663,0.04533655775205346,21.680136344930226,9.0,1
38301,0.872923795046736,1.0,81.12144908330144,2.2748788116945122,1.3005502950795864,0.10558557925566092,0.01771665549206817,3.129625766619569e-05,0.08111111514562246,0.7040358811081453,23.197810994103637,8.0,1
9137,3.3619271977508447,1.0,172.87745856503665,0.458303754548283,0.6628713893276507,0.04843439090520536,0.32858651853078835,0.0009961907158109078,0.0682595902191365,0.37025330913284016,26.833890989670756,57.0,3
94209,6.117892928831929,0.0,85.80473455086029,0.7713755595229619,1.85017773398087,0.09800143618007766,0.002986602388962986,0.1283729471921023,0.1363631935094853,0.19140808741899407,29.59175499215516,29.0,2
139461,3.3619271977508447,1.0,31.01631108832134,1.0853850452792237,0.666487379299709,0.03684347528477961,0.2962065729522112,0.14803011878439143,0.09630503739313614,0.6257577563290178,28.44485805511491,9.0,1
69621,2.234779091684268,1.0,92.18566463382238,1.382531875836705,0.44349653102047515,0.08911637209763554,0.23972090973170235,0.0,0.06474316603131854,0.8110668967352302,26.276498333309043,35.0,2
20980,3.3619271977508447,0.0,109.99799221019084,1.2439669833584739,1.1308513369073827,0.080004802065222,0.2972532295256157,0.0011647880180729675,0.07610775407689287,0.49551067655190706,33.98678867116909,57.0,3
35087,4.824000686513771,1.0,74.40499739735769,1.2559580752183774,1.1062090211057984,0.05709285868881574,0.00855893663879571,0.11038156139749708,0.06928082946967935,0.08096448926270047,19.360956060186457,4.0,1
91191,6.117892928831929,0.0,118.81878001072106,1.1133552989984767,0.882997246197953,0.10706965946680329,0.03144101174407487,0.0,0.1346369199101291,0.2709078202006909,26.597562048719546,36.0,2
85506,2.81870192439919,0.0,111.8132807371647,1.5192591302375724,1.6032536372686526,0.048546354064810414,0.09424038591331747,0.0006573440773162526,0.10080771222471868,0.23795182913777405,21.715044316944805,42.0,3
97786,0.872923795046736,1.0,118.17000398257059,0.925393585596664,1.2742887424067721,0.11218955999206842,0.14941484002339908,2.7397132127382513e-05,0.1301679680937354,0.531261178626178,30.938920878943676,54.0,3
140224,6.117892928831929,0.0,131.40045498996307,1.3261352750235784,0.2117471892219363,0.029689610335349732,0.35485671654693723,0.0,0.07610775407689287,0.3619753613456227,23.776191220375047,27.0,2
70506,0.0,1.0,145.55911255947507,0.18958077544120372,0.13113598796462372,0.030629476337651843,0.373801201041412,0.14815534579246725,0.07113757653068406,0.09876026245068067,20.07240580784753,18.0,1
9106,0.872923795046736,1.0,113.1874093506092,1.4240785193695762,1.0315616104748004,0.08226457702046334,0.05844367941831383,0.0,0.1254539880533494,0.7255949080509491,23.90554019049169,54.0,3
26674,3.3619271977508447,0.0,120.53279353415179,1.1303197887629002,1.1489248154734721,0.1131809531893536,0.19696805351856575,0.0,0.11749437973115917,0.8093691047507907,29.772351060885324,45.0,3
28412,3.3619271977508447,1.0,114.8978767409112,0.9407982425356697,0.8389446157210648,0.03345331143459896,0.25661306681080637,0.0,0.08111111514562246,0.38768360549391373,24.831786831392233,33.0,2
64419,5.701060861471607,0.0,98.92361718797417,1.5698625629767227,0.4577046871378976,0.09080883719607807,0.1133089973400213,0.0,0.07298954199416931,0.5596918883888553,23.230157400063494,16.0,1
2057,3.3619271977508447,0.0,105.1758191003601,1.8002204158456978,0.7197556293230039,0.0769637268850384,0.3136627406670611,0.0,0.1110204011529758,0.6936595288584673,25.17512229660323,14.0,1
1978,1.5954046671017168,1.0,95.26014499673374,2.0017639122572035,0.9550055590897916,0.10452341798063405,0.009852506517610308,0.0,0.10894620868502075,0.5800356203400376,28.77865007878387,76.0,4
73926,1.5954046671017168,1.0,83.43017798078189,1.6598262815654952,0.4047791174136846,0.039448600807730404,0.06248535294461734,0.13016482571677399,0.08858182813778119,0.5330424673029763,25.063271042423715,24.0,2
59361,1.5954046671017168,1.0,122.70600430908621,1.826122368673923,0.8330093229215549,0.093155845558655,0.20981104117612712,5.08990102568353e-06,0.06937729944019633,0.5508232274881332,22.16532476351434,39.0,2
28273,2.81870192439919,0.0,105.92370944090631,1.246958858166756,1.3440569354023117,0.041342447356368994,0.026870414285047127,0.013280431973232367,0.14248479321981056,0.5187756442984244,24.887762560552485,51.0,3
4938,0.872923795046736,1.0,119.55378755466285,1.2113149601562354,0.9993545321705947,0.07261531317345733,0.19314302867308558,0.0,0.08497450704940865,0.41872379767106116,33.306741788981995,84.0,5
138206,0.0,0.0,85.1892248633368,0.8478595149544487,0.012414906925375065,0.03677714815628141,0.3752128331966564,0.148828983874177,0.07160547706998972,0.21331526928243794,19.68158217623543,43.0,3
76587,5.270402895934253,0.0,127.58213959971937,0.22781406911587748,0.05720578235812118,0.038287787309064854,0.3743172265866471,0.1488527443441111,0.06174699920559377,0.038410692203098756,18.7548577456803,52.0,3
37720,5.701060861471607,0.0,109.48667263605118,2.0891506870158856,1.2108708886987363,0.0973955388973874,0.20622559862988302,4.439246985370199e-05,0.08571582562284803,0.8263261932576995,27.925843714539425,59.0,3
87390,6.117892928831929,1.0,60.507039120677724,0.7231008787618839,1.7026730866736057,0.11507964241929595,0.047791074365076985,0.0013529616328733184,0.12393343090235127,0.3008358881800992,30.254497721304485,11.0,1
154839,0.872923795046736,1.0,59.28532027334898,0.3577074183812535,1.752093072887597,0.05009339799691467,0.0019940376062208094,0.13046348084387843,0.10785844760529659,0.2840248434483561,30.48124897690785,28.0,2
99253,6.117892928831929,1.0,76.29051693157,0.8067838170617007,0.74981849672868,0.04899224740895944,0.26232341760931527,0.0009961907158109078,0.13099723383694759,0.4278171081723786,25.044481953032943,34.0,2
56991,0.872923795046736,1.0,78.25615582350903,1.3730416877687452,0.8749185103672998,0.10894991098191154,0.02241968379043488,0.0,0.07344443758622808,0.3867677441611076,27.938580744865494,15.0,1
84922,3.873488880460096,0.0,124.43249390752958,1.4761622725906902,1.3832875724289047,0.044030477221089236,0.1416366259819575,7.849764591336352e-06,0.1294698537927405,0.8744040626692703,23.19217614537299,33.0,2
7287,1.5954046671017168,0.0,39.70860701088058,0.26646250553968936,0.35094541577501637,0.024666575841302687,0.31728994901761837,0.14819835099909728,0.10107366171887236,0.22091007236670035,20.721163667982783,41.0,3
146264,0.0,1.0,140.1029953739415,1.2290664655179893,1.4305595995732223,0.05276348676969412,0.21201895798104362,0.0,0.1005400101632899,0.7496487913794742,29.75100708969946,35.0,2
45777,2.234779091684268,0.0,73.75494365162164,1.0171047814103484,0.643115839399645,0.11023371510657519,0.14465841868461957,0.0,0.10937167434329613,0.35737047171995895,25.206276507749845,11.0,1
127245,1.5954046671017168,1.0,112.08108980414936,1.5360221992945484,0.6007871602881386,0.0916158468366306,0.2629821075691872,0.001984806558653298,0.07479010183432175,0.5205610680472806,30.79569986824719,35.0,2
124029,5.701060861471607,1.0,92.48212035470095,2.0571171201967116,1.0489198800185926,0.10139935755464843,0.10217491408483344,0.0,0.057386064347741086,0.37759984787925627,26.88085613974354,8.0,1
34425,0.0,0.0,166.85669269107564,0.40592396093865335,0.48009200488394477,0.07296675335244636,0.30777806438605254,0.14224708538862296,0.10080771222471868,0.13664057928942153,22.643624685653087,14.0,1
48298,3.873488880460096,0.0,84.4819441874289,1.5125831187873215,1.3343314548273377,0.057623714331464716,0.02520868125708291,0.0,0.07253143383276514,0.3647362240112409,27.54482794818114,6.0,1
50522,3.3619271977508447,0.0,81.34788806838215,0.7413141514439969,1.0186256893922574,0.0997124288993236,0.3345283130822474,1.4899915187239214e-06,0.07298954199416931,0.6038225012683465,19.98631624364027,33.0,2
131834,1.5954046671017168,1.0,86.54785961421045,1.249954663221884,0.5990464133621874,0.11406662280616449,0.16697724760173577,0.0,0.07989911657905567,0.146299191059229,28.358596472256405,10.0,1
43512,0.0,1.0,106.79011074980468,1.3667351240154904,1.3125689770901088,0.03604362302059359,0.0003707943882594583,0.000570752128180159,0.1173334149753333,0.286830856430596,22.46798092923103,12.0,1
785,2.81870192439919,1.0,81.04594942041672,1.0197912380668752,0.7688525187496839,0.03345331143459896,0.2972532295256157,0.042361366366486,0.06776790858233991,0.3693342235535494,28.483837469195862,70.0,4
11229,6.117892928831929,1.0,97.00761870909406,0.5486362213143707,1.3562599631415344,0.08612600426799331,0.012751715278126845,0.0,0.12816865300364028,0.5205610680472806,19.825110861476066,21.0,2
122634,5.701060861471607,1.0,145.50950969109107,0.9075856561859189,0.26617686285745656,0.06322975991368103,0.3496341766766264,0.0,0.07989911657905567,0.567661430117058,29.026275001176685,1.0,1
90960,3.3619271977508447,0.0,111.78752503422706,1.1849505506472449,1.7245520312708758,0.03134499269087866,0.004962882796202298,0.0,0.1301679680937354,0.41143740592545724,26.75710877365491,17.0,1
129036,4.359420279727952,1.0,124.85850884647304,1.2350149125555943,0.9612883852905215,0.025893961398768567,0.2011869296779366,6.50838127320091e-05,0.08644706391858864,0.8364783729313319,20.79479351693395,26.0,2
66131,5.701060861471607,1.0,111.65358169399879,0.9202876017469687,0.8769353064372962,0.032054095044992494,0.3154895427727972,0.0,0.065765824499414,0.6231300200369565,26.689768287562664,31.0,2
131524,6.117892928831929,1.0,113.0742758138349,0.8405372437315713,1.5690101476162517,0.1090184426822874,0.1071041786982304,0.0,0.07948948280021469,0.6988499935977971,31.821985806166328,24.0,2
23907,0.872923795046736,0.0,143.81162557158171,0.6057480280565445,0.46885477553086813,0.02770197444137078,0.33355937323453344,0.001984806558653298,0.07344443758622808,0.10947906558311733,24.19247423628607,19.0,1
126519,2.81870192439919,0.0,116.17449609229736,0.9126556457501946,1.656633108457273,0.08058365006988354,0.0009985074216367666,0.059138788265392456,0.1279740703260935,0.39317524704291157,28.90040394603862,33.0,2
71212,4.824000686513771,1.0,44.38451484731935,0.7459014238100226,0.6042741472907891,0.034005997818489966,0.36175965267375565,0.0,0.1346369199101291,0.7974715008392304,28.785139190242774,34.0,2
68291,5.701060861471607,1.0,135.75420153628744,1.5059237685634277,1.3125689770901088,0.03345331143459896,0.08455490089482158,0.0,0.0944893301378407,0.8601032523396019,28.065606954774974,39.0,2
85629,1.5954046671017168,1.0,138.70552235185107,0.7528078866341287,1.6298375202430835,0.05631163987576615,0.0019940376062208094,0.0,0.10510074374136276,0.49640736697300886,26.905167104907616,39.0,2
111162,0.872923795046736,1.0,80.69528382092868,0.9825170437964712,1.1489248154734721,0.05862327865161531,0.1304347681620652,0.021189902435222046,0.06791578006764001,0.15015655190271257,31.001348245733777,3.0,1
6476,6.117892928831929,1.0,139.61909788684264,0.9202876017469687,1.5637735081033628,0.06737279893323408,0.08073762434352733,0.13563996856015026,0.09972625759298626,0.7778753850791839,24.37527339211406,36.0,2
13834,5.701060861471607,0.0,76.94833326944608,1.2054289960576283,0.7977581590258924,0.11499614630561956,0.13980511964077502,0.0,0.090631273449164,0.5499355690315485,32.54443977754741,4.0,1
79711,3.873488880460096,1.0,186.40159325973897,0.20492665776384308,0.029849460796759875,0.03296644366899756,0.3753400103877654,0.14854135749879283,0.07434469244013149,0.06348490294392038,18.621300664540634,30.0,2
6245,5.701060861471607,1.0,153.0613271651308,1.3076254137645986,1.2981526855390904,0.04071676728200563,0.29488694732514714,0.0,0.10581030322960991,0.8752442881447556,23.654493450827285,49.0,3
150427,0.0,1.0,113.14627175467943,1.1995585970342593,1.2295073977449773,0.045804168123012245,0.08234723248480144,0.1482488086305023,0.14487283505539567,0.384019149597404,32.405208337935996,18.0,1
3710,6.117892928831929,0.0,135.8744334479306,0.33773735110466063,0.5921017208742838,0.032756846992377936,0.08757148586722448,1.2699938383771605e-06,0.07298954199416931,0.09553923346753235,33.31712699276095,70.0,4
60555,0.0,0.0,145.5392717029095,1.2201731395132756,1.139872073704656,0.03414355059055638,0.09277239074984024,0.14336935305258075,0.08961697180144913,0.2596351508210209,26.500781524960434,26.0,2
108496,4.824000686513771,1.0,107.05449986109308,1.4663162944046058,1.33675974885698,0.10567800055765059,0.1200332692849557,0.14469493809036457,0.08190524688566762,0.30735740567019904,19.3638911726816,6.0,1
27528,0.872923795046736,1.0,120.82321659739372,0.9667630100669081,1.0751944363573847,0.029178943760520885,0.26910665711550336,0.0,0.10718886451071041,0.4423328122524797,27.176799439553292,64.0,4
146300,6.117892928831929,1.0,117.28541692532617,1.3857033743699478,1.3440569354023117,0.05343884909580955,0.19169008643354407,0.0,0.104861145959801,0.6362565578510048,19.36274977520862,13.0,1
152847,4.359420279727952,1.0,125.26911198896252,1.8522407310256643,0.7880755588262914,0.06335924864271619,0.037996530752953575,0.0,0.0612626192409623,0.482042029581441,22.759724904186665,40.0,2
121944,3.3619271977508447,0.0,89.72934421607066,1.1077309178046657,1.0100410881731547,0.11237309699614241,0.15349925612982013,0.0,0.12964737404116164,0.5756194484892455,25.975502714812666,39.0,2
19610,1.5954046671017168,1.0,74.33948249533613,0.9719997127794917,0.24727534436532683,0.11449153950467976,0.36409772189476247,0.14857662675398156,0.0875253578926078,0.5071558543350404,25.619066997761156,24.0,2
10934,3.873488880460096,0.0,149.99382023272182,1.5159190404539722,1.1376138905461024,0.032054095044992494,0.18122637916738668,0.0009961907158109078,0.12065670517582489,0.5089451600367382,24.140616658451624,24.0,2
114580,3.3619271977508447,1.0,142.5537389424716,1.2953652640842788,0.9972231075729378,0.030629476337651843,0.16533566327191976,0.07963860969314841,0.0642263303982092,0.5756194484892455,25.095752275351522,18.0,1
136103,2.234779091684268,1.0,93.74055164347068,1.0197912380668752,0.7234872037486205,0.11942899693553985,0.35276783822708435,0.0,0.14508951982805002,0.46402995003512487,19.38508042852082,20.0,1
62888,6.117892928831929,1.0,82.83369723915457,1.792859470542298,1.8303496651633075,0.07971180677246352,0.06663359494155453,0.008763760389198627,0.09630503739313614,0.5044707688151407,27.934760051796363,6.0,1
123439,0.0,0.0,80.81399489478717,1.0937363611747035,1.1106714973128837,0.05684988783241213,0.2343516206207626,0.0,0.07479010183432175,0.6003049092046717,29.809160038106228,5.0,1
130599,5.270402895934253,1.0,73.88064762981779,1.4016217618309161,0.448216650415155,0.038157654766122096,0.1988539897807107,0.14842362656171054,0.104861145959801,0.3619753613456227,24.042739425959333,20.0,1
85856,5.701060861471607,1.0,39.810015711807544,1.7309982986371468,0.08491673980274259,0.05476688216271569,0.21025463587619359,0.14743759830632788,0.11407800504076084,0.35460545987661984,29.67408181756861,27.0,2
50446,0.872923795046736,1.0,82.80143763339474,2.005688063444212,0.6574613049083465,0.11406662280616449,0.15407694726749513,0.0,0.06556245931881248,0.47214306179705734,27.03157836766104,19.0,1
85543,6.117892928831929,1.0,152.02173853139328,1.0993228154521477,0.7745995549638897,0.06492934472932263,0.3190644659471356,0.0,0.0944893301378407,0.5641208390442669,27.00786622335273,50.0,3
159639,0.872923795046736,1.0,119.72213561066083,1.1417057923154803,1.5690101476162517,0.09370898039945591,0.16478578751621065,0.0,0.09917475099732172,0.7273162537818824,22.372484733976894,37.0,2
77421,2.81870192439919,1.0,131.73763266834183,0.8381035217009131,1.262433119818314,0.040085503505564654,0.04302042519222398,0.0,0.10763668424531088,0.3858517145013685,29.476871745398274,43.0,3
100894,0.872923795046736,1.0,156.5128210416664,1.6006790321669766,0.5409456729449718,0.10731328807663247,0.2319999480755242,0.00681651852218226,0.11964725123583841,0.4232724839940975,23.463193902034313,38.0,2
44158,4.824000686513771,1.0,96.88144687055488,1.4467356640090427,1.3077553750603137,0.05776762020712451,0.1434542782503005,0.13758299323655312,0.100270542490563,0.49551067655190706,26.28326964173636,47.0,3
135262,3.873488880460096,0.0,77.08957758156302,1.767234330366132,0.6646784571795217,0.10665182007938102,0.24308780253403353,0.0,0.12578864764343925,0.6615493185898008,22.014971286459424,9.0,1
25342,0.0,1.0,119.94654701366755,1.0798363793789911,1.0294007007666441,0.03543807420676252,0.21376733495324746,0.0,0.07298954199416931,0.47664490956611383,25.815513494559852,21.0,2
50954,3.3619271977508447,1.0,100.4787564601418,0.9719997127794917,1.8530189600184495,0.044982288551343556,0.003976213546291906,0.0,0.12476668575403163,0.1684321059565338,27.791481307823698,7.0,1
60593,5.701060861471607,0.0,101.92085970292885,1.6598262815654952,1.319804715011444,0.05776762020712451,0.1580808751609178,0.0,0.13861428687091423,0.7701902243557449,31.113642668336023,42.0,3
45798,6.117892928831929,1.0,88.28718116902613,1.8075989478811065,0.8310347149247238,0.11333843021810176,0.2596612745405304,1.5499082223275265e-05,0.09660065570186806,0.555259355923415,29.065463495048547,3.0,1
127135,1.5954046671017168,1.0,113.54213246895561,1.486045460471644,1.699947820491657,0.08889717616409516,0.0421449613639152,0.08005785534492274,0.07866163055322024,0.25022020596358363,28.566203069739277,24.0,2
147358,1.5954046671017168,0.0,88.23390082418722,1.789185585833376,1.4055865716025768,0.04770181886559934,0.06840491979922193,0.005969854938324769,0.11239606234866689,0.646736059972371,28.56118542328614,44.0,3
128882,0.0,0.0,85.9598505334166,0.9407982425356697,0.7574094640680615,0.05112178882913111,0.0949714230421777,1.0799554418735879e-05,0.11566792219410234,0.2511625677425661,26.63415484192741,46.0,3
49223,3.3619271977508447,0.0,81.53651864412875,1.5495079674127066,0.9550055590897916,0.10212431892508796,0.2800839896815336,0.12711712559518024,0.12381154675558945,0.4775448150825342,27.097168982006174,38.0,2
118924,0.872923795046736,0.0,88.87296310882569,0.5546359185885782,0.9012871754952682,0.029907481693841425,0.1360999778061121,0.0009961907158109078,0.1299098908721293,0.43235768782226963,27.657059086585164,19.0,1
50021,5.270402895934253,1.0,104.806788014308,0.7667130778006805,1.160285808401269,0.038157654766122096,0.02409600998560086,0.14600810543103446,0.11949950664623125,0.7074906062297831,29.956207284865666,30.0,2
23226,0.0,0.0,90.38812281500381,1.532661226759913,1.0100410881731547,0.10281767652483301,0.14645328997075285,3.469954001087573e-06,0.08858182813778119,0.648480779421834,32.165646122538135,21.0,2
89483,2.234779091684268,0.0,173.37580326501686,0.7505023214854164,1.33675974885698,0.04257727432062326,0.2951518841877521,0.0,0.07989911657905567,0.4658339547302879,31.228845936124976,40.0,2
12439,3.873488880460096,1.0,155.36846146618666,0.6395173535198868,0.895173163886735,0.02770197444137078,0.1680649782500538,0.0,0.062121579541474924,0.3342806431153462,29.726723198741833,53.0,3
72480,3.873488880460096,1.0,119.01280336760522,0.7574292631964193,1.0598329809424267,0.032054095044992494,0.10217491408483344,0.13065979317438875,0.08229821707572699,0.29617216065705904,26.49761298174751,34.0,2
63600,5.270402895934253,0.0,106.9663805381525,2.3131675586347376,1.2016011071995636,0.10682075272588769,0.2382034174387412,0.0,0.04329944618246154,0.8127642241578598,28.17705114250664,1.0,1
128449,4.824000686513771,0.0,129.6420977483834,0.5830123021618808,0.26074283774315343,0.029907481693841425,0.3434205233568624,0.04959150707695649,0.06971386977315287,0.1385740475400913,21.361194826557064,32.0,2
59777,0.0,1.0,101.3412360853082,1.258965687733321,0.9094662464472685,0.07261531317345733,0.02502350614647099,0.14752959621331127,0.07739805058592603,0.6205010638904588,33.84139544680349,4.0,1
6829,5.701060861471607,1.0,136.00967613389938,1.3014873780326923,0.8850217453836101,0.02770197444137078,0.2197638288032268,0.00681651852218226,0.07389614600927014,0.684131723091564,26.057850864638144,49.0,3
57882,4.824000686513771,1.0,149.5393452484604,0.8478595149544487,0.5392685908845773,0.02844379682282684,0.28096359619784445,0.0,0.08534643612555834,0.45590417500931824,27.177578071188364,13.0,1
22396,2.234779091684268,1.0,162.72952944365133,2.1953049267990923,1.1808620069999787,0.04910323282029983,0.02520868125708291,0.023270155235951478,0.07298954199416931,0.470341237512751,26.768779887588494,6.0,1
3636,2.234779091684268,1.0,84.51411157259345,0.4024038435051266,0.7347269443802338,0.07154319726812285,0.2319999480755242,0.13892991401941193,0.1291997447414657,0.06446889349782105,23.82759044689952,35.0,2
128956,0.0,0.0,110.89585335213101,1.2923101708008011,1.1671264680853237,0.11064263125178254,0.12398442007630957,0.0,0.09540627374586548,0.6248819796008633,32.970954946676585,1.0,1
225,6.117892928831929,0.0,86.27530827514985,0.925393585596664,0.8290620173475927,0.05631163987576615,0.2589888169513536,0.0,0.09417957066797655,0.4378010692265794,32.12642921772461,86.0,5
106428,0.872923795046736,1.0,42.12671710481329,1.7454404380504511,0.7745995549638897,0.04661596813141037,2.75988615432075e-05,0.14875542823625373,0.055605625918142235,0.03781648672357541,25.966535324196443,40.0,2
128677,4.359420279727952,1.0,109.65198491800297,0.7760517866541442,0.6993657939488159,0.032756846992377936,0.221024451677974,0.047028634608823235,0.10673525114395638,0.2199614227629816,26.379268116370884,32.0,2
135836,4.824000686513771,1.0,76.74726808220366,2.182895710115591,0.8074882515588501,0.08226457702046334,0.16914742208479003,0.0,0.07207008747600625,0.08752460470569506,28.30309294925427,1.0,1
18761,2.81870192439919,1.0,99.86653912355054,1.3667351240154904,0.7803636199698412,0.03964026701337921,0.20395110310415332,0.0,0.12973537823509393,0.39591880754975406,26.22840118470609,51.0,3
65981,3.873488880460096,0.0,99.90318255890743,1.2529544013102096,1.1877569186390118,0.07007114572550133,0.23474058021231803,2.3097961606228207e-05,0.08644706391858864,0.4550005252381872,26.118162862291637,29.0,2
48925,0.0,0.0,116.33329180633774,1.8298402910541283,0.8310347149247238,0.05838692623555021,0.10217491408483344,0.0,0.05879308108387324,0.5923822294541841,22.74904044500837,19.0,1
144482,3.873488880460096,0.0,63.130139732461735,1.1360051413715428,1.3587067315067167,0.11559752533869615,0.27651261005460964,0.0,0.06196127568927948,0.329649459445562,20.40425540813636,15.0,1
122923,2.81870192439919,1.0,125.71498112065548,0.7118274915660402,0.6556616476550895,0.025435779189136993,0.35309207935843534,0.0009961907158109078,0.08150955334797905,0.18280617176269412,28.46711850807926,45.0,3
19952,3.873488880460096,1.0,112.91483289033513,1.4467356640090427,1.716331415385084,0.04557037994341877,0.050788310921096536,0.0,0.0626534392312979,0.6936595288584673,27.11017014015405,35.0,2
50,1.5954046671017168,0.0,108.82506588898612,0.4254963039363433,1.7687205075946664,0.07366089915094279,0.0,0.0,0.12344151675057939,0.1491925360676931,25.383821817209707,47.0,3
27190,3.873488880460096,0.0,116.24621412817092,1.0063959825440436,0.9466557329092349,0.032054095044992494,0.0019940376062208094,0.1284832283665244,0.07019179955184995,0.24644882252897388,28.143231350022848,17.0,1
75787,5.270402895934253,1.0,97.71164868986696,1.3730416877687452,1.1854566026281719,0.10511329257752373,0.1941059981153935,0.0,0.10510074374136276,0.5499355690315485,28.077666094097975,61.0,4
342,0.0,1.0,88.47895247000461,1.1937037408317457,0.7479254660277699,0.05223874875548161,0.09859728595086668,0.0,0.11407800504076084,0.5596918883888553,28.222859995933717,4.0,1
23049,0.872923795046736,1.0,161.8358651113734,1.5835165182702335,0.903329043187519,0.041342447356368994,0.17917339349527653,0.0009961907158109078,0.09570786137811908,0.47394426546045465,23.519921075117438,25.0,2
67883,0.0,1.0,103.85997053180222,1.1531530780227583,0.6449025530655125,0.11406662280616449,0.0012177790953145319,0.0,0.04685152863155863,0.5579193060105864,28.555665316597064,30.0,2
8994,2.81870192439919,1.0,111.72055623455131,1.5226033909488335,0.4849346932821102,0.026198033914667747,0.23896380348877203,0.001984806558653298,0.07019179955184995,0.6222538369971233,23.718170496712293,45.0,3
37266,4.824000686513771,0.0,93.36010552529426,1.351039350458107,0.9012871754952682,0.11195308647654822,0.2858507883540187,0.0,0.12429477370514681,0.4159926286676566,26.612571866575284,65.0,4
126379,6.117892928831929,0.0,160.07576447983647,0.48260774743591484,1.716331415385084,0.061916456303725574,0.0,0.002965912600349943,0.08190524688566762,0.17897769686555445,31.77291648009964,38.0,2
110824,6.117892928831929,0.0,123.1074676660901,0.9228387905195625,0.33061589901214944,0.02844379682282684,0.3439526742028075,0.0,0.0994514137349725,0.17802005621458933,22.848436499436172,33.0,2
150375,3.3619271977508447,1.0,81.48263054360098,0.42909357585565344,0.9802422468499067,0.05747943529414456,0.0009985074216367666,0.0,0.12892496155362296,0.20951304419171235,30.2718608742847,20.0,1
151282,2.81870192439919,1.0,146.33756065992952,0.8849480810453934,1.4633344786443667,0.05631163987576615,0.1304347681620652,0.0,0.09162520541474937,0.5481598184332552,28.385438592356277,15.0,1
131779,1.5954046671017168,0.0,138.95521852887688,1.347912282370425,1.2039155262962848,0.031416190501524055,0.1680649782500538,0.13969012819201734,0.07344443758622808,0.4513843481564584,24.18840143069705,31.0,2
7786,0.0,1.0,185.3575507083865,0.6697530468859387,0.811393604128813,0.0431865287142909,0.2559278880813097,0.005864813330088342,0.07344443758622808,0.41417103144871215,33.91102373005274,60.0,3
131328,0.0,0.0,133.9237840233493,1.1077309178046657,1.6674107491010164,0.09239789907154937,0.0029766913811583714,0.0,0.1279740703260935,0.3684149667388865,27.93399587040062,32.0,2
70706,2.234779091684268,1.0,75.53929299782982,1.3604447167824396,0.5886403425809775,0.03743776061128075,0.18726924343725465,0.14711587173397261,0.07298954199416931,0.5446065792778642,31.007870840693286,36.0,2
92647,4.824000686513771,0.0,122.56875222721611,1.0063959825440436,0.729098628509576,0.09239789907154937,0.14465841868461957,0.0,0.06971386977315287,0.2530467117592156,27.056838365246904,55.0,3
52031,2.81870192439919,0.0,152.0118797432244,1.593801330922556,1.7135954813782412,0.07400365818851558,0.1642345639618373,0.0,0.0692325431781873,0.6353823972414456,24.282379241305023,46.0,3
5025,1.5954046671017168,1.0,95.47619362387327,1.246958858166756,0.736606806235421,0.1047229147856999,0.14525821594835667,0.0,0.07610775407689287,0.4910249444225651,26.804427467597037,23.0,2
72967,0.872923795046736,0.0,108.5147398814704,1.499281057085816,0.6828512271475592,0.10974151508476628,0.018379234815624666,0.0,0.1400731622732953,0.4105258689230816,29.806601480492134,16.0,1
150410,6.117892928831929,0.0,146.49119672602993,0.8405372437315713,0.8809746737279629,0.03482762600454365,0.04476386769526602,0.12792544665594097,0.06776790858233991,0.43417279113429047,29.179227835313892,34.0,2
106003,1.5954046671017168,1.0,85.49973478969527,1.4597729435754092,0.7012100698643479,0.1038017549402223,0.1482346753096205,0.0,0.06727271957900667,0.384019149597404,25.89378153749358,15.0,1
100442,2.81870192439919,0.0,131.31488274480063,1.3920585419964056,0.882997246197953,0.11155772458091937,0.1488254969080726,0.0,0.09195206939260495,0.5196684304319891,26.4999894133128,4.0,1
62437,1.5954046671017168,1.0,145.6483916179683,1.4499888131526906,0.776519017031305,0.08360405773041377,0.041618479950598815,0.0,0.08497450704940865,0.3426056156966485,32.52986957703637,25.0,2
19172,6.117892928831929,0.0,111.71025283285806,1.3199493399191744,1.4939002107471904,0.06248969162613255,0.032618562018153184,0.12881031191840378,0.07523239892816581,0.531261178626178,27.02584705979617,18.0,1
126416,0.872923795046736,1.0,101.34646003023437,1.9357467418808714,1.716331415385084,0.04971018753578825,0.0007581398786557938,0.13360108715775795,0.07479010183432175,0.6641594742783927,26.763928272093494,29.0,2
4196,0.872923795046736,1.0,113.27996112525898,1.8785764755549763,0.3205773944213085,0.11583305116417608,0.32402641652571607,0.0,0.12079744792434513,0.3619753613456227,27.22543475418506,11.0,1
98819,4.359420279727952,1.0,151.61252169307164,0.18270909412676356,0.12168795461954093,0.032756846992377936,0.3648164267122848,0.1484980924115994,0.06474316603131854,0.04177618440531738,19.469196480588867,9.0,1
50567,5.701060861471607,0.0,64.92037768808315,1.698757269387999,1.6836409726368637,0.08226457702046334,0.17289483365382932,5.638784987719905e-05,0.05075960918886465,0.8744040626692703,21.707642743622497,30.0,2
143967,6.117892928831929,1.0,81.43951640750306,1.8559896484373444,1.0186256893922574,0.11140384870955194,0.1410276701496655,1.0999953774752678e-06,0.07434469244013149,0.41143740592545724,22.466799984261666,35.0,2
129955,5.270402895934253,1.0,96.13971215298463,1.698757269387999,0.5061055596071057,0.050311323611251645,0.00406513407599895,0.14704975551964483,0.09833371298734968,0.5685462219497042,27.28682524141659,32.0,2
67259,0.0,1.0,113.2851025733587,0.7713755595229619,1.0862263751542853,0.0431865287142909,0.3364413409667387,0.0,0.12079744792434513,0.39317524704291157,21.61793392177508,17.0,1
32818,0.0,0.0,88.69196219704385,1.5393873568146128,1.7135954813782412,0.036444621844153466,0.06493263849957365,0.00023878193301206667,0.05901585450163812,0.6519686275075127,28.563945203346297,53.0,3
86392,6.117892928831929,1.0,106.73307338734665,0.9719997127794917,1.2790452321863144,0.032756846992377936,0.043893390801080984,0.0,0.09386772939038489,0.5053659477481252,26.71931780569755,55.0,3
129691,6.117892928831929,0.0,135.97962386920472,1.5835165182702335,1.2506282976724197,0.10941971488836727,0.1098800831673712,0.0,0.11717145598614156,0.4032276391499472,23.53108372607979,56.0,3
79280,3.3619271977508447,1.0,99.30093932760202,1.9013237270942018,1.3440569354023117,0.07434357648268704,0.12135717411903511,0.009600910363330318,0.12065670517582489,0.6953901935688297,31.00099244074428,36.0,2
97094,1.5954046671017168,1.0,68.55195052182371,1.9013237270942018,0.48331867960419655,0.10401173324475396,0.23474058021231803,2.1898167880217458e-05,0.09776367429658296,0.3213020905324471,20.167296851162995,1.0,1
15854,4.824000686513771,1.0,102.09830777869087,0.9433783587917097,1.395655262877005,0.05704434847964745,0.1857746293957585,0.0,0.1225519383900256,0.8499891302300268,25.73008068854362,64.0,4
41110,1.5954046671017168,1.0,129.42017206746314,1.756317752022725,1.378354930922237,0.08612600426799331,0.09642761173667264,0.0,0.13091639863629476,0.6537117577120378,23.337664230111717,5.0,1
31638,2.81870192439919,0.0,100.096837421936,1.5596663441426157,0.4139711117068804,0.04673112473458526,0.056694445884583236,0.1481025603478846,0.09029545927515505,0.51341580185349,26.632181283731743,29.0,2
155619,1.5954046671017168,0.0,85.18386983053783,1.1133552989984767,0.0815526230969729,0.08954958276534362,0.3481153572284179,0.1485053757043052,0.10133787158252591,0.15497339791921644,28.057480909172472,56.0,3
52722,4.359420279727952,1.0,74.02271115347365,1.5159190404539722,0.5629124880905149,0.05631163987576615,0.22557525993315777,0.14318458314541363,0.11797137715506432,0.406878074585287,19.84484805516511,23.0,2
57659,5.701060861471607,0.0,135.54877005089318,1.1733338226503915,1.0294007007666441,0.023264274728399842,0.2878162330360538,0.0,0.1274776608148665,0.1385740475400913,21.871591492460276,31.0,2
120537,3.3619271977508447,0.0,98.3520017460472,1.237995013338512,1.7245520312708758,0.043549501022233275,0.008022510191909901,0.0002068364031927983,0.08150955334797905,0.6090947568251034,26.761043244001737,53.0,3
4927,1.5954046671017168,1.0,103.09433245088422,0.8799567951318898,1.5144442747914244,0.05918638842682127,0.0019940376062208094,0.14843120878913402,0.09600744425199255,0.40779027040891674,28.851968794797145,35.0,2
111154,4.824000686513771,1.0,99.67805681549315,1.532661226759913,0.7178926528129836,0.09785169032817521,0.1373413159554467,0.0,0.046139379120729726,0.22375482435312113,22.31544078993654,8.0,1
31042,6.117892928831929,0.0,97.45954236689182,1.2559580752183774,0.9300494478737024,0.048658120914404884,0.1902268730920707,0.0,0.10133787158252591,0.18854264528804643,25.949665575900735,67.0,4
33368,4.824000686513771,0.0,90.7225623151178,1.6633439737814455,0.49792712282742835,0.037765861341979366,0.3145794733439592,1.4099240524821673e-05,0.07066635954166857,0.5437179067418695,26.893667007420497,1.0,1
154612,5.701060861471607,0.0,118.57363305125838,1.6739227970966106,1.088438717875863,0.08911637209763554,0.232394038701296,0.03895014135739795,0.07782218133052284,0.2332244270349452,26.1042941526818,32.0,2
71624,1.5954046671017168,1.0,146.2731257520627,1.0037280259604542,1.616519151327676,0.032756846992377936,0.0527417956966256,0.14259676968086224,0.08497450704940865,0.05096735069845757,26.501177574745974,39.0,2
90096,0.872923795046736,1.0,97.14953402786243,0.7482001681201292,1.5795086777003646,0.10115040624203152,0.03505015914588083,0.0,0.13943465838545405,0.5339328914848354,22.47949295518856,24.0,2
119723,5.270402895934253,1.0,127.83484011648049,1.2831687122254798,0.776519017031305,0.03414355059055638,0.32486877333512926,0.0,0.12488293093845737,0.5205610680472806,25.05778616384049,37.0,2
40383,4.359420279727952,0.0,107.75390382400728,1.0632807525460788,1.6325075429004299,0.036177528458350545,0.024838223107375906,0.046441724279504985,0.08150955334797905,0.07409942126331968,27.025456258668658,8.0,1
100162,0.872923795046736,0.0,129.37981609104256,0.9330796361672831,1.3464934343650294,0.05009339799691467,0.0,0.0,0.10937167434329613,0.3509163440956271,29.586734473515016,31.0,2
132722,5.270402895934253,1.0,92.53504459719053,1.0853850452792237,0.8992472401295339,0.07007114572550133,0.24529654364002723,0.14292969742683373,0.08229821707572699,0.39317524704291157,21.498945884763227,18.0,1
96912,5.270402895934253,1.0,86.86301153073802,1.6739227970966106,0.5476720855465492,0.036177528458350545,0.33719740797510417,0.1472812298315819,0.06591796798118409,0.2840248434483561,21.41032913348101,40.0,2
129290,3.3619271977508447,1.0,97.05492710691887,1.0577922600757719,1.1625640217662516,0.029178943760520885,0.28669641558679226,0.0,0.104861145959801,0.6988499935977971,25.299174203175887,36.0,2
105024,4.824000686513771,1.0,73.90250608426636,0.44177827531720376,1.486230640455675,0.04843439090520536,0.3192844849760274,0.14879875578746896,0.13589122152624158,0.03186954320375656,22.0676060433438,13.0,1
40810,0.872923795046736,1.0,110.36964757134487,1.688088075804631,1.2553441352295662,0.037503497957860635,0.004962882796202298,0.048319307351867236,0.0626534392312979,0.5419401255638323,23.386263927486635,55.0,3
13364,6.117892928831929,0.0,101.73292538510601,1.5664596139965252,0.8628581206184712,0.10176588683583664,0.059024466947554206,0.12488166899894099,0.09162520541474937,0.6449908092028069,32.19662620639328,33.0,2
39714,5.701060861471607,0.0,128.1783981057902,1.586940561014816,1.0100410881731547,0.080004802065222,0.06896625627207055,0.0,0.07782218133052284,0.3444536710269561,27.706142710254774,56.0,3
131697,0.0,1.0,87.64218003858846,1.4630425573980839,0.6920073491138415,0.037503497957860635,0.03505015914588083,0.0,0.06370578415960063,0.4041404961216831,26.282207554128945,17.0,1
71743,4.359420279727952,1.0,115.23132562561281,1.2260981136938247,0.7216204794212896,0.03482762600454365,0.2589888169513536,0.0,0.10363955969640551,0.6178708851250911,22.847706709333636,53.0,3
144054,1.5954046671017168,1.0,92.07975463656115,1.6492989120715298,0.729098628509576,0.026576577269376928,0.3681894839942659,0.0,0.11371239933650804,0.7005791303777831,25.956762488552002,1.0,1
128211,3.3619271977508447,0.0,107.05449986109308,0.5406808071146674,1.558545279477859,0.04373026595070187,9.00878685742441e-05,0.14805756513607893,0.12707004766187593,0.4504799087144882,29.788687364513983,25.0,2
10976,0.0,1.0,83.30126080425272,1.3261352750235784,0.35094541577501637,0.030629476337651843,0.3289923790540922,0.14696849671790746,0.10413295990069908,0.1007111868006316,25.52249106975953,53.0,3
36631,0.0,0.0,133.37145011262567,1.274062926972884,1.5690101476162517,0.038157654766122096,0.005946621798604477,0.003939573289650818,0.08150955334797905,0.6780604729547725,25.291543772490353,27.0,2
138499,4.359420279727952,1.0,139.0550789949077,1.0332792011007887,1.1580096007646004,0.038157654766122096,0.1458565046907266,0.0,0.0692325431781873,0.5125219727084062,28.943935756951888,10.0,1
125312,1.5954046671017168,1.0,61.70284535676545,0.9228387905195625,0.009061485917489284,0.050636785623080244,0.3755937936401596,0.14883495884772957,0.0682595902191365,0.5941437966272379,25.265779535022766,53.0,3
13984,4.824000686513771,1.0,135.96960623620822,1.1791344541649518,0.8568538604471809,0.0431865287142909,0.27192601356089097,0.03745043260059521,0.08571582562284803,0.5888574238226963,23.587129186411204,72.0,4
16173,6.117892928831929,0.0,104.70280209514937,1.3076254137645986,1.331905210558965,0.10715144929109219,0.09715277734440843,0.0,0.14289050798537303,0.648480779421834,29.072032710976437,43.0,3
21261,1.5954046671017168,1.0,128.81969057946162,1.2201731395132756,1.0489198800185926,0.022316568214068962,0.10074959601613999,0.0,0.12964737404116164,0.6797957612726563,23.939925153074814,6.0,1
1821,5.270402895934253,0.0,129.26882785907378,1.2439669833584739,0.5990464133621874,0.04781506738317545,0.2703660577561017,0.0,0.06971386977315287,0.26433542927204406,28.55516345257091,66.0,4
97912,4.359420279727952,1.0,114.9748387557418,1.3261352750235784,1.0995302396656046,0.10188625402023829,0.12658456236904403,0.0,0.06318149722485808,0.4105258689230816,28.913716996997156,29.0,2
112147,6.117892928831929,0.0,65.53779507363765,0.6309968373439115,0.17493039519290357,0.030485597741861343,0.3743172265866471,0.14863161505772862,0.07782218133052284,0.12599077882340193,22.086725052197295,19.0,1
59654,6.117892928831929,1.0,98.6195137351966,2.249566343812295,1.0773968561658953,0.05234406254322457,0.00682949112952746,0.005059776353566575,0.06961787706857614,0.4513843481564584,27.282554268668108,22.0,2
12937,4.359420279727952,1.0,133.55224994151882,0.8576718908979484,0.5459877684173237,0.026425365750075997,0.3492986047773872,2.6197377818066512e-05,0.10133787158252591,0.1999933056484613,31.942747589334065,35.0,2
24657,0.872923795046736,1.0,93.07462571748752,1.4144297135629609,0.6901723993940194,0.06931636345747896,0.2982919353356223,0.0,0.05502269754756687,0.6275089041868975,19.60486644227813,46.0,3
2605,4.359420279727952,1.0,73.77680740101358,1.8075989478811065,1.4633344786443667,0.09785169032817521,0.16201610323787796,0.0,0.1228099104642298,0.5694308716311162,27.649107848686302,36.0,2
79936,3.3619271977508447,0.0,148.28851522636035,1.5427567021324977,1.1196203641016944,0.06737279893323408,0.21376733495324746,0.0,0.10763668424531088,0.742786092544838,29.115141246313005,16.0,1
64316,0.0,1.0,177.43718983879882,0.8091720843236079,1.1196203641016944,0.03414355059055638,0.3141219439720771,0.0,0.1031396955853106,0.5285881430572061,23.787982752699943,63.0,4
11777,2.81870192439919,0.0,119.52317517383975,1.0660306262012467,1.5041555271287885,0.048769691834977445,0.1997904096162951,0.0,0.08534643612555834,0.5044707688151407,21.328957002016544,13.0,1
64056,0.872923795046736,1.0,129.6017516734353,1.1588997572047788,0.8389446157210648,0.07296675335244636,0.21506826913802218,0.0,0.08030591854684666,0.5321518963893909,23.20358936765649,30.0,2
797,4.359420279727952,0.0,134.4557245168614,0.8020177118754851,0.9115158496685433,0.03509954398119719,0.13422605430153228,0.0010557206263938222,0.05449442875187346,0.11725734975686705,26.8379486824926,60.0,3
153376,6.117892928831929,1.0,132.62779236379194,0.9930930893391963,1.1671264680853237,0.02770197444137078,0.04993499265901868,0.134001676024542,0.08384328428839721,0.7384929225256075,24.67831152109025,24.0,2
81834,4.359420279727952,1.0,96.60273421263062,1.7346023120600809,1.257705099064472,0.08115311709967152,0.014670307255570792,0.0,0.12973537823509393,0.5650062005971751,27.28837820949888,10.0,1
64823,5.270402895934253,1.0,133.37647280394106,1.7023222984191564,0.9466557329092349,0.03345331143459896,0.08606729572137231,0.0,0.1228099104642298,0.884479490153752,28.52767719492525,31.0,2
103022,3.3619271977508447,0.0,100.45783476535107,0.8067838170617007,1.3709714197337277,0.10152244608703388,0.10359265120566807,0.11124613778859534,0.12344151675057939,0.41143740592545724,28.02877295175215,53.0,3
120837,4.359420279727952,1.0,56.604102264634655,1.0010637611083457,0.8211903186456566,0.08489042627422848,0.1297971916212612,0.12353430773619678,0.12589889796513168,0.33798239709523725,23.11869410946388,3.0,1
6706,4.824000686513771,0.0,99.77753992629738,1.6110273795933783,0.8648633807671563,0.10763012901892503,0.18122637916738668,0.0,0.11041192561352685,0.7031718835524514,19.98424066987673,34.0,2
24359,3.3619271977508447,0.0,97.15478958211511,1.2984243322312379,1.2155178905375075,0.04342872429828728,0.1434542782503005,0.0,0.06980972660585218,0.567661430117058,32.399800814281186,42.0,3
63379,0.872923795046736,1.0,87.47148818776459,0.4807198931074894,0.3134583851303576,0.11726248059952729,0.34605478800853107,0.14824048470688458,0.12162428428057229,0.22375482435312113,24.310804586287603,34.0,2
117886,4.359420279727952,0.0,73.30106227288563,0.870016916351664,1.0358893422160114,0.05202756942412839,0.13795961794494901,0.13484531646192216,0.09999929605428569,0.14533430943290376,33.63752217620956,23.0,2
16425,5.270402895934253,1.0,98.04239738693967,0.9957462955575801,1.03805616547117,0.038157654766122096,0.06248535294461734,0.12699896453563442,0.08268848505094586,0.6458635010518889,26.016164191281447,46.0,3
133447,1.5954046671017168,0.0,120.01283888152659,0.8115638316796402,1.799404877793913,0.06322975991368103,0.0,0.001984806558653298,0.1220266290353647,0.24927765074655053,27.155381111498492,54.0,3
69296,2.234779091684268,0.0,109.29031793667421,1.8410205856641353,1.0729939993093416,0.061381625132260566,0.3070534560250145,2.4099778117058396e-06,0.10785844760529659,0.49551067655190706,26.757239929009206,5.0,1
102709,6.117892928831929,0.0,101.65460478444184,1.0495876169697003,1.236529463082332,0.0685487630522728,0.20577278583815367,0.0,0.06370578415960063,0.6510968640924567,26.269327419567148,11.0,1
7025,6.117892928831929,0.0,100.02880262704038,2.2875989773070695,0.8628581206184712,0.05271121848415356,0.09715277734440843,0.0,0.07160547706998972,0.8280193672926581,24.33263342711954,62.0,4
50603,4.359420279727952,1.0,112.06049235795925,1.0550536357269065,0.4466415085671937,0.04730387785758131,0.3134325087343338,0.003939573289650818,0.06627170617944157,0.7281767403020308,27.525020359288533,48.0,3
5240,0.0,1.0,84.96962912768929,1.6774576631672329,0.7900082832763979,0.04533576573671653,0.2875370978366841,0.0,0.14320801510186842,0.41325998704410216,25.995170073464426,23.0,2
148018,4.824000686513771,1.0,108.30778539481179,1.7238032976844435,1.4080745642651042,0.06102200408319748,0.03772983306760561,0.0,0.07824336696718033,0.2709078202006909,26.76196123044301,46.0,3
53430,1.5954046671017168,1.0,174.48787118453393,1.408017586653165,1.2861952396200695,0.07911856488323085,0.024188881320729293,0.0,0.07344443758622808,0.3509163440956271,27.29872979172867,32.0,2
39321,4.824000686513771,1.0,130.00009045931276,0.5850631189120629,0.20916362909390335,0.03880600336970576,0.37508546512046803,0.14816401752722969,0.09355379050258464,0.5650062005971751,28.485848321126127,38.0,2
84494,5.270402895934253,1.0,94.43746500151546,1.7418233789384563,0.8133491362738893,0.05516951192447976,0.1434542782503005,0.0,0.09600744425199255,0.7496487913794742,25.02650680473767,50.0,3
1439,3.873488880460096,1.0,139.80370564688212,0.6829095930719221,1.0554618093302919,0.029178943760520885,0.043893390801080984,0.13570989269086825,0.08534643612555834,0.13373873230055272,26.376486976446955,21.0,2
137488,0.872923795046736,1.0,53.853335405161644,0.4959087055025309,1.5067245784156227,0.0461533086282955,0.002986602388962986,0.0,0.10186112363500793,0.7195662755401635,27.425707307558667,55.0,3
65737,0.872923795046736,1.0,42.43423982055416,1.0770677015296135,0.9115158496685433,0.05531977924046881,0.00548462869148327,0.1476185191077602,0.14053604747606507,0.23889672081580507,27.9537326507322,14.0,1
20068,0.872923795046736,1.0,138.5456829996413,0.7996398684795895,0.6095183704904821,0.032054095044992494,0.20757782895809845,0.13132974407872078,0.08927426336727629,0.19904021217904416,28.792750143127012,36.0,2
10023,6.117892928831929,1.0,84.39615595617639,1.5360221992945484,0.666487379299709,0.10706965946680329,0.010628144321741403,0.0001988488005232106,0.07948948280021469,0.09456267024732656,27.32446776031959,7.0,1
129675,2.81870192439919,0.0,116.01054536007348,1.071541642188199,1.4130567522589161,0.05223874875548161,0.05752870250965461,0.0,0.11200919934125854,0.539272361790861,27.59147889506234,64.0,4
130684,5.270402895934253,0.0,127.93590029220742,1.310700409278527,1.5611583427172575,0.05586742831684419,0.04502452687954758,0.0,0.1228099104642298,0.20189888019114546,25.71162346725202,51.0,3
23327,3.873488880460096,1.0,131.14371428707253,1.670392228724202,0.5834619703150993,0.1119048278669858,0.17289483365382932,0.0009356406850957465,0.12675805909983276,0.30735740567019904,25.96948007244405,22.0,2
60363,5.701060861471607,0.0,71.79436186129735,1.7309982986371468,1.1716969445284566,0.11145548955579519,0.29328660272751916,0.11847535572365805,0.13420548908334992,0.6797957612726563,22.89496470489012,7.0,1
37576,5.701060861471607,0.0,140.71625326881482,0.9356488839762348,0.9760166024735442,0.07501499474701619,0.06150067928691705,2.369978542153204e-06,0.053248268515888486,0.25493008433871256,27.540069868362753,36.0,2
84073,4.824000686513771,1.0,95.84489600328196,1.443486624022477,1.1421322571741443,0.06697413709052649,0.3018659450426701,0.0,0.11407800504076084,0.7436443582672503,29.0170927205296,30.0,2
30177,0.0,1.0,123.88445335218479,1.6006790321669766,1.7218096897646715,0.025052050462048257,0.03870660185960439,0.01577190252818968,0.062334781593264214,0.8203964651635863,27.286048734794235,42.0,3
146398,2.81870192439919,0.0,86.93242984971377,1.2862118976616896,1.3270588689493945,0.07261531317345733,0.22434514853910228,0.0,0.07523239892816581,0.4123487785843696,32.643444201809224,37.0,2
75121,0.872923795046736,1.0,78.25615582350903,1.0278728688856018,0.42477495344457195,0.060020225724754794,0.09203541848258019,0.10741691635258989,0.143577243778483,0.23889672081580507,24.70864288089716,18.0,1
70410,0.0,1.0,167.67355421242462,0.8874490702428841,1.4330682921235658,0.036177528458350545,0.19696805351856575,0.07391897168127363,0.10160035464617702,0.5791526678427404,30.101914664202365,64.0,4
63186,4.359420279727952,1.0,130.62497901274506,0.6459421267605535,0.07820268096499827,0.032054095044992494,0.373801201041412,0.14855554980531355,0.065765824499414,0.3684149667388865,21.413378460297757,15.0,1
39702,0.872923795046736,1.0,131.61686682743047,1.3667351240154904,1.5118689516687127,0.04379041442699696,0.026870414285047127,0.0,0.13099723383694759,0.5276968367130614,27.428028693308136,44.0,3
1761,0.872923795046736,0.0,60.197720376501415,1.1937037408317457,1.450687222114931,0.06657208594270177,0.08455490089482158,0.1447427799270589,0.10263327184459343,0.6493529401476361,31.351291051195428,7.0,1
75444,5.270402895934253,1.0,105.11865739823496,1.3168623695632067,1.4006167860242422,0.10064118982096132,0.2351286933140305,0.0,0.0846000186739813,0.3472244379771469,21.716705661949,18.0,1
143801,4.359420279727952,0.0,131.55647795617392,1.5226033909488335,0.9633865604732803,0.026349657147987843,0.3132018552457221,0.0,0.06840641496750414,0.40779027040891674,28.805099419743946,60.0,3
153836,6.117892928831929,0.0,125.54274038064936,1.310700409278527,1.1923635900503382,0.10845647711077161,0.05686148504093403,0.0002577458970070632,0.1419690937436017,0.7376339196406687,31.26105059801897,31.0,2
7234,6.117892928831929,0.0,105.20180022450882,1.1502855016786524,1.1625640217662516,0.03684347528477961,0.1252878557882259,0.0,0.11334218617191304,0.49551067655190706,27.24124468751736,75.0,4
13998,5.270402895934253,0.0,135.22299453047924,1.1474217637968984,0.6466911138682083,0.03414355059055638,0.2053189330857846,0.0,0.08150955334797905,0.721289365608233,22.781083697433694,23.0,2
7362,5.701060861471607,0.0,150.5567003360234,1.5192591302375724,0.8035905104059599,0.06070530573539059,0.12267420854969888,0.0023388664837101845,0.08111111514562246,0.6606790044748683,21.188317604405437,51.0,3
78493,5.701060861471607,1.0,100.70885407266981,1.837289396713911,0.37907688330725015,0.11700973333376255,0.1892456434457902,0.0,0.08961697180144913,0.46312771325061475,27.84295619480359,3.0,1
123365,5.701060861471607,0.0,112.26129438308763,0.702869376209742,0.5392685908845773,0.02844379682282684,0.3567463464301085,0.002965912600349943,0.0834609979772711,0.4730437411412784,22.54730390522938,7.0,1
3664,0.872923795046736,1.0,115.75943153270691,1.8635008037178689,1.4105646242891337,0.06079598510061997,0.040033598196310465,2.689972356508323e-06,0.1283610048523297,0.6169938866974617,23.190731163677697,35.0,2
73002,4.359420279727952,1.0,161.24458352960193,1.0441365530273317,0.5544274649064301,0.04843439090520536,0.28037777348200726,0.1367790578865341,0.06776790858233991,0.2521047362767937,23.584700508634207,44.0,3
30186,0.872923795046736,1.0,100.44214308582774,1.3952422166886544,0.3320568299975258,0.041962598355487504,0.3602681406755159,0.0,0.1199400574388863,0.7238730648159113,27.773328256517807,44.0,3
139609,5.701060861471607,0.0,49.94057984608807,1.5528898930012174,0.4419266939684234,0.04342872429828728,0.0604302100831619,0.1485905385235853,0.05929341831428709,0.35276125013630455,23.190875664578844,9.0,1
31494,0.872923795046736,0.0,147.49669582171452,0.8799567951318898,1.1376138905461024,0.08997598537939895,0.23081248243290878,0.0,0.1299098908721293,0.31665838257302165,23.54724892292903,14.0,1
100418,3.3619271977508447,0.0,96.02390693652535,1.5192591302375724,1.4230459552752195,0.03611060568423348,0.22269219649736002,0.0,0.09630503739313614,0.6126068486236221,26.63468110731085,29.0,2
84381,5.701060861471607,1.0,100.32182857121491,0.9825170437964712,0.31062274053913125,0.04379041442699696,0.30801870464992115,0.14708959717405123,0.07389614600927014,0.33798239709523725,26.963661261989184,11.0,1
106015,1.5954046671017168,1.0,124.65059902187917,1.3984299557000819,0.9466557329092349,0.07400365818851558,0.21333172503136444,0.0,0.07567160824092482,0.1942716743024051,27.352385767588565,31.0,2
150697,4.824000686513771,0.0,80.23099227445151,1.1133552989984767,0.7726819849845797,0.04444855031782293,0.002659383109917205,0.010091238340664463,0.11749437973115917,0.25869452132756765,29.346290975393575,11.0,1
144652,6.117892928831929,0.0,160.11980071869448,1.7346023120600809,1.7742801479019172,0.04673112473458526,0.0019940376062208094,0.1341588606671828,0.1125876738958727,0.8373236460381878,26.501441605700027,18.0,1
89161,5.270402895934253,1.0,120.36460809949628,0.47132650642981194,1.752093072887597,0.06534527571603274,0.003976213546291906,0.003939573289650818,0.10915962010817792,0.37025330913284016,26.805213447531102,46.0,3
120085,6.117892928831929,1.0,110.88038181453236,1.4761622725906902,1.1671264680853237,0.032054095044992494,0.06411915306100532,0.14857662675398156,0.104861145959801,0.4278171081723786,23.239826541728974,11.0,1
55558,0.872923795046736,1.0,56.56437317398217,1.6144853188230401,0.4577046871378976,0.10304203740104016,0.21849470962927253,0.0,0.0682595902191365,0.41872379767106116,30.59413206505238,20.0,1
7901,2.81870192439919,1.0,150.97619531652353,1.3014873780326923,1.4456428644832313,0.030629476337651843,0.1636819881963965,0.0,0.09689431395432624,0.7983220901795082,26.75566603588259,71.0,4
123275,6.117892928831929,0.0,126.60604159296281,1.0117429819484791,1.1151419433655108,0.08845352666152759,0.050788310921096536,0.001984806558653298,0.07824336696718033,0.37300954001041753,30.330170410929245,1.0,1
124088,6.117892928831929,0.0,125.32485803968443,0.6225285599873925,1.8134383621135695,0.061649727727668975,1.0799825676737827e-05,5.9786340947456574e-05,0.08680895131871912,0.23511597741337825,20.195214603035417,1.0,1
113888,4.824000686513771,1.0,108.11630215441883,1.2083700310814445,0.5527359021169996,0.09477728604255982,0.054177532011139076,0.02110588240330083,0.10581030322960991,0.20856198321458377,29.341857544498666,16.0,1
44911,6.117892928831929,1.0,135.08763934926628,1.0495876169697003,0.9993545321705947,0.025435779189136993,0.11870244613380132,0.0,0.11905083262975834,0.40870230130966556,24.833304541312994,55.0,3
109413,5.701060861471607,1.0,112.01414612429954,1.382531875836705,0.8769353064372962,0.032896640880451446,0.29488694732514714,0.0,0.06971386977315287,0.3315024662333718,25.310344518963724,21.0,2
46162,4.824000686513771,1.0,137.2910234237085,1.6809968297595563,1.2155178905375075,0.11341562392299441,0.29646898691495843,6.0785880343932276e-05,0.06438176933966647,0.5428290888758212,24.752640851808298,23.0,2
4184,3.3619271977508447,1.0,121.48521185593013,0.9957462955575801,1.5299401608787968,0.06534527571603274,0.05585783783563089,0.0,0.0994514137349725,0.5667764960218026,28.10278852626084,62.0,4
42237,0.872923795046736,1.0,120.93018937746959,1.1474217637968984,0.6792018079786396,0.11035256799638082,0.2053189330857846,0.008698409363821236,0.0878799146864748,0.49461383429655437,28.314073400998634,37.0,2
42778,4.359420279727952,1.0,159.20446770161547,0.7436060858271775,1.1923635900503382,0.038157654766122096,0.2589888169513536,0.0,0.10937167434329613,0.38768360549391373,28.894056997726356,29.0,2
89207,0.872923795046736,1.0,74.60695005853982,1.7965377462689096,0.8568538604471809,0.10586085027058409,0.04038650080234692,0.0,0.09570786137811908,0.4586141796681728,28.852467125378055,18.0,1
113539,0.872923795046736,1.0,118.26709732012354,1.3667351240154904,1.7108616820708253,0.06546936729812085,0.02925539670568832,3.059642317599664e-05,0.02796893163775269,0.7169807027788505,32.29405674930084,44.0,3
3660,4.824000686513771,1.0,39.98292339706474,1.1762322066763853,0.21045458225094912,0.036444621844153466,0.3599669935990206,0.14894416997466625,0.06702380099356973,0.35276125013630455,20.171264011923643,28.0,2
28226,0.872923795046736,1.0,111.88539219299754,1.104924423867234,0.7650306132434314,0.050636785623080244,0.27408364899257415,0.0,0.09718602680360759,0.4694400923118106,26.061189182190713,67.0,4
3227,3.873488880460096,1.0,156.55209100814673,1.0743027900555246,0.2078743290301418,0.03191278463166446,0.3629360322594781,0.0,0.06571503760599098,0.2596351508210209,24.847788611716005,54.0,3
67517,4.359420279727952,1.0,125.96315102140399,1.6144853188230401,1.01218429027079,0.03543807420676252,0.11194284909103239,0.05378278308264704,0.05812088615492801,0.1751458780795015,25.701784923569598,19.0,1
38176,5.270402895934253,1.0,126.77301533162183,1.593801330922556,0.6773798878749421,0.08911637209763554,0.04038650080234692,0.02110588240330083,0.07344443758622808,0.10947906558311733,30.00402166403986,34.0,2
85903,3.873488880460096,0.0,148.016395829718,0.8924617548512922,1.5325301385083494,0.06776810307407538,0.10570515998144205,0.0,0.07344443758622808,0.6537117577120378,25.156116329183114,16.0,1
107905,4.824000686513771,1.0,105.40961623263863,1.580096699910016,0.2208418052825745,0.05728648091811103,0.03325079712840182,0.14342976024920992,0.1274776608148665,0.3481476766638229,28.141203814897967,26.0,2
91897,6.117892928831929,0.0,66.41522128210217,1.9666508341413012,0.986595383828515,0.1063065939423024,0.06711775861784504,0.0,0.06627170617944157,0.7005791303777831,30.286927523851897,13.0,1
81812,3.873488880460096,0.0,151.55334471737635,1.4761622725906902,0.5748678265386208,0.11314092919575607,0.12723040671399632,0.0,0.06110046150989802,0.29617216065705904,24.02524812106456,30.0,2
44275,0.872923795046736,0.0,48.22067087620718,1.5226033909488335,0.8349858419672646,0.04557037994341877,0.16533566327191976,0.002965912600349943,0.1314728113806297,0.2199614227629816,29.44813375191123,13.0,1
104212,2.81870192439919,0.0,165.1043370389192,0.7231008787618839,0.7593119202228912,0.058717534870942424,0.2569545847468735,0.06510096349073521,0.08497450704940865,0.48024360588362286,26.913006162352737,12.0,1
31321,3.3619271977508447,1.0,146.44163922939617,0.5871171410342558,1.5299401608787968,0.05728648091811103,0.0009985074216367666,0.0,0.10363955969640551,0.48114289466383386,28.984939080302524,47.0,3
15996,1.5954046671017168,1.0,23.178247383644994,1.1189948897666122,1.3981349919391537,0.06253352324993962,0.20025699425502924,0.1485484678378855,0.12175920649046457,0.2727839400024509,27.103020028767855,13.0,1
108674,4.359420279727952,0.0,125.29445154308004,1.2619772416422685,1.6809306175645167,0.04713258060424403,0.018284663933505536,0.0014518908549621067,0.06622128016933822,0.351838884233596,26.244351628940098,34.0,2
35531,4.359420279727952,1.0,117.75595153981986,1.258965687733321,0.6520678855900447,0.04644285264163093,0.04275804879042787,2.0098456665771915e-05,0.13033759494934527,0.47484463488452405,26.259498450241754,34.0,2
95806,5.270402895934253,1.0,111.32893130104358,0.4731990747180825,0.09055515529919876,0.03134499269087866,0.3722342889233416,0.1485053757043052,0.0909648244230264,0.10168630609411251,24.858682381485064,15.0,1
114805,4.359420279727952,0.0,87.33810212741446,0.8356733126244692,0.7977581590258924,0.08636722143496323,0.07632170682240504,0.0,0.07523239892816581,0.2943053803806194,22.272556287183697,57.0,3
96320,3.873488880460096,0.0,114.03026028092789,2.1093213954162473,1.095087666887929,0.061872096627794075,0.2312091724753965,0.010367912754811645,0.13008243038714398,0.7744609539463155,22.89671373897508,3.0,1
74138,4.824000686513771,1.0,124.75202464489459,0.6917471891808397,1.79660463980821,0.05328367386024081,0.0,0.013280431973232367,0.12675805909983276,0.31201016143727445,22.97401862382313,32.0,2
119050,3.3619271977508447,1.0,126.11505722863124,1.7382106712178036,1.699947820491657,0.07366089915094279,0.015434584296125193,0.0,0.04857530462566982,0.8449259926732132,27.220120175669354,8.0,1
56101,5.270402895934253,0.0,114.76959032527282,0.8601338152434236,1.5559343178098457,0.07468068007540363,0.21891869809742429,0.14238902999636535,0.1368618113699408,0.31386999284176065,23.112756607211203,19.0,1
52813,4.359420279727952,1.0,123.84384396565575,1.573269725078865,1.1900592475800453,0.07971180677246352,0.02129722678586382,0.012377812595437692,0.09776367429658296,0.5499355690315485,27.252774221351608,11.0,1
21515,6.117892928831929,1.0,102.68774574418786,1.4467356640090427,0.9487402689416761,0.030269292847822718,0.3587527883203148,0.12180888706043436,0.07207008747600625,0.12211148451059364,25.97336143953813,23.0,2
133896,2.81870192439919,1.0,129.92446997065724,1.0660306262012467,0.5612118533538111,0.025435779189136993,0.32694874517749745,0.02603785273729381,0.11717145598614156,0.4999926128156961,25.529939201501225,44.0,3
121045,1.5954046671017168,1.0,90.73848361419027,1.1762322066763853,0.7938794242950211,0.10793809036212502,0.241972737467687,0.0,0.0626534392312979,0.2821532349715344,21.931959684318553,5.0,1
145604,4.359420279727952,0.0,111.80812966445264,1.5259518253987494,1.042395729804522,0.09460267036318325,0.2737772756346401,0.0,0.08892922146119757,0.5241301357294121,25.969346225171506,1.0,1
54283,2.81870192439919,0.0,145.4946283579837,1.2260981136938247,1.2600680937293525,0.10337243046019386,0.21333172503136444,0.0,0.12162428428057229,0.5738519916568867,21.918304025730055,35.0,2
50417,4.359420279727952,1.0,83.1132055974847,0.7390256179332092,0.032990169380723584,0.03296644366899756,0.3749579057766519,0.14873649112615123,0.07160547706998972,0.1933173511187911,23.19535489146106,49.0,3
4215,6.117892928831929,1.0,99.59427056460613,1.5461302380608775,0.38057483496004635,0.04096770628370085,0.2922093969814438,0.14750688964916195,0.07344443758622808,0.31479963689727203,29.30242910712343,27.0,2
92358,5.701060861471607,1.0,129.132596375386,0.7948945864056484,0.9487402689416761,0.09141646816813875,0.2616620044246371,0.0,0.11141967447734964,0.5641208390442669,23.92323209896993,27.0,2
64423,6.117892928831929,0.0,105.04070246278243,1.4630425573980839,1.4355790578709804,0.11064263125178254,0.15465320359065973,0.0,0.12344151675057939,0.7281767403020308,26.006805178808143,2.0,1
57795,1.5954046671017168,1.0,152.0611727674278,1.1417057923154803,1.6245038255176485,0.05223874875548161,0.14465841868461957,0.0,0.07907699494507488,0.5463834888224122,25.971755404389093,32.0,2
6132,6.117892928831929,0.0,97.65913420589746,0.6162115293567928,0.35534568477806994,0.03503165581756767,0.3503020202802957,0.0,0.1369584106580656,0.16747215160921813,24.728157956227342,11.0,1
111028,2.81870192439919,0.0,107.9661868034721,1.1388535531640749,0.593835151024814,0.05328367386024081,0.2872574174773506,0.0,0.10673525114395638,0.6702452610397654,25.745567040263825,56.0,3
99317,0.0,0.0,56.54166906250171,0.7482001681201292,0.6342099553792683,0.05276348676969412,0.32189410842035704,0.1205882402115548,0.14016852768628044,0.8381688053614872,27.99788314441835,39.0,2
59850,5.270402895934253,1.0,152.63773118951246,1.2862118976616896,0.334943843105283,0.11947288346741715,0.3250784302488298,0.0,0.08716837634649345,0.27653391437213615,26.75566603588259,23.0,2
67770,0.0,1.0,105.62256689310877,1.4532460742582065,1.2909720999978591,0.03861210524436159,0.20025699425502924,0.0006463988464603036,0.08030591854684666,0.6823977251492471,29.7889311434776,20.0,1
25506,4.359420279727952,0.0,78.79790562562042,1.635322297431103,0.44349653102047515,0.04650060861552689,0.2521076621480948,0.1472187256702987,0.04851206876569219,0.219012573347335,29.78454291311182,33.0,2
7118,4.359420279727952,1.0,137.05590490748187,0.755116866294833,1.1331035227505035,0.026122119145500968,0.0012377057428378207,0.0012044261920612475,0.1228099104642298,0.23984141670888795,22.90691464466479,61.0,4
126401,0.0,1.0,146.55066255006423,0.7436060858271775,1.5559343178098457,0.05431056943270107,0.010821767172170031,0.001984806558653298,0.12051510801643173,0.4105258689230816,29.505713267661346,21.0,2
43670,5.270402895934253,0.0,115.09796265620392,1.767234330366132,1.1831582989482943,0.039448600807730404,0.155228029851228,0.14795523970981728,0.0623879865240673,0.09231570096790925,25.976171838747565,32.0,2
22574,0.872923795046736,0.0,109.67264644700899,2.3821906475859405,1.4355790578709804,0.07759212050764247,0.1941059981153935,8.49724053718752e-05,0.07479010183432175,0.15882300898583238,27.290189929496712,49.0,3
125730,0.872923795046736,1.0,136.3752359098381,0.7667130778006805,1.3270588689493945,0.1193211197750856,0.1153448023958126,0.0,0.07389614600927014,0.6257577563290178,34.58921276889965,1.0,1
126543,1.5954046671017168,0.0,106.69158893280749,0.14800656579133412,0.2580359139260108,0.03697595187732207,0.07942781521470375,3.0396469776920196e-05,0.06937729944019633,0.05175700581943816,32.573566725600934,14.0,1
54003,5.701060861471607,0.0,70.94315105722154,1.7855160893099271,1.173985195547883,0.09200993864114734,0.07756824717322056,0.0,0.13075335469188817,0.1866313169426985,26.139223062350055,4.0,1
28404,4.359420279727952,1.0,124.68609933327478,0.4308966917757894,0.9156208630438081,0.032756846992377936,0.29328660272751916,0.004905852458809698,0.11935085950785726,0.37117222363207886,26.508041798234025,39.0,2
93421,3.3619271977508447,1.0,157.38133962591223,0.6352505547361027,0.9591921604105726,0.03414355059055638,0.24308780253403353,0.0,0.10437726552568219,0.3803519932120896,23.660338893380228,50.0,3
50755,2.81870192439919,0.0,82.51639989714089,1.6598262815654952,0.9053728438287705,0.11314092919575607,0.18677221769714705,0.0,0.04907952486390593,0.4504799087144882,21.871741800858672,25.0,2
129931,1.5954046671017168,1.0,99.22234745809459,1.7346023120600809,0.5834619703150993,0.05009339799691467,0.2343516206207626,0.1477875979271654,0.07014415865854837,0.4730437411412784,19.527788176100124,7.0,1
49747,0.0,0.0,107.31361429962541,1.814995089313839,1.5742552026161614,0.0858828442467042,0.006633501818289081,0.000459192702630247,0.051800539853937295,0.5250220325545847,26.50975766522333,27.0,2
131574,6.117892928831929,1.0,81.20772215772733,1.1077309178046657,1.139872073704656,0.023264274728399842,0.2668778892785336,0.14397553805943164,0.08680895131871912,0.4990965284816648,23.542814968591962,35.0,2
113334,6.117892928831929,0.0,128.33497636476545,0.977251050003743,0.8809746737279629,0.022949522254053095,0.2797896221963635,0.0009435832791193417,0.06712347472330239,0.6248819796008633,19.52486947919565,49.0,3
58290,6.117892928831929,0.0,96.14497555313531,1.3604447167824396,1.0818076464946016,0.1134918076281394,0.13359821373595446,0.0,0.10763668424531088,0.5941437966272379,27.772816785781362,29.0,2
94097,5.270402895934253,1.0,126.01378933634024,1.6144853188230401,0.8192271637225136,0.06931636345747896,0.05248771370758104,0.0,0.1110204011529758,0.2821532349715344,27.677699381103086,19.0,1
82747,0.872923795046736,1.0,95.30757629181214,0.49399933792676487,0.16625007804218347,0.034280856815077226,0.3735420189563072,0.14872374146642076,0.07479010183432175,0.08820938744043838,27.067640573811758,14.0,1
154152,3.3619271977508447,0.0,116.35890111343369,0.9356488839762348,1.1062090211057984,0.07261531317345733,0.33119941052022045,3.3399573830165454e-06,0.07567160824092482,0.652840258681475,21.85670752617888,38.0,2
33327,2.81870192439919,0.0,136.65056494167442,1.826122368673923,1.378354930922237,0.05117544300866493,0.11125707260979383,0.0,0.07567160824092482,0.5107338658349185,25.20258855625608,47.0,3
64754,0.872923795046736,0.0,108.7423246706626,1.767234330366132,1.0818076464946016,0.09101297716999975,0.09129645354967957,0.00017088834675030637,0.06761972143576706,0.4477656398183121,24.034841192312246,26.0,2
58424,3.3619271977508447,0.0,106.36481819125552,1.6774576631672329,0.7900082832763979,0.1136042213312547,0.11870244613380132,0.0,0.061639629824901246,0.34168132433451065,30.991503273771734,13.0,1
1260,4.359420279727952,1.0,107.02858348974243,1.7094653201885666,1.03805616547117,0.10051148267888103,0.015816048561053418,0.00044125460768945494,0.14518988196050428,0.37759984787925627,29.179969586935282,5.0,1
9538,5.701060861471607,1.0,89.01666167738978,1.0117429819484791,0.2951485489927977,0.034005997818489966,0.3582934576644075,0.14856260352903555,0.059071447418294995,0.08605683009437633,20.165075013657994,43.0,3
124400,4.824000686513771,1.0,159.44928291237167,1.1849505506472449,0.9760166024735442,0.029907481693841425,0.1926598498780871,0.14682824890277488,0.08995736455673303,0.2407859170145463,28.77627880784641,31.0,2
152251,3.3619271977508447,0.0,124.71652702003978,1.5698625629767227,0.9993545321705947,0.09141646816813875,0.25280882888740774,0.0,0.08892922146119757,0.7281767403020308,25.06642447928203,26.0,2
155832,6.117892928831929,0.0,172.20945001432744,1.3667351240154904,1.5377163817742514,0.06657208594270177,0.006927442155667886,0.14607939875372355,0.100270542490563,0.283089132646496,27.979821541430596,37.0,2
131242,0.0,0.0,107.77979519078684,1.4926549618789116,1.0928693631362019,0.08800276332840526,0.19071575807816873,2.5299755470162807e-06,0.12654701746975344,0.470341237512751,30.771745535451704,34.0,2
57359,4.824000686513771,1.0,79.83658390888834,1.0144220302914997,0.8310347149247238,0.11250755524274503,0.21201895798104362,0.0,0.11667954399222695,0.48024360588362286,29.910893170660323,19.0,1
157330,4.359420279727952,0.0,145.67814956082287,1.8823565270014346,1.3464934343650294,0.06555191951057353,0.28414454297905156,0.0,0.04926784610042771,0.6371305844385486,21.71474224505284,1.0,1
63625,1.5954046671017168,1.0,66.7479891436861,0.9000075885026969,0.2208418052825745,0.11935545333019631,0.3570577544941999,0.0,0.09540627374586548,0.49551067655190706,34.84954938237206,4.0,1
128834,6.117892928831929,1.0,169.79570293223287,1.4016217618309161,1.234186749955301,0.10980454318077999,0.04144278516704695,0.0,0.11949950664623125,0.1607465310562704,21.137300396988238,26.0,2
139766,0.872923795046736,1.0,62.55418163643866,1.4663162944046058,0.44035862382797525,0.11069945647795845,0.2404747550200633,0.14691313198618178,0.06540955400727862,0.5720839688793614,20.867939162554396,3.0,1
115382,6.117892928831929,1.0,110.55024872107673,0.925393585596664,0.2826407660286513,0.027552803013641613,0.37183808953849257,0.1440029101497214,0.05583761488162731,0.24173022192994606,21.413530918997278,41.0,3
67888,2.81870192439919,0.0,182.17710172170715,1.5972380637191486,1.4305595995732223,0.039448600807730404,0.02129722678586382,0.1414538593150346,0.07066635954166857,0.6205010638904588,26.372910932126135,14.0,1
78654,0.872923795046736,0.0,130.5494104528826,1.0550536357269065,1.5663907762113518,0.10786191730577435,0.06001745175361135,0.0,0.104861145959801,0.6029433102477434,22.33871469304061,12.0,1
145471,4.359420279727952,1.0,98.28904265576222,1.4926549618789116,0.5459877684173237,0.035235138009384284,0.36041835637235076,4.51921960704292e-05,0.07610775407689287,0.45319275256535035,26.512397313109634,36.0,2
137436,4.359420279727952,0.0,92.75727928859709,2.005688063444212,0.5663192073340175,0.08822904207283068,0.33757350581436935,0.14796473604214241,0.07113757653068406,0.4359872512326654,26.63033920631282,41.0,3
132630,6.117892928831929,0.0,161.4058729425874,1.116173191799425,1.7108616820708253,0.09628957850027947,0.17917339349527653,0.13997812937397572,0.12344151675057939,0.286830856430596,29.70389127878092,12.0,1
28471,4.359420279727952,1.0,125.90238119618088,0.7972654942346424,1.095087666887929,0.047871617065426426,0.07452016071660737,0.09984993767610811,0.08608269509259017,0.3277957400099712,22.360935685029574,22.0,2
719,4.359420279727952,1.0,135.52371438057762,0.8187599816799841,1.476033739652881,0.03482762600454365,0.0009985074216367666,0.0,0.0542585308030303,0.6336336735553394,31.154085720168208,69.0,4
87589,5.701060861471607,0.0,71.4595413875244,1.0937363611747035,0.8568538604471809,0.09080883719607807,0.011788166338059581,0.0,0.11407800504076084,0.24739195922341117,21.752630266692016,28.0,2
41889,1.5954046671017168,0.0,94.09438004037443,1.8447562024754598,1.1218625664872488,0.08777467453951815,0.021203510818620357,0.0004302912245644927,0.13981173808635503,0.49371684008158656,24.608411764694193,23.0,2
26895,5.270402895934253,0.0,147.259031275187,0.7051038664063272,0.44349653102047515,0.028959096633576646,0.16860685887279303,0.002965912600349943,0.06479464666176499,0.24644882252897388,20.715552540892986,48.0,3
59855,2.81870192439919,1.0,167.2797817184144,0.6588804120467933,1.3005502950795864,0.02770197444137078,0.15058911051770973,0.13197391490275998,0.09259922813974525,0.2709078202006909,28.39526376608554,44.0,3
39872,0.872923795046736,1.0,84.83033138070282,1.837289396713911,0.729098628509576,0.1171907760404362,0.048650468459405787,0.0,0.04710906627013494,0.41417103144871215,21.114685096532344,9.0,1
156697,2.81870192439919,0.0,157.8079865114431,0.7643869846402107,1.0707955444139763,0.032054095044992494,0.025301228365424994,4.2693035413400435e-05,0.06884501787787135,0.0382126335605829,26.232123544621658,56.0,3
118855,2.81870192439919,1.0,95.39189027621704,0.9511404885049599,1.1218625664872488,0.038157654766122096,0.26815536298715575,0.08370549985994641,0.12488293093845737,0.5383828155329159,24.89974626593209,62.0,4
121645,5.701060861471607,1.0,79.31748689271127,1.9588977384166186,0.6646784571795217,0.05923305217520785,0.028156872954833594,2.6599729696133675e-06,0.09972625759298626,0.42054376079082423,29.438304394130714,23.0,2
1798,6.117892928831929,0.0,131.37025393266615,1.6283596013417518,0.9383370423726153,0.05709285868881574,0.22393328775948465,3.4195532110313325e-05,0.08571582562284803,0.5437179067418695,22.457941565526422,5.0,1
43701,6.117892928831929,0.0,93.27553191969324,1.6006790321669766,1.2742887424067721,0.0711798012622476,0.0978759997682047,0.035267599177157063,0.062121579541474924,0.37117222363207886,25.83392028425548,44.0,3
135072,4.824000686513771,0.0,76.96463257240535,0.7690426018513223,1.1923635900503382,0.09370898039945591,0.00603501497709107,0.0,0.11122066945651018,0.35737047171995895,15.143393760719142,23.0,2
34694,3.873488880460096,0.0,113.80421726204293,1.4663162944046058,0.9135673883268748,0.10549248652952234,0.08606729572137231,0.0,0.09660065570186806,0.4838398383414279,30.811662325236316,15.0,1
110213,0.0,1.0,114.23569833190992,1.0037280259604542,0.9217929097588613,0.054817363853910714,0.27590901786834404,0.0,0.09510266620308695,0.652840258681475,32.400261053224696,39.0,2
53654,3.3619271977508447,1.0,89.62302509186223,0.9228387905195625,0.36863987357613676,0.03482762600454365,0.32756561202397355,0.08676659780150073,0.10915962010817792,0.5685462219497042,25.20204216195479,61.0,4
99372,2.81870192439919,0.0,87.51416559997868,1.978314396768651,0.9445731428547706,0.10152244608703388,0.06248535294461734,0.0,0.07523239892816581,0.6754565700006173,26.983879087845878,42.0,3
127045,1.5954046671017168,1.0,90.32440005335582,1.814995089313839,0.4450681356611424,0.11601118374480045,0.10217491408483344,0.0,0.09660065570186806,0.5543724183688273,30.119821930656595,7.0,1
80046,4.824000686513771,0.0,121.13390960871406,0.6984104567706283,0.895173163886735,0.029178943760520885,0.21849470962927253,0.14057261223976814,0.11122066945651018,0.4730437411412784,33.303806435891204,19.0,1
107012,3.3619271977508447,1.0,94.31608607731623,0.21915210979586114,0.10195065333753964,0.03414355059055638,0.3582934576644075,0.14832221679716667,0.07389614600927014,0.057575934581328994,22.595278254313254,56.0,3
124087,5.270402895934253,1.0,150.46290796575084,0.5093607830228893,0.5392685908845773,0.030629476337651843,0.3018659450426701,0.0,0.06874779249788905,0.24550549161982108,27.9738416527867,45.0,3
53231,0.872923795046736,1.0,116.59446893697637,1.3635879022326585,1.3611555555156263,0.11326021166844137,0.13359821373595446,0.0,0.0652563208801996,0.567661430117058,25.730619450464925,16.0,1
98692,5.270402895934253,0.0,75.62099910557437,1.3888789288233903,0.653863841431761,0.0711798012622476,0.3273603516800775,0.14848343783585247,0.07782218133052284,0.5339328914848354,23.954631157453065,48.0,3
105047,0.872923795046736,0.0,141.52337510899355,1.0909488099104507,0.7536102102164997,0.11583305116417608,0.1416366259819575,0.0,0.07610775407689287,0.4359872512326654,28.534832893308128,11.0,1
136327,6.117892928831929,0.0,137.20598722038477,1.0037280259604542,1.777063188483045,0.037503497957860635,0.04649739313307388,0.008698409363821236,0.1228099104642298,0.8246325601771349,28.645151752983686,10.0,1
99153,3.3619271977508447,0.0,95.39189027621704,1.456507450130662,0.5392685908845773,0.03932053869617266,0.3698297147628703,0.000836317323389358,0.06515398295072336,0.3739279421988962,25.976840950974907,30.0,2
149562,3.3619271977508447,1.0,87.64751339466127,0.5995087379969654,0.09509434075589876,0.10682075272588769,0.35783192141130205,0.12514178463726408,0.07697095147323091,0.12114110433570777,24.704627847964307,49.0,3
40427,4.824000686513771,0.0,135.76422144472738,1.1388535531640749,1.4080745642651042,0.0461533086282955,0.06141847379600026,0.05817530315797883,0.05461212066190795,0.2680922205501752,29.798681182192517,6.0,1
102969,2.81870192439919,1.0,148.7039776975502,0.7163267310388866,1.1716969445284566,0.030629476337651843,0.003976213546291906,0.11351556116093699,0.1087314302634894,0.4050531875874435,28.225642323239917,55.0,3
45751,4.824000686513771,1.0,125.31472265817229,1.237995013338512,1.0057605767148683,0.1134918076281394,0.131070708116066,0.0,0.1087314302634894,0.461322770147165,26.246477857004187,59.0,3
105562,5.270402895934253,1.0,90.40936231126071,1.3230403074748542,1.0707955444139763,0.044982288551343556,0.1410276701496655,0.0,0.0846000186739813,0.4856370331868439,28.600181781709967,20.0,1
6196,3.873488880460096,0.0,133.5874013914693,1.8975213518964196,0.26074283774315343,0.04438898378389238,0.34234814963523724,0.015947865155063325,0.07389614600927014,0.5232380909858012,23.693397194922696,24.0,2
24106,3.873488880460096,0.0,91.7566216638364,1.635322297431103,1.1762754558995927,0.10639383282620979,0.15637341109399755,0.0,0.09999929605428569,0.581801103291445,22.91842342104471,45.0,3
55675,0.0,1.0,98.08963418455745,0.633122062221687,0.7272262776524988,0.03564046603117301,0.21593067514693054,0.0002048395482878799,0.06971386977315287,0.5330424673029763,22.892340984988667,24.0,2
46294,0.872923795046736,1.0,90.23411516048473,0.6267561796552508,0.07044115813186841,0.029907481693841425,0.3752128331966564,0.14878033257804144,0.07298954199416931,0.22754504202061962,19.458146683219017,49.0,3
93883,4.824000686513771,1.0,64.0958543127131,0.8356733126244692,0.6883393129818888,0.09442669630209094,0.16312805578940295,0.0,0.07253143383276514,0.35737047171995895,26.367215069713293,18.0,1
31414,1.5954046671017168,0.0,78.2019515225078,1.5596663441426157,0.2965467864597166,0.09220467864151599,0.2988083318684791,0.14538864290523457,0.06971386977315287,0.219012573347335,24.128519786837227,18.0,1
41607,0.872923795046736,1.0,104.82758342858304,1.2024918523025487,0.47366004718920107,0.11906465280810334,0.3252877160088613,0.0,0.104861145959801,0.6038225012683465,19.74313358726489,25.0,2
42860,0.0,0.0,125.82641300880397,0.6610483277676394,0.09737343436394509,0.032756846992377936,0.36175965267375565,0.0,0.07389614600927014,0.11531412862393906,26.17625038808702,2.0,1
86104,4.359420279727952,1.0,183.23813053724868,0.7006382405716461,1.8416670275191742,0.08845352666152759,0.0009985074216367666,0.08370549985994641,0.13033759494934527,0.1818493657511305,22.794828116134983,2.0,1
20046,5.270402895934253,0.0,144.25871443530167,1.0414166221981487,1.1808620069999787,0.026198033914667747,0.26815536298715575,0.0,0.1085152749541968,0.6893306308342276,26.981792563893748,24.0,2
37449,0.0,1.0,92.5297523673491,1.3920585419964056,0.6271184303094184,0.07664561864626834,0.27469455038309665,0.12639779551552602,0.07389614600927014,0.3831026140507271,21.332166968798667,26.0,2
37841,0.872923795046736,1.0,85.59606723503897,0.7253656825023128,0.9591921604105726,0.07468068007540363,0.0993166428042023,0.1338427588405769,0.1231911327681001,0.43417279113429047,25.970416990231918,16.0,1
122766,3.873488880460096,1.0,172.0205976353553,0.9563334199741291,0.858853361084863,0.029907481693841425,0.2312091724753965,0.0,0.09029545927515505,0.5800356203400376,22.986522322943248,15.0,1
38223,1.5954046671017168,1.0,181.74955916362705,0.8849480810453934,0.7900082832763979,0.04257727432062326,0.17022461334284544,0.12448573823958835,0.1005400101632899,0.475744849543228,27.03183886199479,33.0,2
62000,1.5954046671017168,1.0,86.63334068660689,1.8112948160060567,0.8789540273492653,0.10247485139026782,0.0978759997682047,0.0,0.07739805058592603,0.6187477473978619,24.000548157214684,5.0,1
105581,4.824000686513771,1.0,78.58126954654111,1.6951965578252368,1.1286011489630472,0.11200102058496486,0.10849580240222706,0.0,0.1005400101632899,0.5125219727084062,28.39941987154134,41.0,3
120484,0.872923795046736,1.0,116.42548153904839,0.8235748656635028,1.7327918798529205,0.08086954562732294,0.00019994023336583549,1.9498547427496277e-05,0.1046199903677044,0.6371305844385486,31.70090830528091,23.0,2
135309,4.824000686513771,1.0,91.33789644627562,1.0993228154521477,0.7861447309043834,0.07790245322973517,0.08906753062547003,0.0,0.08422295110813957,0.4050531875874435,28.82305554753557,30.0,2
131613,5.270402895934253,0.0,178.54558127679778,0.9228387905195625,0.9424924981597133,0.03414355059055638,0.33548893733695057,0.06081100334518816,0.14599192410007975,0.4928196937814543,22.54862927218448,9.0,1
10936,0.872923795046736,1.0,108.04383639709911,0.9825170437964712,1.4557398888377278,0.10763012901892503,0.1636819881963965,0.040287340300327955,0.1173334149753333,0.5259137815807644,23.208789074432858,8.0,1
46507,5.701060861471607,1.0,95.56048634674164,0.9305140056689871,1.2766659695073987,0.044982288551343556,0.13547693088861773,0.1255263014773452,0.1220266290353647,0.3601339240615556,25.76225828476756,1.0,1
95602,4.359420279727952,1.0,115.523621090076,1.3730416877687452,1.6539440066230873,0.05170941569813888,0.12135717411903511,0.0,0.10718886451071041,0.8034231654125819,27.844487950447885,44.0,3
34020,4.359420279727952,0.0,162.5635468046793,1.9051305755612356,1.1900592475800453,0.08412484604572,0.10570515998144205,0.0023388664837101845,0.0692325431781873,0.4223630722672164,28.562314446236755,1.0,1
77074,0.0,0.0,111.28254162961515,0.641655665212604,1.3270588689493945,0.04673112473458526,0.0019940376062208094,0.0,0.100270542490563,0.3435297312064924,25.614338645304272,45.0,3
132912,0.0,0.0,111.97294716998597,0.9407982425356697,0.7803636199698412,0.03482762600454365,0.1941059981153935,0.0,0.05306868496164823,0.5844482742465293,27.094308157094282,56.0,3
104380,4.359420279727952,1.0,104.24508844969459,0.702869376209742,0.2798798920988196,0.030629476337651843,0.2855678070131954,0.007761030056575878,0.10237756976806238,0.2952388627866774,25.552951384321066,24.0,2
57098,6.117892928831929,1.0,95.5078046393997,1.6951965578252368,0.9300494478737024,0.07296675335244636,0.007651376986582668,0.00010295948287406406,0.046528538995433626,0.6380044771041449,20.160789579939213,38.0,2
75066,2.234779091684268,1.0,163.86634695092332,0.6459421267605535,0.3163008607122087,0.032756846992377936,0.2903041499614681,0.12239772377456234,0.08111111514562246,0.20665925415005007,26.135358446684393,16.0,1
128948,0.872923795046736,0.0,116.27182617832094,1.670392228724202,1.1017545099034765,0.11029334661670147,0.1440571078191837,0.0,0.08030591854684666,0.5543724183688273,22.895401971849207,55.0,3
2468,0.0,1.0,126.91972383952844,1.249954663221884,1.3101611541437503,0.11114030478122258,0.11601985112802114,0.0,0.09917475099732172,0.6213775183157527,22.73879189888451,19.0,1
89969,3.3619271977508447,1.0,118.78814060127999,1.4532460742582065,0.6556616476550895,0.02844379682282684,0.2671982360325522,0.0,0.07298954199416931,0.5720839688793614,26.450846997980555,67.0,4
117803,0.872923795046736,1.0,92.31273371827838,1.6423020601527738,1.1421322571741443,0.10549248652952234,0.04232025444488725,0.0,0.034804671290121374,0.30921905351352663,28.56356888042755,36.0,2
118189,2.81870192439919,0.0,80.41999419562971,1.338555201025666,0.1600987184866599,0.05640988448350998,0.32465874438882003,0.14876169108165535,0.09386772939038489,0.24173022192994606,20.16666205711527,16.0,1
23524,0.0,1.0,55.11437654125344,1.3230403074748542,0.0020030326975557255,0.10980454318077999,0.3755937936401596,0.1489386207198616,0.07610775407689287,0.2530467117592156,18.48525580436013,50.0,3
58695,5.701060861471607,0.0,107.04931665857082,1.4695941574011762,0.3163008607122087,0.11552394347449567,0.2603309480928278,6.258503201371954e-05,0.090631273449164,0.12405157644659484,29.414950663541543,6.0,1
84597,4.359420279727952,0.0,117.22913929265111,0.5506329600414857,0.13232421621990417,0.03345331143459896,0.3692863258497086,0.13799351352922265,0.07523239892816581,0.2426743316518963,27.488080264677908,38.0,2
3824,2.81870192439919,0.0,174.93241332610398,1.6144853188230401,1.2695403925683402,0.0311310141664868,0.013616481645214139,0.021525355863885695,0.03939290403568375,0.7487913817984178,23.764680012242998,47.0,3
124804,4.359420279727952,1.0,59.313510400708466,1.3354442055656686,1.0250847906186369,0.0363111945750574,0.00023092027310164359,0.14708959717405123,0.09417957066797655,0.39134537056455715,24.617017790363008,6.0,1
15215,3.3619271977508447,0.0,103.88079292740838,1.4597729435754092,0.8749185103672998,0.11268268778192085,0.13795961794494901,0.10812278076083233,0.11497228316209064,0.708353971685764,20.87957072786323,9.0,1
54045,0.872923795046736,1.0,99.55237366422129,1.1531530780227583,0.8389446157210648,0.025359172694512967,0.04458997095889369,1.259993934867961e-06,0.07782218133052284,0.6685071173338719,27.279188938984667,2.0,1
58026,4.824000686513771,1.0,84.11725827054381,1.9357467418808714,0.5510461517347672,0.08997598537939895,0.20072249983297194,6.9398160061783266e-06,0.0846000186739813,0.17131070112413319,28.561310871786187,9.0,1
10090,1.5954046671017168,1.0,133.4718987929987,1.2024918523025487,0.9591921604105726,0.08933383591792979,0.304855180705445,0.0,0.1293803312247751,0.539272361790861,26.431939703928382,50.0,3
10183,3.873488880460096,1.0,121.469940870959,1.068784255159413,1.6485721689567856,0.10024912841460783,0.012077529782783506,2.5699747676706214e-06,0.1231911327681001,0.6493529401476361,30.405713920084875,15.0,1
5602,0.872923795046736,0.0,113.77852649407527,1.7166256457400175,1.0250847906186369,0.05631163987576615,0.1832598522183656,0.0,0.07523239892816581,0.4468605662115773,28.56557589685901,71.0,4
36543,5.701060861471607,0.0,132.38144985999423,0.8091720843236079,0.8648633807671563,0.08845352666152759,0.17553296004468336,0.0,0.06474316603131854,0.304563566592905,23.9486929286766,49.0,3
103539,5.270402895934253,0.0,136.9558369514446,1.3199493399191744,1.0315616104748004,0.06616661355998277,0.038529237005250974,0.0,0.07066635954166857,0.6615493185898008,23.027926284566128,39.0,2
122793,4.359420279727952,0.0,120.14030851951208,1.3984299557000819,1.1331035227505035,0.05776762020712451,0.1832598522183656,0.0,0.06050287974072933,0.6685071173338719,27.203912827909868,15.0,1
68028,1.5954046671017168,1.0,114.97996929468005,0.6545544784683045,0.8890765263984753,0.032756846992377936,0.2445634442629467,0.1477670802730824,0.07113757653068406,0.24456196630091115,22.541854623550822,12.0,1
36110,0.872923795046736,0.0,140.5667135458775,1.3698863849283012,1.0467431886384175,0.1130192548806852,0.21764387222561646,0.0009961907158109078,0.14192339689212344,0.6003049092046717,25.833785960392614,22.0,2
15892,6.117892928831929,1.0,103.04221877035035,0.9746235506992239,0.8310347149247238,0.11516156137698857,0.2514035351565574,0.0,0.05984555154985277,0.7736070474713581,28.946421937036156,34.0,2
114190,1.5954046671017168,1.0,113.439330506948,0.9101188546911463,0.2432677692739327,0.06816008079340606,0.35643393693268677,0.0014617796264512592,0.08892922146119757,0.45590417500931824,27.751968885452015,10.0,1
141412,0.0,1.0,94.58520060299224,1.0063959825440436,0.8290620173475927,0.036444621844153466,0.3129707791704974,1.4499196823750347e-05,0.0929195560165614,0.6003049092046717,23.061158415822458,16.0,1
31029,2.234779091684268,0.0,111.95749700328476,0.6480902820411296,1.3758917009694793,0.04071676728200563,0.007905355412165744,0.0009961907158109078,0.11239606234866689,0.5330424673029763,24.624095414108186,54.0,3
721,5.701060861471607,1.0,110.01348143113529,1.9051305755612356,0.8568538604471809,0.03880600336970576,0.07452016071660737,0.0009961907158109078,0.12037265058829381,0.3453774353206826,26.460891890429515,60.0,3
65423,2.234779091684268,1.0,114.50782239609615,0.544652211466266,0.5765830106954144,0.0431865287142909,0.36146323341331466,0.033036169012816585,0.1442951401093346,0.6449908092028069,22.026342760104658,27.0,2
121220,0.872923795046736,1.0,83.67718995201375,1.5596663441426157,1.6620176809780942,0.043549501022233275,0.08142858848638866,0.1488048488491456,0.11479565148345594,0.5026799590533929,27.289931117371204,23.0,2
154265,2.81870192439919,1.0,87.19934980284765,1.246958858166756,0.7253558029455678,0.03880600336970576,0.2858507883540187,0.001984806558653298,0.07253143383276514,0.7402105591570741,24.563266157416805,33.0,2
31104,4.359420279727952,0.0,92.7149547342304,1.4597729435754092,0.12404034121642822,0.11945668637898718,0.3418078903960608,0.0,0.08892922146119757,0.31386999284176065,24.380861775953495,10.0,1
76975,2.81870192439919,0.0,88.15397170192078,1.0414166221981487,0.9654866865759476,0.11352952530536849,0.2655899324840549,0.0,0.1344540309462206,0.6055804699512913,23.22986872725673,38.0,2
37184,5.270402895934253,1.0,111.78237379181647,1.0414166221981487,0.8016444925314857,0.08253683745040954,0.079196038339907,0.0,0.09747580878089683,0.28496036755879967,27.022069154363273,2.0,1
41431,6.117892928831929,1.0,142.5288635326187,1.1762322066763853,0.24193525533195437,0.07261531317345733,0.3159420989489345,0.03152094615885867,0.06727271957900667,0.5437179067418695,21.3073959770126,39.0,2
26216,4.824000686513771,1.0,161.16637427227903,0.6141123480098922,0.811393604128813,0.03880600336970576,0.1902268730920707,0.0711013647450537,0.0692325431781873,0.3509163440956271,24.022708345327295,57.0,3
87199,4.359420279727952,1.0,191.15149960844616,0.8308234223741906,0.2078743290301418,0.11223590741304879,0.35533255507846917,0.11864383254650614,0.132877752641432,0.379434781026071,23.373186100073145,27.0,2
101604,4.359420279727952,0.0,103.67254210984848,1.5192591302375724,0.9570978852161511,0.09220467864151599,0.2053189330857846,0.0,0.07389614600927014,0.5685462219497042,27.277376721225185,5.0,1
111506,4.824000686513771,1.0,113.17712515211939,1.2290664655179893,1.314978844489941,0.04954523409962817,0.05248771370758104,0.0009961907158109078,0.10763668424531088,0.7264556430606567,26.376486976446955,38.0,2
75347,3.3619271977508447,1.0,157.13115916496375,0.9851555438001129,1.353815249832546,0.032756846992377936,0.05836061652265536,0.001984806558653298,0.08229821707572699,0.7393518023357826,25.376616544160772,3.0,1
129648,5.270402895934253,1.0,67.97719444422307,1.688088075804631,0.6484815224571175,0.11160832397974157,0.1796884828622201,0.0,0.09570786137811908,0.6493529401476361,24.211848824811643,18.0,1
58787,6.117892928831929,1.0,84.4819441874289,2.1787686595395814,0.4263253917583581,0.05556935789140062,0.2821283049873707,1.5099128980164388e-05,0.10413295990069908,0.6858652061907988,27.28423682745805,59.0,3
90762,4.359420279727952,0.0,118.70642997995476,1.0881650388686348,1.558545279477859,0.09785169032817521,0.003263990733411566,0.0,0.022900312085721,0.2915038241674874,25.9590385776026,2.0,1
21076,3.3619271977508447,1.0,71.60776806859552,0.6545544784683045,1.7603971408092527,0.07261531317345733,0.15751312861954064,0.0,0.13252230774360968,0.5276968367130614,25.766968194638963,54.0,3
66234,3.873488880460096,1.0,139.76379341670645,1.0332792011007887,0.5612118533538111,0.10831097267156785,0.24747716982900486,0.0,0.0834609979772711,0.44052059468949495,27.035485603210752,43.0,3
97578,5.270402895934253,0.0,96.80257755813072,1.2953652640842788,1.1900592475800453,0.10127534682474977,0.2875370978366841,0.009545277574136757,0.07207008747600625,0.6589379823386252,32.627301345026424,12.0,1
144618,1.5954046671017168,1.0,110.13738397887458,0.6873217200952351,1.353815249832546,0.04456752565515649,0.02742239461553638,0.1480936353641807,0.09630503739313614,0.6936595288584673,30.408718562232078,4.0,1
35206,2.81870192439919,0.0,126.61110186625814,1.1588997572047788,1.1534632002710248,0.0973955388973874,0.228815907594239,0.0,0.08644706391858864,0.7496487913794742,27.576705492055545,16.0,1
109757,4.359420279727952,0.0,126.91466532977748,0.9537351345706274,0.9135673883268748,0.03184203401148653,0.2858507883540187,7.028112374967721e-05,0.06328665532096683,0.428725547103319,32.161136116908715,33.0,2
103686,5.701060861471607,1.0,114.3640702787269,1.8002204158456978,0.6042741472907891,0.07366089915094279,0.15000270958900153,0.1472187256702987,0.0807099107755365,0.14533430943290376,23.906248036661193,24.0,2
15516,0.872923795046736,1.0,67.83339770662842,1.1133552989984767,0.44035862382797525,0.1129367836452434,0.32381489060734037,0.0,0.08571582562284803,0.5357133001241309,26.075206944636232,58.0,3
159842,1.5954046671017168,1.0,133.1604725963024,1.0305741753174436,1.450687222114931,0.0614711458158501,0.2951518841877521,0.0,0.04685152863155863,0.8093691047507907,27.39125767907383,49.0,3
34845,2.81870192439919,1.0,127.99147851653238,0.897488732723847,0.4387923199218749,0.024434449381760884,0.3315961599830793,0.0,0.06571503760599098,0.21046390307817353,29.037564002539643,25.0,2
35359,5.270402895934253,0.0,81.02976961796658,1.792859470542298,0.9217929097588613,0.07400365818851558,0.0686456261630132,2.499761250888999e-05,0.053308042521598584,0.5950243716781197,27.011645481262907,73.0,4
127582,5.701060861471607,1.0,128.04200117652564,0.562679835601423,0.46725657598435466,0.025128935598260807,0.37090656488349194,0.0,0.07866163055322024,0.3444536710269561,21.828875797823205,8.0,1
3290,5.270402895934253,1.0,113.33137410473829,1.3857033743699478,0.4545349207481146,0.09628957850027947,0.24419571757330444,0.002965912600349943,0.08680895131871912,0.46763733513873956,26.106028015146205,43.0,3
76202,4.359420279727952,1.0,131.30984883465803,2.0690952261837947,1.1900592475800453,0.10152244608703388,0.17076124987887595,0.0,0.12356559458620506,0.5950243716781197,28.817569764238677,10.0,1
15472,5.701060861471607,0.0,149.37133700792026,0.9693795334875999,0.9550055590897916,0.11656975111154709,0.02139091534724476,0.0,0.09833371298734968,0.41325998704410216,29.0245379652861,32.0,2
155156,4.824000686513771,0.0,151.20314642748005,0.8429744814568473,0.25129798432132566,0.02844379682282684,0.36467313436362186,0.0,0.12268131026148278,0.16555160761465107,20.571653804631485,36.0,2
61965,2.81870192439919,0.0,30.707291605644684,0.5646987472473326,0.7822887621101576,0.04257727432062326,0.2460265192220273,0.14540940449185707,0.09417957066797655,0.31665838257302165,30.017846547844513,16.0,1
14249,4.359420279727952,1.0,88.83037939272187,1.837289396713911,0.8074882515588501,0.07727921957627658,0.19217553698332104,1.329932425995656e-05,0.09029545927515505,0.490127341111776,27.291613366296712,10.0,1
101531,5.270402895934253,1.0,96.71318124468795,1.1218203956730715,1.3709714197337277,0.05390195258396368,0.09350737751597628,0.0006075856194457818,0.06627170617944157,0.34999362956189706,29.198632758717117,43.0,3
4389,4.824000686513771,1.0,69.78757320189287,1.3261352750235784,0.895173163886735,0.10293027132491821,0.052911064004482214,0.0,0.12242178962049771,0.7565036843130809,23.735387612536375,65.0,4
120244,3.3619271977508447,0.0,116.87603678521826,1.3354442055656686,0.5011931214681938,0.026198033914667747,0.33080127724609326,0.07662227615159621,0.08422295110813957,0.3472244379771469,26.19581520510589,23.0,2
8019,4.359420279727952,1.0,129.16791762423344,0.9025300258404296,1.5377163817742514,0.08463728846781318,0.005946621798604477,0.1485905385235853,0.11389577405950702,0.2999035103297946,28.478684218504654,18.0,1
1096,0.0,1.0,138.64059079962067,1.7094653201885666,1.5196011969191976,0.04239344321751032,0.11736465633327059,0.14821530793506596,0.06158588724043837,0.7281767403020308,24.043585561267264,25.0,2
142556,0.872923795046736,0.0,68.03248937180629,1.4048176378816764,0.4930415516733339,0.022949522254053095,0.35612052169949127,0.14843876050703148,0.07523239892816581,0.2662142053083389,21.714289131927554,38.0,2
82118,5.701060861471607,0.0,114.9440548343477,1.456507450130662,1.4431238001219762,0.08612600426799331,0.1014632060448643,0.0,0.1199400574388863,0.721289365608233,28.59905378019499,36.0,2
110973,0.872923795046736,1.0,87.98342167879218,1.6423020601527738,0.9487402689416761,0.10421865593665172,0.10849580240222706,0.0,0.07567160824092482,0.6493529401476361,27.93246746482,4.0,1
119705,0.0,1.0,78.36996746290836,1.6423020601527738,0.8528606142967284,0.0719035626650213,0.2995792592214203,0.0009961907158109078,0.10958238112235452,0.7031718835524514,28.345231955049517,48.0,3
104522,3.873488880460096,0.0,108.40092190309356,1.313779393613908,0.7803636199698412,0.04257727432062326,0.3003458152426495,0.0,0.07113757653068406,0.34999362956189706,26.486785180948697,52.0,3
132004,0.0,0.0,94.69598069066842,0.3279063019121422,0.06713831723197625,0.032756846992377936,0.37130700566282,0.13918990221031644,0.10388706186522997,0.16651198557114857,24.990392851696395,12.0,1
43138,0.872923795046736,1.0,91.9685304284963,1.5596663441426157,0.8708906902532544,0.10698728321032973,0.005307524167595349,2.789702650986018e-05,0.11717145598614156,0.3463010242500451,21.335835105930634,15.0,1
59468,3.3619271977508447,1.0,116.512540032008,1.035987948999315,0.26890397549880163,0.023890353676344383,0.3087379533602607,0.0,0.10080771222471868,0.43961424622178924,21.52508816436936,34.0,2
152732,5.701060861471607,1.0,121.3528541880704,1.5698625629767227,0.5192843709763387,0.030988040265888892,0.2922093969814438,0.0,0.07253143383276514,0.6971203482380626,26.628891798955625,16.0,1
47074,2.81870192439919,1.0,111.11242249724464,0.8774664929240397,0.4592922305015822,0.026953409443536608,0.2722361158306361,0.003939573289650818,0.10604378231919075,0.45409671780157784,23.008465412279904,37.0,2
1912,1.5954046671017168,1.0,132.00929787496298,1.0441365530273317,1.0164765902676833,0.038157654766122096,0.24783790767316516,0.0,0.10388706186522997,0.5178827095260955,28.903141551167945,49.0,3
96304,4.824000686513771,1.0,86.8950517374222,1.274062926972884,1.2909720999978591,0.04650060861552689,0.03861793216455963,0.0,0.06801418606516205,0.5116279940761842,30.99197777946748,22.0,2
5665,3.3619271977508447,0.0,111.00414547673434,1.2083700310814445,1.2671692686441056,0.02844379682282684,0.055018869509493924,0.0,0.065765824499414,0.5879758736035932,23.087691913108937,42.0,3
71919,1.5954046671017168,1.0,93.23852752628665,1.5835165182702335,1.1106714973128837,0.05079887743239378,0.13296876435285718,0.14471891507251883,0.07907699494507488,0.21426532189317865,25.969212377430377,9.0,1
115100,3.873488880460096,1.0,112.8839692516344,0.45461028195060604,1.7714992544604575,0.06931636345747896,0.018473777957743368,0.0,0.12215914027194473,0.31479963689727203,34.00615687861785,47.0,3
23974,3.873488880460096,0.0,141.47357190948676,1.1907821343351075,0.8094399761009098,0.06697413709052649,0.3161677609044707,0.0,0.09259922813974525,0.3407568569568942,25.878892123276216,65.0,4
67875,0.0,1.0,78.29951541560995,0.536721986690365,0.776519017031305,0.05918638842682127,0.2343516206207626,0.0,0.1427022859657942,0.4359872512326654,26.07080191395442,10.0,1
16821,3.3619271977508447,1.0,100.43168177161598,0.40768844749608035,1.0840160182295047,0.047871617065426426,0.14284992485469716,0.12367263895685356,0.10915962010817792,0.22754504202061962,24.13555335051819,63.0,4
75602,5.701060861471607,1.0,91.73012816103115,1.573269725078865,1.4658701681640962,0.03730610971165305,0.15864721974158413,0.0,0.07654086052747315,0.6554543597330946,27.021678316033512,50.0,3
80519,1.5954046671017168,0.0,110.53477027637429,1.9204027589315948,0.6755598265644066,0.09724115111165019,0.33529747315535713,1.1799468084978377e-05,0.07207008747600625,0.6519686275075127,23.193332087026928,14.0,1
116761,6.117892928831929,0.0,128.7793077149806,1.5528898930012174,1.095087666887929,0.021678984359124825,0.22961717273145504,0.03021531889348963,0.07160547706998972,0.6875981751909847,25.293724054823528,42.0,3
83119,2.81870192439919,0.0,156.36063657012062,0.8235748656635028,1.1671264680853237,0.02844379682282684,0.17076124987887595,0.14618395950442653,0.1028873097127769,0.49820029281298683,25.700706571568094,33.0,2
12623,5.270402895934253,0.0,121.70915476326373,1.246958858166756,1.0272417610184217,0.03550559855419764,0.2777125758922266,0.0,0.09630503739313614,0.5481598184332552,24.420514413914468,20.0,1
148084,3.3619271977508447,0.0,86.96980567060255,1.2172165115891747,1.4280529796370869,0.09442669630209094,0.13795961794494901,0.0,0.05772607159203345,0.20761071993731683,26.8194893534424,6.0,1
19338,3.3619271977508447,1.0,130.2521132908074,1.4959659338530724,1.1854566026281719,0.07468068007540363,0.12723040671399632,0.0,0.08384328428839721,0.31944514756429193,24.979812871422027,51.0,3
135566,4.359420279727952,1.0,99.55237366422129,2.0174878286975386,1.1421322571741443,0.10530426513964988,0.05214860222501269,1.8098748509530492e-05,0.06174699920559377,0.7727530213566,30.996366720857587,27.0,2
7248,4.359420279727952,1.0,88.8463486273837,0.5646987472473326,1.139872073704656,0.032054095044992494,0.29274903786299833,0.13776078708605485,0.0944893301378407,0.5800356203400376,24.334591777930786,5.0,1
116532,0.0,0.0,115.01075184071367,1.1303197887629002,0.6574613049083465,0.041962598355487504,0.300600368224815,0.0,0.07434469244013149,0.21616482417443889,21.42770639902975,23.0,2
115361,3.3619271977508447,1.0,88.28185334093547,0.7667130778006805,0.9633865604732803,0.06697413709052649,0.31087190645524865,0.0,0.1192013035939258,0.6423719350959114,28.38405280408492,52.0,3
63094,2.81870192439919,0.0,103.93805144078846,1.5596663441426157,1.460800869304105,0.03919224834750007,0.1941059981153935,3.99938882869785e-05,0.13877038382498053,0.8330961411733153,23.19000865006594,36.0,2
157692,4.359420279727952,1.0,137.22599641794696,1.2024918523025487,0.9466557329092349,0.03684347528477961,0.31818041246442436,0.1365855051450979,0.13610378426591627,0.47214306179705734,29.59371406079504,26.0,2
144763,3.3619271977508447,0.0,163.5444451508275,1.6179475077937715,1.1716969445284566,0.07664561864626834,0.012751715278126845,0.13898245284998711,0.0944893301378407,0.3803519932120896,27.02623785707585,8.0,1
113749,6.117892928831929,1.0,114.73879853414158,1.5192591302375724,1.2271707574696977,0.04071676728200563,0.13170501708479113,0.0,0.08927426336727629,0.48024360588362286,29.22296914132891,15.0,1
119858,0.872923795046736,1.0,86.772221790982,1.1417057923154803,1.331905210558965,0.10888089716477334,0.09277239074984024,0.0,0.1299098908721293,0.3647362240112409,21.57063428330655,31.0,2
29216,1.5954046671017168,1.0,101.41436781489504,1.4112216109464688,1.640530318907042,0.03730610971165305,0.005209091803312928,0.013997646197653334,0.08422295110813957,0.37025330913284016,26.637575440481793,8.0,1
11664,4.824000686513771,0.0,119.90064957236044,1.9127577036644625,1.2600680937293525,0.04792811709442162,0.017337427019743376,0.0,0.12675805909983276,0.25775370012333004,27.67052133895704,45.0,3
21371,3.3619271977508447,0.0,107.63479207814535,1.1189948897666122,1.7714992544604575,0.042024311441885176,0.008851164548314824,0.0037260034901518114,0.12175920649046457,0.1751458780795015,28.310034952229433,57.0,3
28898,4.359420279727952,0.0,109.62615722396981,1.2649927397327414,0.9279824033589994,0.05009339799691467,0.09350737751597628,0.0,0.09889625578485943,0.4150819119420289,25.69302242435945,12.0,1
133852,1.5954046671017168,1.0,96.35547785842033,1.5360221992945484,0.6773798878749421,0.10845647711077161,0.06752061157968939,2.4297744332083797e-05,0.07113757653068406,0.5080505822351178,28.831781459687907,17.0,1
25752,2.81870192439919,1.0,131.28467886935172,1.486045460471644,0.9993545321705947,0.02844379682282684,0.3210304668545022,0.06510096349073521,0.11020651288205074,0.563235334781676,26.851689379601225,27.0,2
8146,0.0,1.0,138.20093942253934,1.0251752790418884,0.1252189380955101,0.030629476337651843,0.009094489482455783,0.0030636126520955935,0.061800626064382434,0.3481476766638229,35.51712127482694,44.0,3
61671,5.701060861471607,1.0,112.25614625517348,1.2113149601562354,1.1831582989482943,0.029907481693841425,0.18173656703380087,0.0,0.09804963764136568,0.5711997449849593,29.71671281932072,43.0,3
113680,5.701060861471607,0.0,107.04931665857082,0.9356488839762348,1.1808620069999787,0.06450986144918483,0.12593704731803265,0.1480023296960682,0.10237756976806238,0.5205610680472806,24.743790172798153,15.0,1
155923,0.872923795046736,1.0,123.10238702353892,2.005688063444212,0.3895991011099556,0.11583305116417608,0.1523395503043589,0.0,0.05222541553625711,0.7005791303777831,29.063232209623326,4.0,1
126154,5.701060861471607,0.0,153.68164125556996,0.46945698729759955,0.4139711117068804,0.03684347528477961,0.30583674985983916,0.0009961907158109078,0.08534643612555834,0.25493008433871256,23.317946084740928,41.0,3
138031,2.81870192439919,0.0,113.21311926221036,1.0224814030232345,0.8153065731672732,0.029178943760520885,0.23896380348877203,0.0,0.10627575941954966,0.6327591102779849,24.781805267801822,22.0,2
83747,2.234779091684268,1.0,156.9152712880684,1.0037280259604542,0.9300494478737024,0.02581777077266814,0.29435554691593196,0.0,0.07113757653068406,0.31201016143727445,30.517949394632268,32.0,2
41857,6.117892928831929,0.0,124.39191017630421,1.8522407310256643,0.43254475308730655,0.0711798012622476,0.06896625627207055,0.1466817163525353,0.07567160824092482,0.6205010638904588,26.683067301919674,10.0,1
19239,4.359420279727952,0.0,39.9769628134741,0.7597450800680996,0.07375810556328649,0.032054095044992494,0.3188440501384784,0.1454300707954515,0.09259922813974525,0.11919967432341062,24.157629739676782,37.0,2
76300,0.0,1.0,123.2192342121211,1.0063959825440436,0.9802422468499067,0.026198033914667747,0.3043616362999674,0.03152094615885867,0.10604378231919075,0.6685071173338719,26.37052671941366,58.0,3
45909,2.234779091684268,0.0,140.5716985704664,0.9228387905195625,1.2412209663588705,0.04557037994341877,0.027789847142669463,0.12488166899894099,0.0626534392312979,0.14340389481984422,26.67058201991606,45.0,3
121079,5.701060861471607,1.0,106.03271362895252,1.3952422166886544,1.496460907685237,0.07664561864626834,0.23160499351003486,2.3899781783465744e-06,0.13738074596517424,0.4838398383414279,23.20618931923866,52.0,3
157517,6.117892928831929,0.0,73.06576176670355,1.6179475077937715,1.2016011071995636,0.06244582251600332,0.10780091166141967,0.0,0.11122066945651018,0.6789281817495515,28.304733891229162,23.0,2
103978,0.0,1.0,79.25256579945639,2.0611052313033036,1.757626974603384,0.045100322270586475,0.00036579989167956687,0.002014348684030785,0.02082088225888146,0.7333370560811653,26.239168457446578,41.0,3
79963,1.5954046671017168,0.0,168.88806668913932,0.6610483277676394,0.8055384298711078,0.02844379682282684,0.04822107664482468,0.0,0.13414250231258923,0.20665925415005007,29.383095391275162,12.0,1
14151,0.0,1.0,128.73387482488948,0.5288420113742089,1.3053516392490825,0.06534527571603274,0.16033788778722907,0.08676659780150073,0.12717284007352847,0.4332653199494439,27.184455324186178,30.0,2
52486,4.359420279727952,1.0,122.61958889523724,1.5596663441426157,0.8133491362738893,0.04937984661545867,0.0005934730804974398,0.08563797173021095,0.08716837634649345,0.5428290888758212,27.292001567554586,9.0,1
54546,6.117892928831929,1.0,94.41635722366127,1.3354442055656686,1.420545549682991,0.09352603656759394,0.21891869809742429,0.0,0.07207008747600625,0.47214306179705734,26.837686908459723,27.0,2
42728,0.0,0.0,40.00080439916765,1.1588997572047788,0.3436461415696114,0.11241821689671337,0.12069608348726522,0.14692706391224739,0.10581030322960991,0.30363192158696917,29.089008813504194,34.0,2
20162,3.3619271977508447,1.0,43.50812142320402,0.37809193959369286,0.8648633807671563,0.023890353676344383,0.1997904096162951,0.14848343783585247,0.12892496155362296,0.3674955385332786,22.956709427759105,31.0,2
149377,3.3619271977508447,0.0,100.7715949292264,1.7781902494919293,0.7938794242950211,0.03482762600454365,0.28975503342092523,0.0,0.06370578415960063,0.7693357188635067,24.91213909239298,23.0,2
7887,3.873488880460096,0.0,86.01332954832714,0.8211656767816108,0.8608547809331345,0.10176588683583664,0.23081248243290878,0.0,0.13033759494934527,0.5844482742465293,23.064204288234638,52.0,3
158610,0.0,1.0,143.28479859049457,0.5486362213143707,0.7272262776524988,0.029907481693841425,0.0009985074216367666,0.13499334566157378,0.12429477370514681,0.09973583900653984,35.28927519295257,6.0,1
4037,4.824000686513771,1.0,123.04649797426828,1.0332792011007887,1.0554618093302919,0.02844379682282684,0.001864786627208146,3.009965388270187e-06,0.08229821707572699,0.4622253199987333,28.935854663221935,62.0,4
3370,3.873488880460096,0.0,109.41950432990821,1.5360221992945484,1.0036232661278224,0.0461533086282955,0.055018869509493924,0.0,0.09917475099732172,0.7273162537818824,24.47113385478868,72.0,4
8187,4.824000686513771,1.0,94.85947940613445,0.8874490702428841,1.236529463082332,0.03684347528477961,0.1373413159554467,0.12421788637162054,0.13719550421094084,0.6169938866974617,21.44644496437771,45.0,3
51151,4.359420279727952,1.0,149.05006933403544,1.1189948897666122,1.095087666887929,0.029178943760520885,0.1750078775205933,0.0,0.10388706186522997,0.4595172001147029,26.870787541816824,59.0,3
32934,4.824000686513771,1.0,79.60953829225656,1.1617788655968144,1.476033739652881,0.08800276332840526,0.020546730784321666,0.0,0.08608269509259017,0.39317524704291157,28.552277617484883,50.0,3
105294,2.81870192439919,1.0,124.28029513969739,1.3292342453589678,0.41704913999794835,0.05728648091811103,0.35936182252310406,0.10288698952167864,0.08030591854684666,0.599425165844399,31.86879212689247,47.0,3
135792,5.270402895934253,0.0,137.90106222306767,1.688088075804631,1.3101611541437503,0.03550559855419764,0.1014632060448643,0.0,0.08927426336727629,0.7530772108816399,26.28127820353933,30.0,2
79699,0.872923795046736,1.0,101.25242313399264,1.1849505506472449,1.3587067315067167,0.11223590741304879,0.051639214901532914,0.14618395950442653,0.13812624336284485,0.4513843481564584,28.76854004733826,25.0,2
152819,0.0,0.0,87.53016886438475,1.792859470542298,0.5834619703150993,0.11566973581071192,0.05197890253631747,1.069995626133356e-06,0.06707365559333728,0.12889791880300963,25.98433420826855,11.0,1
126553,0.872923795046736,1.0,153.20412975494932,1.580096699910016,1.4055865716025768,0.04438898378389238,0.04126698976593212,0.001984806558653298,0.05001700446081454,0.8423928978324992,25.701784923569598,57.0,3
47343,5.701060861471607,0.0,110.23545936282943,1.928065764092387,1.2600680937293525,0.053645120419941406,0.060842390389807495,0.0,0.07434469244013149,0.6073378881905973,23.477527673953634,37.0,2
36138,6.117892928831929,0.0,87.16198803028405,1.3168623695632067,1.2719135502914645,0.07727921957627658,0.11262682189264288,3.479953735522664e-06,0.06757025544188588,0.41963386075746517,26.633233860483735,33.0,2
26569,2.234779091684268,0.0,122.92962730868796,1.0909488099104507,0.9176762744407007,0.0642987772069183,0.3242375668695837,0.0,0.07739805058592603,0.3509163440956271,21.689962745627273,33.0,2
28580,4.824000686513771,1.0,109.0525578980855,1.486045460471644,1.3882284599771346,0.10064118982096132,0.21678920175813712,0.0,0.090631273449164,0.539272361790861,22.31544078993654,32.0,2
127268,4.824000686513771,1.0,165.24072674549865,1.5698625629767227,1.2648001779253042,0.09080883719607807,0.18173656703380087,0.0,0.06297072826400497,0.8364783729313319,31.00075523586121,18.0,1
141048,0.0,1.0,180.7305605985931,0.5055018581840881,1.7081300168957543,0.07296675335244636,0.0019940376062208094,0.11847535572365805,0.07654086052747315,0.22280677295746307,25.85634572105072,51.0,3
8186,2.81870192439919,1.0,145.41525756272705,0.4997366955494057,0.4545349207481146,0.03550559855419764,0.28154710263093813,0.1428644082882285,0.0692325431781873,0.1356735164838955,21.760926507807074,59.0,3
73290,4.824000686513771,1.0,88.58014119893373,1.0037280259604542,1.7108616820708253,0.039448600807730404,0.1765793395003656,0.0,0.0909648244230264,0.8542053123215064,32.403482599944496,68.0,4
27009,3.3619271977508447,0.0,127.53159090008315,0.925393585596664,1.0707955444139763,0.037503497957860635,0.17289483365382932,0.0009961907158109078,0.0626534392312979,0.6728515002130602,29.06806651335338,45.0,3
97354,5.270402895934253,1.0,114.65154870562151,1.1474217637968984,0.858853361084863,0.024820975758854544,0.19071575807816873,0.0,0.14350024589598467,0.37025330913284016,20.486341415998034,10.0,1
132943,0.0,1.0,95.04929842055446,1.3447892366328362,0.8628581206184712,0.10011646490093588,0.021578210295192204,0.0,0.07066635954166857,0.667637849918361,28.559178196092812,31.0,2
95043,2.81870192439919,0.0,121.2306595399302,1.7454404380504511,1.1106714973128837,0.06450986144918483,0.2555842232981101,0.13376264379882233,0.07610775407689287,0.8432373760179501,23.71916675817606,48.0,3
27382,5.270402895934253,1.0,159.21426134630119,0.6763163713235399,0.9781284470444853,0.032054095044992494,0.2180697686246851,0.0,0.12022932698877,0.461322770147165,26.547751367235826,42.0,3
88810,5.701060861471607,1.0,71.71204958130522,1.7745339005343035,0.9383370423726153,0.06931636345747896,0.08757148586722448,0.0,0.09833371298734968,0.5499355690315485,29.791856384501884,24.0,2
36788,0.0,0.0,98.70866136150006,1.9900187305277914,0.7030562129490128,0.07881827414418355,0.1434542782503005,0.0,0.07160547706998972,0.4775448150825342,26.896411652927558,19.0,1
12513,5.270402895934253,0.0,66.96970348379139,1.8559896484373444,0.6007871602881386,0.07941640169894552,0.21157937986456504,7.327947849179007e-05,0.0627593539813341,0.3509163440956271,25.975770365791586,15.0,1
102012,3.873488880460096,1.0,74.89064406242275,2.3131675586347376,0.9802422468499067,0.07468068007540363,0.1857746293957585,0.0,0.06546055882929112,0.7599282170448584,25.559852297329662,12.0,1
144701,3.873488880460096,0.0,97.3544705906934,0.4024038435051266,1.7465677416668217,0.05814955297599888,0.011208669585202388,0.0006284864856105694,0.047493955172189815,0.07978843696870176,34.319444870884844,8.0,1
9536,0.872923795046736,1.0,121.76004265142544,1.6739227970966106,1.5481140364786548,0.043549501022233275,0.16643138894708484,0.0,0.061693333802855174,0.881962119472864,30.87664482714948,18.0,1
67088,6.117892928831929,0.0,113.1822672680697,0.7713755595229619,0.8608547809331345,0.047871617065426426,0.030986927302689288,0.0,0.057272400131346886,0.5223458982041329,28.85383750414284,1.0,1
56047,6.117892928831929,1.0,100.24335148001707,1.94730195698168,0.9424924981597133,0.11097780873747112,0.004834781746996046,0.0,0.12175920649046457,0.6055804699512913,30.36374784072632,9.0,1
127769,6.117892928831929,1.0,139.81368344930297,0.8774664929240397,1.2981526855390904,0.034280856815077226,0.2351286933140305,0.044524370231929775,0.12405459357167793,0.4423328122524797,30.64257689187338,28.0,2
80467,5.701060861471607,1.0,111.50930931815344,0.9382217518481557,0.5225970518766018,0.02829596852094633,0.3559634355811405,0.0,0.06072072975826447,0.44323868162207153,29.42970186348021,36.0,2
39198,4.824000686513771,1.0,139.66400569456042,0.7528078866341287,0.45137224364169387,0.026198033914667747,0.3501354703980645,0.0,0.10829773278800112,0.30363192158696917,26.550256595679436,43.0,3
108768,5.701060861471607,1.0,122.96011684103433,0.9126556457501946,0.5192843709763387,0.026953409443536608,0.3329739778200281,0.0,0.08571582562284803,0.25775370012333004,28.02470648658655,44.0,3
119558,1.5954046671017168,1.0,156.02673811742068,1.1704392993079824,0.6993657939488159,0.03482762600454365,0.33316944739508353,0.0,0.05828948169065652,0.47214306179705734,25.30176274474021,5.0,1
14153,0.872923795046736,1.0,143.86628044082704,1.3045544042799484,1.7054004852858022,0.1090864959917678,0.06330339403872892,0.005864813330088342,0.10263327184459343,0.5976652639695638,26.62086429567998,40.0,2
77990,4.359420279727952,1.0,136.9808549221984,0.458303754548283,1.126352958314032,0.04379041442699696,0.03950348483126515,0.001984806558653298,0.07113757653068406,0.057575934581328994,25.07848732151277,25.0,2
105567,4.359420279727952,1.0,118.84431198836698,1.3984299557000819,0.7880755588262914,0.11246303557064592,0.13422605430153228,0.13618895995534963,0.11277808358501228,0.39957455327271907,22.31544078993654,3.0,1
152509,2.81870192439919,1.0,112.73477797708831,1.2892590495900826,0.20916362909390335,0.1194525387643723,0.24122535807105008,0.0,0.1254539880533494,0.5703153792725135,27.90787776485754,41.0,3
80198,0.872923795046736,1.0,80.020315399342,1.7745339005343035,0.5886403425809775,0.11209592493449108,0.13170501708479113,0.0,0.04685152863155863,0.5543724183688273,27.73802169034053,13.0,1
110473,0.0,1.0,97.4017548926993,1.818699770638293,1.0598329809424267,0.10115040624203152,0.28669641558679226,0.0,0.07434469244013149,0.8000229170012528,20.560532709967987,4.0,1
34299,4.359420279727952,0.0,125.11199036788959,1.9051305755612356,1.1376138905461024,0.039895027311060795,0.12463698198191898,9.656436092380101e-05,0.0642263303982092,0.3766821266125737,26.76523957853962,26.0,2
141635,4.359420279727952,1.0,74.7597274035625,1.0305741753174436,0.895173163886735,0.04730387785758131,0.3441294643385888,0.013280431973232367,0.1411021193062113,0.5747357907610485,23.73666788747258,34.0,2
108595,5.701060861471607,0.0,93.59262660830355,1.443486624022477,1.0973079588623809,0.09692880978339921,0.1028847268953419,0.0,0.07654086052747315,0.667637849918361,26.90359910684411,18.0,1
120383,1.5954046671017168,1.0,109.026709952553,1.1791344541649518,1.5196011969191976,0.044508064257775704,0.013040225843070581,0.0,0.031216506547495325,0.8516759405752526,28.563443438702002,14.0,1
83023,4.824000686513771,1.0,93.44995300285193,1.0853850452792237,1.0707955444139763,0.11679836397466248,0.15349925612982013,0.0,0.06510275914425293,0.16747215160921813,29.028632293352086,5.0,1
86831,4.359420279727952,1.0,115.58001680273549,1.1878644052004304,1.5690101476162517,0.08684389572442322,0.013712425199831665,0.0,0.08995736455673303,0.7333370560811653,27.541870288785752,34.0,2
146602,5.270402895934253,1.0,86.86301153073802,0.9177400165281233,1.2108708886987363,0.10656644096509568,0.016482532093152105,0.0,0.07344443758622808,0.4604200635633939,32.73435986828419,26.0,2
3353,5.270402895934253,0.0,80.30660064469501,1.6144853188230401,0.40783610587122643,0.06279572776316904,0.2267972213526766,0.14767258601261452,0.07298954199416931,0.26527491248338686,24.811498674130195,34.0,2
20237,5.270402895934253,1.0,104.28150798827897,1.7454404380504511,0.7309728561567572,0.10304203740104016,0.10359265120566807,0.0,0.0607750943259681,0.38126903601002826,27.549456893542615,5.0,1
123829,2.81870192439919,1.0,151.1192788842378,1.2142637860645362,0.8094399761009098,0.026198033914667747,0.29435554691593196,0.0,0.0542585308030303,0.6406253525679155,26.284597210221385,32.0,2
144639,1.5954046671017168,1.0,101.43003791955425,0.9356488839762348,0.6042741472907891,0.03414355059055638,0.30681102033760776,0.0,0.07697095147323091,0.6248819796008633,27.878299584886353,13.0,1
68085,3.873488880460096,1.0,90.71725512684831,1.563060875323366,0.9404137982053083,0.11058541423287303,0.03234721238490471,0.0009961907158109078,0.13200780581487184,0.5410510166898501,20.706666177205683,49.0,3
79934,5.270402895934253,0.0,116.71222731234442,0.2958688031541652,0.19380092608169175,0.03550559855419764,0.3252877160088613,0.14821530793506596,0.07523239892816581,0.06151620510720674,18.615275669551256,57.0,3
12270,4.359420279727952,1.0,116.14888097327577,1.338555201025666,0.6975233845593646,0.08867623283039489,0.26815536298715575,0.0,0.11617843095528736,0.2718459746407351,26.489294329537465,64.0,4
63526,2.81870192439919,0.0,82.47874292351952,1.6528037535325126,0.7123149584016482,0.057623714331464716,0.1642345639618373,0.14836968489759983,0.07066635954166857,0.039499838777231386,24.607717641592135,18.0,1
1353,1.5954046671017168,0.0,118.61960362589097,0.8601338152434236,0.9279824033589994,0.03880600336970576,0.2521076621480948,0.0009961907158109078,0.0807099107755365,0.28121715024146815,27.009430097881037,79.0,4
58279,0.872923795046736,0.0,99.22234745809459,1.2083700310814445,1.4709477900653012,0.10731328807663247,0.006927442155667886,0.0,0.12215914027194473,0.721289365608233,21.98382916169393,39.0,2
97560,1.5954046671017168,1.0,119.28844295331157,1.0632807525460788,1.395655262877005,0.06408679225719048,0.010821767172170031,0.0,0.08229821707572699,0.3490707404716398,29.179969586935282,45.0,3
134152,0.0,1.0,95.63950113557942,1.7238032976844435,1.6325075429004299,0.03756917664631072,0.2903041499614681,0.14840837001970544,0.08422295110813957,0.7795818849243831,27.02845230231916,28.0,2
101515,3.873488880460096,0.0,126.78313393984733,1.3635879022326585,1.1900592475800453,0.08199009495769913,0.23934276540465588,0.0,0.0692325431781873,0.41417103144871215,22.297195686849378,60.0,3
157843,3.873488880460096,1.0,123.07698336055607,1.684540299697343,0.48170445036181103,0.08086954562732294,0.2916676693694916,0.0,0.05618433838635111,0.6187477473978619,21.8699380543011,9.0,1
159926,6.117892928831929,1.0,142.74277173834224,0.7140754272172378,1.4836782886015223,0.07044380416764916,0.15175752601352488,0.001984806558653298,0.11371239933650804,0.7324773129381172,32.830233305234835,27.0,2
94541,4.824000686513771,0.0,58.09395063996759,0.5386998252594657,1.2957571169063415,0.04071676728200563,0.0,0.12311438068917709,0.13139465733721323,0.5454951065995263,26.313526885365363,5.0,1
97899,0.872923795046736,1.0,48.48761379729926,2.0650979323486176,0.6095183704904821,0.10200572894442908,0.10570515998144205,0.0,0.0878799146864748,0.37300954001041753,24.0526097526463,16.0,1
112007,4.359420279727952,1.0,140.01321808366293,0.37466554269853625,1.8190668370535943,0.09352603656759394,0.005946621798604477,0.02603785273729381,0.13487618621494196,0.13760742289418632,25.4035272714534,45.0,3
654,3.873488880460096,0.0,108.87677458339006,1.3635879022326585,0.8972092364676427,0.04438898378389238,0.06001745175361135,0.0,0.10650624542551308,0.23700674147691309,25.001244483248993,51.0,3
55592,2.234779091684268,0.0,127.55686560841204,0.7737119535467464,0.8850217453836101,0.07226092540897922,0.2080265135636827,0.0,0.10263327184459343,0.30921905351352663,23.872822241875223,42.0,3
10091,0.0,1.0,115.0671834480506,1.4305314995612604,1.2482734227611447,0.05170941569813888,0.16478578751621065,0.0,0.10650624542551308,0.6806632116178793,23.622968276991255,37.0,2
41069,3.3619271977508447,0.0,118.97196010859426,1.443486624022477,1.558545279477859,0.03841768798409405,0.01495712209895605,3.199960880982567e-06,0.1332915131480091,0.6745883431787558,23.188997105511046,34.0,2
7181,5.270402895934253,0.0,124.94977067300519,1.1907821343351075,0.4995592265814947,0.030485597741861343,0.28270721539288424,5.4288737760742864e-05,0.07866163055322024,0.43961424622178924,27.031187622955464,13.0,1
121059,2.81870192439919,1.0,71.08603573326451,1.7599522449896807,0.5459877684173237,0.05122905034163405,0.02241968379043488,0.0017186230754559358,0.11479565148345594,0.351838884233596,27.27543496831302,13.0,1
110104,0.0,1.0,131.60176998170488,1.6563128757565557,0.744145053523369,0.05170941569813888,0.010821767172170031,0.13740235858540698,0.12162428428057229,0.7135315184130544,23.542958008174004,6.0,1
18099,5.270402895934253,1.0,119.28333934532675,0.7737119535467464,0.6342099553792683,0.025435779189136993,0.24122535807105008,0.001984806558653298,0.07610775407689287,0.5008885459395205,23.92620347231215,50.0,3
17897,5.270402895934253,1.0,118.25176755157328,1.0632807525460788,0.7593119202228912,0.04557037994341877,0.3427068096617039,0.026838662246328037,0.12654701746975344,0.7057634965086762,22.680315686668713,26.0,2
120247,0.872923795046736,1.0,107.80568566851738,1.6633439737814455,0.817265915439901,0.11423429868061653,0.036571481237048224,0.0,0.13610378426591627,0.5276968367130614,22.466357119132,31.0,2
28200,2.234779091684268,1.0,83.73624262794912,1.5125831187873215,0.6200563553337668,0.07366089915094279,0.3184020243569555,7.997555596379131e-05,0.07523239892816581,0.17418739922926474,19.524545161614203,51.0,3
748,2.234779091684268,1.0,76.9211666722971,0.37125076488833264,0.7958178421299469,0.09442669630209094,0.036571481237048224,0.11655301181893674,0.06001041677208025,0.4622253199987333,34.1619391237185,37.0,2
39313,2.234779091684268,0.0,33.858141019634814,1.1966292274711101,0.7178926528129836,0.11729057326740305,0.2716152839264458,0.0009961907158109078,0.12901708090428082,0.6936595288584673,18.868053030944672,19.0,1
54843,3.3619271977508447,1.0,114.63615069135676,0.9407982425356697,1.2600680937293525,0.041962598355487504,0.0715979287859438,8.839701471042939e-06,0.06879642243195909,0.3407568569568942,30.16020749645666,35.0,2
84690,6.117892928831929,0.0,127.9510583325383,0.48639265456573033,0.032780357611208975,0.03880600336970576,0.3753400103877654,0.1485905385235853,0.07066635954166857,0.22470267675408148,19.44920629198504,37.0,2
7222,3.873488880460096,1.0,97.89016780942555,1.2862118976616896,1.3832875724289047,0.10621872520381574,0.16089867049836257,0.0,0.09660065570186806,0.21426532189317865,27.584927877617783,7.0,1
90778,6.117892928831929,0.0,128.59251336767664,1.3762010353347607,1.4939002107471904,0.04597896911406768,0.08188828715813201,0.0,0.06766915227167633,0.5116279940761842,22.162941192789372,28.0,2
156134,3.873488880460096,1.0,130.89193781841786,0.366150337342963,0.23397523815617677,0.030629476337651843,0.3741885115496235,0.14854135749879283,0.100270542490563,0.286830856430596,21.221312002663982,3.0,1
115521,2.81870192439919,0.0,126.39854543948927,0.3678475848529395,0.666487379299709,0.029398196082016312,0.28037777348200726,0.06623902352842584,0.08268848505094586,0.06722279894979129,31.382586118695976,28.0,2
73332,2.81870192439919,1.0,147.00645243129023,0.6162115293567928,1.4913416009490772,0.04843439090520536,0.14764237027396704,0.001984806558653298,0.10186112363500793,0.44052059468949495,30.52214522635569,5.0,1
37068,3.3619271977508447,0.0,142.1506806164565,0.9407982425356697,1.173985195547883,0.028591358109303147,0.05769527243997014,0.0,0.12107639339864908,0.6117290310971855,26.636522980447754,25.0,2
953,4.359420279727952,1.0,97.82716637380909,1.7023222984191564,1.0707955444139763,0.04306510901434748,0.10500286109376333,0.0,0.06894210541559317,0.5959048078477117,23.487987599664358,21.0,2
48427,4.359420279727952,0.0,92.13271180671188,1.7745339005343035,0.6792018079786396,0.10442257216654599,0.17289483365382932,0.0,0.11181393054084698,0.5658914195524049,25.021428269799646,57.0,3
5205,0.0,0.0,96.53435320591964,1.9127577036644625,0.895173163886735,0.11352952530536849,0.33119941052022045,0.013460140916795952,0.07523239892816581,0.3748461739260816,29.187015584280957,19.0,1
8655,4.359420279727952,1.0,93.80393788700687,2.045180298001813,1.1443944415571772,0.09060308225465417,0.14645328997075285,0.0,0.12717284007352847,0.5205610680472806,22.953508445211263,1.0,1
12438,6.117892928831929,0.0,118.27220717979421,0.7783950615769446,1.4406068112877073,0.0964512307573751,0.23934276540465588,0.0,0.07253143383276514,0.58621235383743,22.504569537202197,32.0,2
9170,4.359420279727952,1.0,91.42272363368077,1.698757269387999,0.8608547809331345,0.06492934472932263,0.06411915306100532,0.08409722913207923,0.09718602680360759,0.3656561673256651,25.226212430277542,31.0,2
1877,0.0,1.0,46.830335973859924,0.9279519897293446,1.2981526855390904,0.03684347528477961,0.0,0.14752959621331127,0.0682595902191365,0.2690309433417808,26.767730940349228,18.0,1
26711,0.872923795046736,1.0,171.32788399453972,0.3971457665070668,0.3820745262413231,0.038157654766122096,0.2312091724753965,0.14853421865942973,0.0571585712331885,0.040786628491622394,24.306885185863173,56.0,3
20092,5.270402895934253,1.0,149.26755367851692,1.0010637611083457,0.5392685908845773,0.037503497957860635,0.21463560404457743,0.0,0.06627170617944157,0.3027000936330375,26.34627889845995,43.0,3
21764,2.81870192439919,0.0,134.56107314924336,1.2953652640842788,1.4230459552752195,0.0711798012622476,0.1458565046907266,0.0,0.13599807026133018,0.6458635010518889,25.199036849726305,48.0,3
93007,0.872923795046736,0.0,109.85341110252104,1.7023222984191564,0.8448971249366763,0.09724115111165019,0.12398442007630957,0.0,0.11200919934125854,0.47214306179705734,22.470195088508035,40.0,2
123194,0.872923795046736,1.0,115.73380329367818,1.246958858166756,1.3416224885557462,0.05631163987576615,0.09642761173667264,0.008698409363821236,0.06677399494927812,0.639751861069095,23.523356117702654,22.0,2
59052,5.270402895934253,0.0,89.41033283502739,0.5171158889397719,0.13232421621990417,0.044982288551343556,0.37090656488349194,0.13898245284998711,0.07019179955184995,0.09680842200634909,33.55458850420763,18.0,1
96706,0.872923795046736,1.0,95.70270625729967,1.8335626327890615,0.9972231075729378,0.11314092919575607,0.1988539897807107,0.0,0.11061603839739241,0.6029433102477434,28.831656816508925,16.0,1
89859,3.3619271977508447,0.0,48.58621409049429,1.6528037535325126,1.0186256893922574,0.03880600336970576,0.2838582084562178,0.0829140479175491,0.08534643612555834,0.4269085074607398,23.555543195410895,14.0,1
70276,3.873488880460096,1.0,91.58704436887585,0.7482001681201292,0.07597725091028563,0.029178943760520885,0.3741885115496235,0.14831419246295957,0.07344443758622808,0.18089235141197046,24.532535040202653,52.0,3
3920,6.117892928831929,1.0,189.27079074588573,1.1189948897666122,0.9445731428547706,0.06931636345747896,0.14704857682625724,0.0,0.1254539880533494,0.28496036755879967,26.80049733262365,75.0,4
125897,2.81870192439919,0.0,113.50615329709173,1.7599522449896807,1.5170216896823014,0.06534527571603274,0.13233770064580988,5.829870155815433e-06,0.090631273449164,0.5410510166898501,22.752846256156744,33.0,2
14652,0.0,0.0,97.97940993411562,1.0743027900555246,0.4201341924731819,0.037503497957860635,0.370638584893952,0.14696849671790746,0.07298954199416931,0.20475571420411642,23.485695282212532,25.0,2
36616,2.81870192439919,0.0,136.520419313735,0.16115064642162136,0.08267241937393645,0.03550559855419764,0.3711737287444165,0.14469493809036457,0.08150955334797905,0.08409898345945786,23.079864494894466,46.0,3
27878,0.0,1.0,44.47847863565918,1.5259518253987494,0.5392685908845773,0.06575768768239226,0.22841394966772371,0.14829804560960919,0.07207008747600625,0.4387077377800461,29.004556941107385,21.0,2
49239,6.117892928831929,0.0,103.72981703841732,0.977251050003743,0.6993657939488159,0.044982288551343556,0.3602681406755159,0.007761030056575878,0.09510266620308695,0.6441179843263861,25.527772624348998,52.0,3
96584,2.81870192439919,0.0,33.30842456957162,1.2559580752183774,0.6920073491138415,0.04899224740895944,0.27890300212052405,0.1479929896671981,0.06677399494927812,0.3203737089709441,26.421887328540286,9.0,1
23315,3.3619271977508447,1.0,99.1385063301141,1.8410205856641353,0.9972231075729378,0.11114030478122258,0.1133089973400213,0.0,0.1344540309462206,0.6073378881905973,28.565701332187576,13.0,1
105547,5.701060861471607,0.0,118.7626068962714,1.13316055416276,0.5443052610488156,0.10411557344988047,0.11601985112802114,0.0008730758044682325,0.08571582562284803,0.4649320304843778,26.499329307972257,5.0,1
84990,0.0,1.0,133.26094404685028,1.6006790321669766,1.2695403925683402,0.07226092540897922,0.10074959601613999,0.0,0.08858182813778119,0.6134845293745955,28.141203814897967,32.0,2
36894,4.824000686513771,1.0,121.07279869118831,1.0063959825440436,0.06604050151241958,0.05531977924046881,0.3753400103877654,0.14872374146642076,0.07434469244013149,0.23984141670888795,22.99466180340714,33.0,2
85029,6.117892928831929,1.0,112.81709389372091,0.8774664929240397,1.1969783179741296,0.07911856488323085,0.34845482333339056,0.029205777483379724,0.07567160824092482,0.7109433115136713,26.364830506816183,36.0,2
21903,2.81870192439919,0.0,168.30039969588356,0.6183139566629519,1.3981349919391537,0.05531977924046881,0.0,0.14604391287014756,0.11081886050973534,0.3684149667388865,23.902991827022916,35.0,2
80122,0.0,0.0,96.16602874240971,0.7299054380798758,1.4532125165491048,0.05431056943270107,0.22352051064288078,0.14442361780710447,0.11812843327074328,0.3757642353460366,26.81294141496963,43.0,3
52698,4.359420279727952,0.0,182.64771236139498,0.6632195463963222,0.9887170107264152,0.03684347528477961,0.27408364899257415,0.0,0.14420976587687534,0.3674955385332786,28.3945080659174,26.0,2
149244,0.0,1.0,98.0686404533976,1.3045544042799484,0.21045458225094912,0.11314092919575607,0.10217491408483344,0.0009961907158109078,0.1151478184282261,0.5941437966272379,25.45213501957406,14.0,1
51959,0.0,1.0,143.90105926274208,1.7238032976844435,0.8488750374661344,0.030773095804082808,0.30311965169622707,0.0035218075132799117,0.06903905533154998,0.5756194484892455,27.552156866839063,1.0,1
129673,6.117892928831929,1.0,129.16287181622607,1.5461302380608775,1.0995302396656046,0.029907481693841425,0.07373331035081927,0.0,0.07610775407689287,0.8347874850681226,27.459354307187848,22.0,2
156034,0.872923795046736,1.0,111.31346838440669,1.2083700310814445,0.6920073491138415,0.05586742831684419,0.15175752601352488,0.0,0.07782218133052284,0.3435297312064924,28.68694684049778,3.0,1
48294,3.873488880460096,0.0,87.46081837081326,1.1274828423974343,1.368514367277708,0.03041356110871576,0.0471880433850729,1.0799955441594003e-06,0.09861591438912895,0.37851739929939954,26.37052671941366,27.0,2
39579,3.3619271977508447,1.0,135.44854338735715,1.0965276954317247,0.6592628138396347,0.040085503505564654,0.20622559862988302,0.1303644909196969,0.10718886451071041,0.3008358881800992,26.418712353893838,39.0,2
25229,4.824000686513771,0.0,112.80680487399151,1.2680121847925503,0.7593119202228912,0.03684347528477961,0.3306016896660256,0.0,0.10829773278800112,0.8187012206330496,27.304680740692987,37.0,2
29067,6.117892928831929,1.0,92.3709653730787,0.9228387905195625,0.8231553808396798,0.09258961304742667,0.27099193577783337,0.0,0.13451532550793535,0.6345081025096693,26.315516664262688,48.0,3
45466,5.270402895934253,0.0,112.07594049335225,2.150009981833069,0.6792018079786396,0.07400365818851558,0.02925539670568832,0.0,0.08190524688566762,0.6650292642763783,28.315587717897735,10.0,1
42718,4.359420279727952,0.0,105.92370944090631,0.546642639354966,1.5979622149768788,0.07296675335244636,0.0019940376062208094,0.12254275936697334,0.14120881615281464,0.6414987105437209,29.12157900337526,3.0,1
57908,4.824000686513771,1.0,120.18109471554496,0.9877977162194078,1.7355427726221995,0.06616661355998277,0.008987448710820465,0.053662402454280146,0.14104798312749992,0.20951304419171235,31.170749122288623,57.0,3
18781,0.872923795046736,1.0,93.69300794635251,1.6739227970966106,0.3865840447244628,0.10139935755464843,0.31180902369825003,1.0099961030423567e-06,0.07523239892816581,0.4694400923118106,29.799290487082157,11.0,1
52263,3.3619271977508447,1.0,100.3165970379953,0.7643869846402107,0.8870481719091188,0.05704434847964745,0.06289465928270754,0.00010495789435948806,0.08190524688566762,0.4999926128156961,17.46635826164359,55.0,3
57846,3.3619271977508447,0.0,73.90250608426636,1.670392228724202,0.7422576704438388,0.0964512307573751,0.014765940356248917,0.0,0.07253143383276514,0.3444536710269561,28.811833863927653,19.0,1
155576,0.872923795046736,0.0,94.73817776240257,1.408017586653165,1.5953196693962126,0.0461533086282955,0.014670307255570792,0.020262220644609228,0.1028873097127769,0.3240861578407269,26.633628569469703,1.0,1
53736,0.0,1.0,50.80603374947342,1.249954663221884,1.1511930062111049,0.07154319726812285,0.29699231392938064,0.0,0.07824336696718033,0.5187756442984244,28.640393983497596,34.0,2
112477,6.117892928831929,0.0,125.46167421040762,0.34269126420661217,0.9570978852161511,0.03134499269087866,0.05836061652265536,0.0,0.10437726552568219,0.7307574555284216,32.223312752358936,30.0,2
4509,1.5954046671017168,1.0,79.33912557533223,0.21915210979586114,0.01200754746630308,0.03677714815628141,0.3749579057766519,0.14817265375133779,0.07389614600927014,0.1770622063486073,32.66049699889748,39.0,2
9913,0.0,0.0,110.36448691789643,1.0798363793789911,1.5979622149768788,0.058670427061573556,0.013040225843070581,0.13690638332063543,0.08858182813778119,0.47664490956611383,29.816469374288147,36.0,2
3989,3.873488880460096,0.0,85.28560725218918,1.3199493399191744,0.3941347654998352,0.08612600426799331,0.34691834404738436,0.14750688964916195,0.07113757653068406,0.6240060675375,26.252191514904624,33.0,2
78119,0.0,1.0,100.12300289192555,0.26951123030858104,0.03931320923540191,0.03550559855419764,0.3723659549809126,0.14889344355298073,0.06737203932182984,0.050473737460738716,20.07702216628552,36.0,2
156431,0.872923795046736,1.0,138.38082098979208,1.1937037408317457,1.288582650538607,0.07044380416764916,0.15175752601352488,0.0,0.07610775407689287,0.5738519916568867,29.22247513946951,4.0,1
33374,5.270402895934253,1.0,94.59575188512957,0.9615409198141054,1.2981526855390904,0.05814955297599888,0.33548893733695057,0.0,0.09195206939260495,0.6178708851250911,28.551022844430424,30.0,2
3813,4.359420279727952,0.0,94.14189474795072,1.2801294904916005,0.9550055590897916,0.024279346528439372,0.3145794733439592,0.0,0.05945947658976187,0.6936595288584673,28.58213010852012,28.0,2
106161,4.359420279727952,0.0,126.5301340179481,1.5192591302375724,1.0164765902676833,0.05776762020712451,0.1580808751609178,0.0,0.044233989532123916,0.7393518023357826,28.322149118943997,34.0,2
77079,0.872923795046736,1.0,109.54866892085597,1.347912282370425,0.3671558141896562,0.11924230679212251,0.17762069843415543,0.0,0.12162428428057229,0.31944514756429193,24.352491759429707,32.0,2
111176,2.81870192439919,0.0,78.14232061219417,0.5190624428324827,0.20145259986694777,0.053024146441152956,0.355015585552839,0.14884091051548612,0.06551152725670131,0.10363586022119907,20.692161896127402,22.0,2
109998,0.872923795046736,1.0,76.77444343108945,1.4827469254218961,0.9321184334126422,0.07851550707857491,0.1892456434457902,0.0,0.10133787158252591,0.4477656398183121,28.19110290468942,30.0,2
67832,0.0,1.0,104.16704045765628,1.443486624022477,1.020776755417497,0.1063065939423024,0.23590238986591258,0.0,0.1176543571357466,0.47664490956611383,23.447133059518727,51.0,3
17899,3.873488880460096,0.0,95.94493740275922,1.7418233789384563,1.0014879181509468,0.11119373451883552,0.08906753062547003,0.0,0.07066635954166857,0.490127341111776,22.546420298134727,25.0,2
2864,1.5954046671017168,1.0,73.27917839068564,2.0611052313033036,0.5342481847143612,0.060157948586342186,0.024930878123229857,0.144137830994696,0.07989911657905567,0.5650062005971751,22.020657516365084,31.0,2
144347,0.872923795046736,1.0,138.80540854490837,1.2054289960576283,1.3029499461191854,0.05581785744347516,0.21113880216734304,0.1287019066855058,0.11828452903796835,0.5614638976786368,30.20647233409163,36.0,2
125238,4.359420279727952,0.0,136.38024260259465,1.3354442055656686,0.643115839399645,0.057189753444873856,0.2535070519600315,0.002495914833795924,0.07160547706998972,0.6047015544677911,25.887745989440173,14.0,1
116663,4.359420279727952,0.0,163.5444451508275,0.9851555438001129,1.645889431984084,0.04438898378389238,0.009395962291582191,0.12421788637162054,0.08927426336727629,0.09768686370704703,23.33622532966034,1.0,1
68372,4.824000686513771,1.0,100.93364966278143,0.6939649337958178,0.7612162633794276,0.026198033914667747,0.08050692449836082,0.0,0.07253143383276514,0.643245026323755,32.178595517352726,30.0,2
116959,6.117892928831929,1.0,86.4249594767919,1.6214139493243716,0.8192271637225136,0.041962598355487504,0.3345283130822474,0.005864813330088342,0.08892922146119757,0.7135315184130544,23.272566026674053,53.0,3
100144,5.701060861471607,0.0,141.55823585427774,1.1762322066763853,1.2957571169063415,0.1035886709897732,0.17289483365382932,0.0,0.11843967107822272,0.6763246671744051,22.111951098934284,4.0,1
7712,0.0,1.0,111.5969064416619,1.4176418973042995,0.7234872037486205,0.09334166241755217,0.29906579540725825,0.06613628695326,0.07948948280021469,0.7281767403020308,22.962383157906203,47.0,3
130026,0.872923795046736,1.0,54.96053333145893,0.49782115714739317,1.6006068707433185,0.11046979282060683,0.0018250070088395118,0.0003874255247643608,0.11812843327074328,0.33890739350112375,21.722444197679106,15.0,1
140797,3.3619271977508447,0.0,97.85341767585298,1.1646618235594426,1.0100410881731547,0.027028571290768577,0.2569545847468735,0.0,0.08892922146119757,0.8423928978324992,24.048520949510603,31.0,2
122960,5.701060861471607,0.0,90.75971139302543,1.0117429819484791,0.3956501443205973,0.05431056943270107,0.22516613192824542,0.1276978124983628,0.11425910032408468,0.09485566336762855,24.844478471315565,11.0,1
79286,1.5954046671017168,1.0,103.6985767286198,1.071541642188199,1.4180472143719791,0.03763479673457211,0.011111986864713333,0.0,0.06484609051426313,0.646736059972371,22.610862512405202,24.0,2
58523,4.359420279727952,1.0,133.67276368382022,1.232038730877049,1.2039155262962848,0.042516051572452085,0.0799678872523985,0.0,0.1386927357923526,0.4241817332356303,23.04781139671209,37.0,2
57701,0.0,1.0,128.9509223743846,1.4144297135629609,1.1286011489630472,0.08777467453951815,0.0760873691556447,0.0,0.11617843095528736,0.6754565700006173,26.416727862980313,33.0,2
121803,6.117892928831929,0.0,171.61858192405106,0.2974441174908126,0.14188798591922372,0.03345331143459896,0.3741885115496235,0.1485905385235853,0.07344443758622808,0.16266919995123785,22.05325948035365,21.0,2
120366,3.3619271977508447,0.0,97.12851140487744,1.0632807525460788,1.7854251987023164,0.03503165581756767,0.027606174259840268,0.14765109619313957,0.1432248914557322,0.3628958211781966,27.286048734794235,49.0,3
13041,0.0,1.0,103.1672852814055,1.1077309178046657,1.01218429027079,0.05328367386024081,0.08981251686689971,0.0009961907158109078,0.10212019116983716,0.6789281817495515,24.91874689238656,13.0,1
155763,1.5954046671017168,1.0,122.36537535913708,1.5393873568146128,1.5768808873604883,0.07434357648268704,0.051639214901532914,0.0,0.08534643612555834,0.5658914195524049,24.702827862187913,50.0,3
56106,5.270402895934253,1.0,79.93386101419271,1.4827469254218961,0.8251223509347365,0.11559752533869615,0.15637341109399755,0.0,0.11797137715506432,0.4568076672489063,29.368328179316244,3.0,1
101247,4.824000686513771,0.0,165.25533897021347,0.9537351345706274,0.35387720145515056,0.05581785744347516,0.2889273505092688,0.14764028303043303,0.12051510801643173,0.15401045902161728,23.671599314812422,15.0,1
11829,3.3619271977508447,0.0,22.643669012545864,0.8503073162091651,1.2108708886987363,0.09296857348240582,0.08531212762005844,0.0,0.13349331785811236,0.7048997520634385,26.645336459767265,49.0,3
26432,3.873488880460096,1.0,143.3444532987551,0.4129996505815559,1.088438717875863,0.0711798012622476,5.419560982759415e-05,0.14886448617601628,0.14183067801102356,0.04691792957097272,22.472113907830934,21.0,2
135372,4.359420279727952,1.0,113.88642214679649,1.6916401609057337,1.2108708886987363,0.05923305217520785,0.09203541848258019,0.0,0.100270542490563,0.686731754906846,29.799777924851846,56.0,3
43786,3.3619271977508447,1.0,93.99934034877417,1.767234330366132,0.7216204794212896,0.041900830519227446,0.1926598498780871,0.0,0.0807099107755365,0.3398322134003418,26.23970009680526,9.0,1
24542,4.824000686513771,0.0,121.93303871461165,1.274062926972884,0.6007871602881386,0.04626927926115054,0.1360999778061121,0.12150916954141164,0.07004877567117059,0.304563566592905,29.79600013932532,18.0,1
116719,4.824000686513771,1.0,155.3782894274969,1.0826088263724851,1.5611583427172575,0.052396650622806795,0.008373724548493786,0.13250639007998805,0.08534643612555834,0.1443692107658123,28.30385031516004,37.0,2
72302,4.824000686513771,0.0,102.98488937196295,1.1105412085910351,1.32222071931342,0.032756846992377936,0.11056948609566525,0.0,0.10627575941954966,0.7470761963978335,25.56810467044807,25.0,2
97710,2.81870192439919,1.0,121.61245938476297,0.7574292631964193,0.8992472401295339,0.04379041442699696,0.2569545847468735,0.016823724306544618,0.10388706186522997,0.599425165844399,23.718170496712293,34.0,2
87176,1.5954046671017168,1.0,102.06177795538164,1.6668659552267933,1.1286011489630472,0.10739334615536911,0.0379076570702475,0.0,0.06692398527059899,0.7923654968094657,26.638364766942704,36.0,2
117485,4.824000686513771,1.0,104.33353274807847,1.357305564867754,1.558545279477859,0.08754475966298475,0.06330339403872892,0.0009961907158109078,0.07824336696718033,0.4004880737342039,22.36759908730139,1.0,1
129136,0.0,1.0,157.528477957654,1.5664596139965252,0.653863841431761,0.03041356110871576,0.23667272982350548,0.1463024408802034,0.06697391089549902,0.18567534203771005,23.192031649934968,32.0,2
153408,6.117892928831929,0.0,112.3848393292501,0.9407982425356697,1.1353577070957022,0.029178943760520885,0.007749084174126799,3.13962337162411e-05,0.10999979085255757,0.3231583147981585,21.108528465461955,33.0,2
39603,0.872923795046736,1.0,145.5987931097581,2.408391150181382,0.8749185103672998,0.10011646490093588,0.002133174922974358,0.13179243059906834,0.11617843095528736,0.19140808741899407,27.02780100771894,45.0,3
135585,0.0,1.0,123.26495270734091,1.1474217637968984,1.6674107491010164,0.032896640880451446,0.0015762767956208703,0.1473544828317745,0.0665735087435112,0.3287226888922308,25.970283146239314,5.0,1
31148,6.117892928831929,0.0,146.59525964829385,1.3230403074748542,1.6593243330522978,0.09901837159570151,0.09055548875425853,0.0,0.11583914795584942,0.531261178626178,25.614068435843546,45.0,3
128415,2.81870192439919,0.0,104.47918236360513,1.2054289960576283,0.5159788866289045,0.031487324236659966,0.014765940356248917,0.0,0.1283610048523297,0.0476095835361024,28.317101979504173,58.0,3
25162,4.359420279727952,0.0,139.8735481215111,0.8235748656635028,1.5637735081033628,0.05117544300866493,0.0019940376062208094,0.08331111292468683,0.1445902144728613,0.03979682710488328,27.024935184512902,15.0,1
127544,2.81870192439919,1.0,113.84018294377117,1.1105412085910351,1.3077553750603137,0.04954523409962817,0.11056948609566525,3.0999632876556927e-06,0.1291997447414657,0.3398322134003418,25.27627822581352,42.0,3
9882,5.701060861471607,0.0,148.74848165750538,1.0468602170294494,1.3636064357556406,0.0711798012622476,0.03144101174407487,0.06964799176973854,0.1031396955853106,0.39500445441039295,25.98058776312466,58.0,3
125860,3.873488880460096,0.0,175.78239060746554,1.0495876169697003,0.49466828604235225,0.038157654766122096,0.304855180705445,0.004905852458809698,0.07389614600927014,0.49820029281298683,25.47071965440308,39.0,2
65764,6.117892928831929,1.0,76.76900847086142,0.5288420113742089,1.3758917009694793,0.05431056943270107,0.013712425199831665,0.11371429612479432,0.11122066945651018,0.372090967206333,28.39387830528557,54.0,3
60439,3.873488880460096,1.0,179.1523681428111,1.7238032976844435,1.2062319625131506,0.04557037994341877,0.002986602388962986,0.1354989830225169,0.12556619701215935,0.5383828155329159,26.387477938030845,17.0,1
69702,5.270402895934253,0.0,67.57888190281787,1.0965276954317247,0.36123690408972214,0.04899224740895944,0.3529300906205135,0.0009961907158109078,0.07989911657905567,0.36381610868103414,24.550337231198867,1.0,1
45563,5.270402895934253,1.0,52.088847465259924,0.9667630100669081,1.5900409064989947,0.058481589430569136,0.024281725579114514,0.00016889094262087203,0.09776367429658296,0.5508232274881332,25.968944680542347,26.0,2
120067,0.0,1.0,135.9946501204729,0.6610483277676394,1.3270588689493945,0.036177528458350545,0.07452016071660737,0.0,0.10080771222471868,0.27653391437213615,27.310889484582518,37.0,2
20010,3.873488880460096,0.0,116.25133660277602,0.4272934474675271,0.37758067059571104,0.030629476337651843,0.2629821075691872,0.14817265375133779,0.07253143383276514,0.060531497258383915,27.05813999174449,36.0,2
103067,0.872923795046736,1.0,98.33626251316517,1.1995585970342593,1.095087666887929,0.10452341798063405,0.09859728595086668,9.999617984994094e-06,0.08307607176161669,0.723011956415217,24.54547031266286,37.0,2
38174,0.872923795046736,1.0,108.50956670734946,1.50925136242719,0.8389446157210648,0.03177121969776521,0.009454279909645955,0.11250321231581391,0.100270542490563,0.6222538369971233,26.240231728842833,16.0,1
75634,2.81870192439919,1.0,153.88833278841884,0.5974354268582583,1.6298375202430835,0.047871617065426426,0.0,0.14339962963345917,0.13091639863629476,0.22943896094336566,30.344013655219864,50.0,3
149471,0.0,0.0,105.00432066372898,0.2942962661319116,1.1106714973128837,0.050636785623080244,0.004962882796202298,0.1480116311050532,0.0909648244230264,0.05461820721445772,21.327275461630506,36.0,2
125249,3.873488880460096,1.0,155.771334857165,2.266422398777513,1.5351222119478976,0.0977007986551314,0.11669313372009094,0.0,0.0912961293942096,0.6693762543425813,23.749610271254777,13.0,1
114131,6.117892928831929,0.0,109.026709952553,1.3984299557000819,1.0840160182295047,0.031416190501524055,0.14941484002339908,0.022026661718947203,0.08190524688566762,0.1385740475400913,25.423765529050712,23.0,2
67270,3.873488880460096,0.0,102.78680725280242,1.5026003343861656,0.8548562783934225,0.05202756942412839,0.2982919353356223,1.86986641650071e-05,0.07298954199416931,0.6178708851250911,26.493123771044843,19.0,1
62599,6.117892928831929,0.0,162.5537823631298,1.068784255159413,1.088438717875863,0.04071676728200563,0.2499863334884807,0.0,0.1199400574388863,0.6414987105437209,28.09695336873075,3.0,1
70282,5.701060861471607,0.0,133.06501466016047,0.4308966917757894,0.03593400836537351,0.032756846992377936,0.3753400103877654,0.14865178882548147,0.07160547706998972,0.19522579199641732,20.358241235362378,17.0,1
9057,2.234779091684268,0.0,135.26309604146866,1.0632807525460788,0.8568538604471809,0.08997598537939895,0.06639120980118168,1.0999537763078135e-05,0.06652329787396519,0.6780604729547725,23.910353265241984,10.0,1
1896,4.824000686513771,1.0,103.10996582104119,1.5059237685634277,1.3343314548273377,0.06816008079340606,0.1146679813352171,0.0,0.11781335401820275,0.6275089041868975,26.67583946534144,60.0,3
86949,0.872923795046736,1.0,87.48215781912802,1.0826088263724851,1.85017773398087,0.07971180677246352,0.1614580741411667,0.14839298975671497,0.12816865300364028,0.045039980999478854,31.004313178350174,4.0,1
106501,4.824000686513771,1.0,69.30803843011792,1.3447892366328362,0.3451025488963846,0.10024912841460783,0.09203541848258019,0.14852705119053974,0.062121579541474924,0.8584186867061977,32.39853513400191,23.0,2
12581,1.5954046671017168,1.0,69.82062727244363,1.4761622725906902,0.643115839399645,0.11609699009858658,0.2548947328680451,0.0,0.07654086052747315,0.3693342235535494,25.205730167649833,33.0,2
149501,0.872923795046736,1.0,94.68543100340379,1.8039074821054202,1.6432088154910538,0.04373026595070187,0.020264841467197262,0.010643960474682959,0.05693041831387531,0.8187012206330496,26.50553385674525,41.0,3
134927,4.359420279727952,0.0,116.27182617832094,1.4112216109464688,1.2553441352295662,0.03345331143459896,0.1220165471564242,0.1463520935996875,0.07739805058592603,0.7135315184130544,25.430011374268318,28.0,2
121091,6.117892928831929,0.0,103.15165315266107,0.6099237123615296,1.8416670275191742,0.06534527571603274,0.0,0.14851985496221193,0.12567774876200102,0.5800356203400376,31.27956091635739,19.0,1
76194,0.872923795046736,1.0,111.8132807371647,1.351039350458107,0.7555088942782333,0.08360405773041377,0.19362507690967473,0.0009961907158109078,0.07866163055322024,0.5588056688922406,23.244155128972334,45.0,3
37887,5.270402895934253,1.0,133.0298434746018,1.6916401609057337,1.1062090211057984,0.030629476337651843,0.06166502125087374,0.10521694201161472,0.11122066945651018,0.8483018691897787,27.667060043520237,34.0,2
80240,0.872923795046736,1.0,169.18421728875248,0.9050560474853104,1.6245038255176485,0.04730387785758131,0.0,0.14462232839907183,0.13131606348807848,0.2624558909370821,27.026889177324968,38.0,2
53215,2.234779091684268,0.0,36.51006852192858,1.1274828423974343,0.9074185780413175,0.11823572328345688,0.33529747315535713,0.0,0.13845494890294738,0.6615493185898008,27.014121351590536,5.0,1
13362,4.824000686513771,1.0,31.04101407169432,0.23804069480164575,0.2208418052825745,0.10831097267156785,0.2838582084562178,0.14066062804439977,0.13918353802812325,0.012978299988933626,26.829309221602582,12.0,1
814,0.872923795046736,0.0,152.59339164156228,0.8043990271576443,1.730043125748694,0.0814343853848159,0.06574385880311132,0.0,0.10437726552568219,0.490127341111776,23.540669304470427,45.0,3
158516,6.117892928831929,1.0,172.848422426873,1.5360221992945484,1.5690101476162517,0.037503497957860635,0.061171719184311045,0.1468425513641773,0.13812624336284485,0.7161185947953245,26.95531024538865,37.0,2
40255,0.872923795046736,0.0,75.37584302962483,1.573269725078865,0.5748678265386208,0.10823744678519129,0.06848517753527486,0.0,0.08150955334797905,0.20761071993731683,30.6332508622137,24.0,2
140107,4.824000686513771,0.0,122.78224597054923,1.0010637611083457,1.2648001779253042,0.07261531317345733,0.0799678872523985,0.013280431973232367,0.0652563208801996,0.6205010638904588,32.15558474379198,9.0,1
13107,4.824000686513771,1.0,132.34625271634874,1.2710355796097998,0.7861447309043834,0.037503497957860635,0.25420234783544504,0.11410810041590093,0.09355379050258464,0.6414987105437209,29.629940834235438,28.0,2
61818,0.872923795046736,1.0,115.82606115639541,1.7818509781400034,1.0928693631362019,0.05276348676969412,0.012751715278126845,0.14788764785866743,0.05884883476647055,0.5923822294541841,26.546169034839636,4.0,1
158752,5.701060861471607,1.0,87.35410998762077,1.955027965828709,0.5527359021169996,0.11547411277309645,0.03505015914588083,0.027633553338831628,0.07113757653068406,0.3867677441611076,28.478055729728016,7.0,1
35482,2.81870192439919,1.0,133.36642739421728,0.43270279790335536,0.1600987184866599,0.03345331143459896,0.3648164267122848,0.14679945516821774,0.10107366171887236,0.18376276966746116,27.84116907390043,30.0,2
58478,4.359420279727952,1.0,55.49018240056071,1.1791344541649518,0.729098628509576,0.11890028626781361,0.3122750050704796,0.0,0.13829229377990773,0.509839587862524,27.056317702708665,46.0,3
33303,4.359420279727952,1.0,128.26426699181278,0.9075856561859189,1.5847705774637866,0.08226457702046334,0.009852506517610308,0.0,0.12121460761967925,0.28776582155373864,23.973852886601993,70.0,4
62519,4.359420279727952,0.0,86.06145660894863,1.6598262815654952,0.986595383828515,0.09724115111165019,0.013712425199831665,0.13360108715775795,0.05069797419220065,0.6641594742783927,29.191959449245353,38.0,2
97363,3.873488880460096,0.0,85.26954459940247,0.14024060869760296,0.8369642726908375,0.07971180677246352,0.2089208133144031,0.14818982032418188,0.13388708652361916,0.0,24.532674153702466,46.0,3
86373,3.3619271977508447,1.0,157.16550104019194,1.0010637611083457,0.9156208630438081,0.04673112473458526,0.20757782895809845,0.0,0.08995736455673303,0.7915140840670115,28.013013155750134,22.0,2
58362,4.824000686513771,1.0,94.93857724512742,0.37980950185913204,0.8016444925314857,0.07851550707857491,0.2517559697250103,0.12711712559518024,0.08384328428839721,0.17993512852399263,29.326706529746712,3.0,1
127837,0.872923795046736,1.0,111.55053271918521,1.6041242390834507,1.0685990710633249,0.0431865287142909,0.1200332692849557,0.0,0.06489749761846024,0.7298973410881702,24.47364206573505,20.0,1
19306,5.270402895934253,0.0,130.63001669410048,1.499281057085816,0.7977581590258924,0.08058365006988354,0.11601985112802114,0.13598585179506156,0.11425910032408468,0.6055804699512913,25.205047231234452,29.0,2
104691,5.270402895934253,1.0,103.23502059623668,0.9305140056689871,0.6755598265644066,0.047871617065426426,0.2599964583587398,0.0,0.0875253578926078,0.27840777189583293,27.963279293221934,59.0,3
145293,3.3619271977508447,1.0,105.80949737928272,1.1849505506472449,0.3760861961379488,0.11566973581071192,0.03870660185960439,1.7199886981794566e-06,0.07989911657905567,0.3509163440956271,20.287034591809135,9.0,1
148927,6.117892928831929,1.0,107.37060746930544,2.029328621294194,0.903329043187519,0.10064118982096132,0.017242550279474075,0.0,0.09889625578485943,0.40961416743273077,28.93013480296962,58.0,3
5134,5.701060861471607,0.0,145.1721458527267,0.5055018581840881,1.5351222119478976,0.060112080397729396,0.04302042519222398,0.1418419312071492,0.13594478859101813,0.1980869142931519,31.035611000714525,60.0,3
23055,4.359420279727952,0.0,82.79068403351634,1.580096699910016,0.7669406212233013,0.05776762020712451,0.23357115209643636,0.0,0.0560111652642022,0.6632895533953425,29.743442710143007,68.0,4
13051,5.701060861471607,1.0,114.98509980087248,1.3168623695632067,0.4930415516733339,0.027028571290768577,0.2794946694778553,0.0,0.08384328428839721,0.6266333978237972,24.334591777930786,33.0,2
55209,4.824000686513771,1.0,57.75454251276175,0.4024038435051266,0.03488124950664175,0.03134499269087866,0.3749579057766519,0.14834609522529177,0.07160547706998972,0.1866313169426985,22.853252720427232,28.0,2
122905,0.0,1.0,88.86764030348714,1.6563128757565557,0.4545349207481146,0.11662411821625814,0.2916676693694916,0.0,0.10627575941954966,0.539272361790861,25.989685636357883,12.0,1
9493,3.873488880460096,0.0,162.2315085498985,0.7901631590571356,0.9279824033589994,0.06102200408319748,0.3092152367522777,0.0,0.1173334149753333,0.37851739929939954,24.864334835649874,58.0,3
37351,0.872923795046736,0.0,74.50325436635696,0.6267561796552508,0.47366004718920107,0.026349657147987843,0.013040225843070581,0.015683822000858938,0.1279740703260935,0.6658989234852036,28.9312539668905,29.0,2
154378,2.81870192439919,0.0,96.95504995885358,1.9089419001378047,0.8290620173475927,0.09901837159570151,0.1827532997044595,0.14252820321226706,0.08608269509259017,0.7633508144214861,20.137129392367132,6.0,1
151147,4.824000686513771,0.0,105.01991308386668,1.2290664655179893,0.903329043187519,0.029178943760520885,0.08981251686689971,0.12826203256662927,0.07479010183432175,0.12114110433570777,26.43802277367452,21.0,2
15938,3.873488880460096,1.0,100.08637096041345,1.313779393613908,1.0620215341973758,0.04379041442699696,0.08981251686689971,0.0,0.09833371298734968,0.3240861578407269,26.245813423310892,6.0,1
2211,3.873488880460096,1.0,186.62178842393132,0.7118274915660402,1.319804715011444,0.03345331143459896,0.013712425199831665,0.0009961907158109078,0.14563563157228934,0.15882300898583238,24.931408525547557,54.0,3
35557,4.824000686513771,1.0,131.088329407791,1.3952422166886544,1.1648442414606313,0.032756846992377936,0.10780091166141967,0.0,0.11583914795584942,0.3748461739260816,24.70241246824349,18.0,1
36522,3.3619271977508447,0.0,93.02703360858747,1.2892590495900826,1.6138618224161947,0.03482762600454365,0.09129645354967957,0.0,0.13451532550793535,0.7770219563481559,23.189575134613754,28.0,2
147,0.872923795046736,0.0,110.47285339783498,1.6633439737814455,0.9053728438287705,0.10139935755464843,0.2832838458935142,0.0,0.062121579541474924,0.3858517145013685,24.448273247605986,41.0,3
116839,2.81870192439919,1.0,60.08518500374589,0.49018984423203915,1.7938065534691567,0.0461533086282955,0.056694445884583236,0.06816395946697361,0.12696665599738943,0.6414987105437209,26.951264588455114,9.0,1
63542,4.824000686513771,1.0,94.51133692251146,1.6598262815654952,1.044568472103753,0.07911856488323085,0.1786570689416453,0.0,0.1046199903677044,0.7092172109919126,26.76523957853962,18.0,1
94915,3.873488880460096,0.0,103.1672852814055,1.4112216109464688,0.41550924816995743,0.10845647711077161,0.3281792315993521,0.0,0.09227673809299898,0.3426056156966485,27.68090345440268,11.0,1
20843,5.270402895934253,1.0,95.35500421756461,2.053133596177965,0.5800188445912715,0.11739968553413803,0.0702452244124228,1.5799904630899985e-06,0.08384328428839721,0.4278171081723786,25.982461031564743,53.0,3
20886,1.5954046671017168,1.0,154.9851013643608,1.2984243322312379,0.6377667747259554,0.09200993864114734,0.32381489060734037,4.899908276808443e-06,0.06561335504490168,0.2596351508210209,29.55010377440534,58.0,3
21313,0.872923795046736,1.0,115.80556031784285,1.1560244956058299,0.643115839399645,0.02844379682282684,0.2548947328680451,0.0009961907158109078,0.08268848505094586,0.5410510166898501,26.011752370407077,63.0,4
159343,3.3619271977508447,1.0,73.76587564154957,1.0965276954317247,0.5578160303508729,0.10867092527459508,0.3692863258497086,0.0031124347781236166,0.07253143383276514,0.5906201054722333,19.091456857867158,40.0,2
109224,6.117892928831929,0.0,149.97900351299626,1.5903688309600632,1.0685990710633249,0.09546239530113286,0.15058911051770973,0.0,0.11277808358501228,0.6108510766913567,21.761077328904726,47.0,3
36339,5.270402895934253,0.0,133.4668766162024,0.8259875510638431,1.1308513369073827,0.026198033914667747,0.0,0.00681651852218226,0.09227673809299898,0.6823977251492471,26.733362443880132,54.0,3
147930,2.81870192439919,0.0,89.62834147519803,0.6288748773919356,0.9259172992484815,0.1092211821840213,0.26623522842521585,0.0,0.1346972237987073,0.4784445662216481,27.82942318930674,49.0,3
926,3.3619271977508447,1.0,80.59274059959056,1.433764130961678,0.9760166024735442,0.06776810307407538,0.2606647456595814,0.0,0.10363955969640551,0.7650613890145672,24.91255211467754,75.0,4
113178,0.872923795046736,1.0,120.15560357518662,1.4532460742582065,0.7555088942782333,0.10348094851633399,0.026870414285047127,0.0,0.10212019116983716,0.49640736697300886,27.434347342928636,43.0,3
37137,3.873488880460096,0.0,92.81547105157202,1.0305741753174436,0.5765830106954144,0.029907481693841425,0.3639533056653995,0.0,0.0944893301378407,0.6832647885223685,28.05392525916096,28.0,2
35563,4.359420279727952,1.0,61.09132158310072,1.2201731395132756,0.25533570836526154,0.053799353682425805,0.356590267128926,0.14844628185416234,0.05828948169065652,0.816157487791309,23.14011849806189,39.0,2
44,4.359420279727952,1.0,117.27006886326801,1.0037280259604542,0.8251223509347365,0.0461533086282955,0.22310681446648367,0.0,0.09355379050258464,0.23606145763498151,25.790777935856784,17.0,1
20652,0.872923795046736,0.0,92.18036954645764,0.7972654942346424,0.5359198474324859,0.030844808525263702,0.018284663933505536,1.9498547427496277e-05,0.11334218617191304,0.09426965641308849,23.917005555632613,32.0,2
35964,0.872923795046736,1.0,137.6460931316429,1.0743027900555246,0.288182827141673,0.04843439090520536,0.22227665399240484,0.14833020860305846,0.14449184821828615,0.21616482417443889,20.64610863865585,21.0,2
95151,4.359420279727952,1.0,100.74022519862972,1.8410205856641353,0.7403721686283902,0.0708133464056408,0.31157539028061215,6.649831061752e-06,0.0846000186739813,0.7298973410881702,30.645206958588922,12.0,1
77160,4.359420279727952,1.0,119.76804283652396,1.713043318578456,1.395655262877005,0.04557037994341877,0.10570515998144205,0.0,0.10186112363500793,0.7040358811081453,24.79479046411997,40.0,2
34063,5.701060861471607,0.0,124.49336595214524,1.4499888131526906,1.0337244907542096,0.09181366582891372,0.22310681446648367,0.0,0.0682595902191365,0.4990965284816648,25.71782178515632,77.0,4
58795,3.873488880460096,0.0,105.90813610562533,1.7635911034941345,0.8270912295607865,0.0851415328131488,0.079196038339907,0.13887710140023055,0.05772607159203345,0.5268053829272235,23.488417392379667,40.0,2
26750,0.0,1.0,135.1227332980535,2.0491546563964507,1.1671264680853237,0.08029540932132537,0.1523395503043589,0.14228283475384637,0.04221948205808308,0.7616397573195653,21.612479815701796,31.0,2
10822,2.81870192439919,1.0,95.80276884952771,1.0660306262012467,0.5176307295664182,0.03134499269087866,0.3321887035460598,0.005864813330088342,0.11532226495594795,0.2199614227629816,25.97122004434836,57.0,3
113148,4.824000686513771,0.0,118.37950693901014,1.1937037408317457,1.5768808873604883,0.08334048687121909,0.23396181207368982,0.0,0.08497450704940865,0.8516759405752526,28.146906003348068,53.0,3
92171,1.5954046671017168,0.0,97.14953402786243,2.0650979323486176,0.8409268716865445,0.06657208594270177,0.1304347681620652,0.07157913323006877,0.09833371298734968,0.8390138509758285,26.378208658003025,25.0,2
58042,3.3619271977508447,0.0,120.43596360057326,1.3261352750235784,1.2039155262962848,0.03482762600454365,0.03683917775901111,0.13423680996265538,0.0571585712331885,0.539272361790861,24.27075057238758,42.0,3
73562,5.270402895934253,1.0,94.42691119677103,2.113369398190098,1.450687222114931,0.09815004583580092,0.1887532915200161,0.0,0.1436226090080307,0.6858652061907988,27.787135539069745,19.0,1
94682,3.873488880460096,0.0,120.37989907349987,1.6179475077937715,0.4704547534652788,0.03677714815628141,0.3448336751049843,0.008520853287436542,0.06606978627645001,0.4667357229045698,23.476381189532038,42.0,3
73897,0.0,0.0,186.81323216031208,1.6248846462339144,1.126352958314032,0.04071676728200563,0.1146679813352171,0.14357825151832906,0.051251070043230505,0.7487913817984178,24.027223376749845,29.0,2
39067,5.701060861471607,1.0,84.15480985769209,1.6283596013417518,0.9279824033589994,0.11333843021810176,0.12135717411903511,0.0,0.062121579541474924,0.39591880754975406,26.535354712646715,9.0,1
56846,5.701060861471607,0.0,89.66555489927303,1.818699770638293,0.47848134249935176,0.07632487083264694,0.27099193577783337,2.819969619964196e-06,0.07389614600927014,0.3203737089709441,28.81382904820003,20.0,1
38210,0.872923795046736,1.0,104.41676465488617,1.3920585419964056,1.1900592475800453,0.03841768798409405,0.11262682189264288,0.0,0.09195206939260495,0.6875981751909847,26.760387526280905,7.0,1
77075,0.872923795046736,0.0,84.64812357084404,1.4959659338530724,0.9781284470444853,0.10770794092542646,0.23081248243290878,0.0,0.10673525114395638,0.6571964343496536,27.732262279069968,51.0,3
111556,0.872923795046736,1.0,90.68010356852072,1.8410205856641353,1.3758917009694793,0.09018667070769226,0.03361150083134765,1.8298720700335727e-05,0.05082119912338049,0.5374931232470989,30.28126306631742,1.0,1
21482,0.872923795046736,1.0,112.77079224792051,1.4728761491942823,1.0729939993093416,0.10024912841460783,0.1220165471564242,0.0,0.11220324037571663,0.42509082013318533,26.286853972048267,20.0,1
157183,3.3619271977508447,0.0,131.4558210133662,1.354170443691811,0.8330093229215549,0.10852846367617025,0.27192601356089097,2.589974373524601e-06,0.11843967107822272,0.16747215160921813,28.1813557939705,31.0,2
51116,4.359420279727952,1.0,106.02233296794735,0.6719375043041697,0.2065866813387133,0.03345331143459896,0.37508546512046803,0.14852705119053974,0.08111111514562246,0.4350801015157789,30.294037198265823,34.0,2
153681,4.359420279727952,1.0,132.6730318195387,0.5190624428324827,0.729098628509576,0.029178943760520885,0.2894796749158462,0.015947865155063325,0.1135278727644392,0.4883316765960209,24.49008047631294,6.0,1
6757,3.873488880460096,1.0,117.09610406329033,1.3416702104497014,0.7977581590258924,0.11943985309522553,0.3691499569589991,0.0,0.08995736455673303,0.5906201054722333,23.22986872725673,12.0,1
140048,0.872923795046736,1.0,109.0473883790544,0.633122062221687,1.0057605767148683,0.09800143618007766,0.27651261005460964,0.010552014101597989,0.10604378231919075,0.19617970441626129,22.380181872970063,1.0,1
110106,6.117892928831929,0.0,121.46485048157923,1.2984243322312379,1.1923635900503382,0.03684347528477961,0.13233770064580988,0.0,0.13533946857592175,0.6632895533953425,26.007741183005876,6.0,1
81326,0.0,1.0,120.77736697150135,1.6283596013417518,0.6042741472907891,0.11524193609326619,0.24159944956993276,0.0,0.12405459357167793,0.3628958211781966,23.165723363516925,3.0,1
21024,0.0,1.0,166.0635937586445,0.8235748656635028,1.0642120665634267,0.05680116751690537,0.1434542782503005,0.0,0.08229821707572699,0.6728515002130602,28.005003844527877,33.0,2
118715,5.270402895934253,0.0,72.79202090821396,1.767234330366132,0.7067541031969141,0.04843439090520536,0.2629821075691872,0.14798361083700573,0.1046199903677044,0.6090947568251034,27.88582365122738,48.0,3
2968,4.359420279727952,0.0,124.29551621662613,0.6267561796552508,1.4532125165491048,0.032054095044992494,0.0009985074216367666,0.03152094615885867,0.09889625578485943,0.28776582155373864,23.73908605735439,62.0,4
43002,2.81870192439919,0.0,98.61426939888034,1.351039350458107,0.811393604128813,0.05531977924046881,0.29382210221966804,0.13954276129820778,0.11566792219410234,0.4350801015157789,27.70678309647678,35.0,2
24734,5.270402895934253,1.0,70.97612807260704,1.2054289960576283,0.3701256670861469,0.06969534196105091,0.20981104117612712,0.14567081143587732,0.08422295110813957,0.31201016143727445,27.569381022541965,20.0,1
109389,0.872923795046736,0.0,97.3807400520916,2.249566343812295,0.4995592265814947,0.05591695627403682,0.01866278106540605,7.229800308075325e-06,0.05945947658976187,0.7178426855050967,22.460746985739746,30.0,2
53937,2.81870192439919,0.0,128.71368169235143,0.915196032112578,1.3029499461191854,0.05824462509301763,0.3259133551174609,0.002965912600349943,0.09479702346996888,0.8093691047507907,29.98497498531567,24.0,2
34907,4.824000686513771,0.0,94.67488114835908,1.5766811031181405,0.8992472401295339,0.04071676728200563,0.21157937986456504,0.0,0.07654086052747315,0.5711997449849593,28.61321426184023,55.0,3
131507,1.5954046671017168,0.0,103.27149082781916,0.3279063019121422,0.003207765306079046,0.031416190501524055,0.3743172265866471,0.14868488297490098,0.07654086052747315,0.038410692203098756,18.809267839289394,43.0,3
63133,3.3619271977508447,1.0,112.24584989805423,1.6041242390834507,0.9887170107264152,0.06616661355998277,0.16201610323787796,0.00010395869243371654,0.06028440139859205,0.5053659477481252,32.16876817947248,62.0,4
1458,5.701060861471607,1.0,111.89054275691278,0.7807417810472599,0.6792018079786396,0.032054095044992494,0.09129645354967957,0.14835399033743163,0.07654086052747315,0.14050664092053686,25.974699750635846,43.0,3
9844,4.824000686513771,1.0,109.00086113091982,1.0660306262012467,1.5768808873604883,0.04843439090520536,0.010821767172170031,0.0,0.11081886050973534,0.6161167520118906,29.18120581098121,67.0,4
90253,3.3619271977508447,0.0,102.68774574418786,0.20492665776384308,0.3926211324811446,0.04257727432062326,0.24122535807105008,0.14803011878439143,0.07389614600927014,0.1007111868006316,25.93546779412243,57.0,3
49810,5.270402895934253,0.0,123.56460279056928,1.4112216109464688,0.8608547809331345,0.05138959171370151,0.3599669935990206,0.0015013271688992893,0.06732239711425879,0.36657593878089856,20.95375566017203,43.0,3
136879,0.0,1.0,136.3752359098381,1.9204027589315948,1.020776755417497,0.049600266743561945,0.3441294643385888,0.0,0.0623879865240673,0.5143094816331635,23.198099935828814,21.0,2
97090,3.3619271977508447,0.0,110.23545936282943,1.580096699910016,0.9053728438287705,0.09181366582891372,0.028706613028225754,0.0,0.09323773806836998,0.4604200635633939,25.33281124870662,31.0,2
153130,5.270402895934253,1.0,101.76425121334066,0.5386998252594657,0.9950936437439697,0.05728648091811103,0.2048640371828363,0.09627997572786516,0.10212019116983716,0.3766821266125737,28.496529346819347,46.0,3
104810,0.0,0.0,124.36654438181063,1.0010637611083457,0.6592628138396347,0.0614711458158501,0.3651023417513228,0.0900194552819806,0.08268848505094586,0.7846985293539909,27.431639471692115,20.0,1
5787,1.5954046671017168,0.0,76.52437849913153,0.436323991484237,1.1466586274561965,0.08253683745040954,0.35178875490316674,1.3499303784661139e-05,0.13451532550793535,0.5268053829272235,23.161963392578052,33.0,2
104892,6.117892928831929,0.0,120.14030851951208,1.532661226759913,0.8809746737279629,0.093155845558655,0.05333381640356864,0.11813532573719375,0.07948948280021469,0.6502249683384824,19.969388139757115,32.0,2
11620,4.359420279727952,1.0,189.2994510460142,1.1218203956730715,1.6271696146393297,0.03134499269087866,0.02129722678586382,0.14861803168969095,0.10763668424531088,0.20570758564253153,26.852736093642957,57.0,3
4767,0.0,1.0,107.23588936737264,1.4827469254218961,0.9508267515704789,0.05042000076824561,0.27067931385650346,0.0,0.04587898232195043,0.8457701312909116,25.86949941072146,49.0,3
5971,4.824000686513771,0.0,129.02662432596077,0.6939649337958178,1.0532791897548954,0.093155845558655,0.19696805351856575,0.0,0.1332915131480091,0.4223630722672164,28.82193351355359,46.0,3
135560,4.359420279727952,0.0,81.04594942041672,1.6423020601527738,0.5159788866289045,0.07366089915094279,0.24819787995466153,0.14779779239226265,0.07610775407689287,0.35921294629456185,23.90185916211609,16.0,1
94191,0.872923795046736,1.0,75.77348357842726,1.5596663441426157,1.0467431886384175,0.10401173324475396,0.25661306681080637,1.1099529320763315e-05,0.07824336696718033,0.46402995003512487,28.561310871786187,9.0,1
30379,6.117892928831929,0.0,103.17770651255638,1.3888789288233903,0.6377667747259554,0.034349417624905836,0.221024451677974,0.0,0.06297072826400497,0.5703153792725135,21.415207916669107,32.0,2
154645,5.270402895934253,1.0,117.85309362663497,1.338555201025666,0.8310347149247238,0.03503165581756767,0.18224553925865877,0.0,0.07479010183432175,0.5107338658349185,29.311796646088712,59.0,3
79464,3.873488880460096,1.0,119.47215204572484,1.3667351240154904,1.2648001779253042,0.1104113823661705,0.2048640371828363,0.0,0.11684452751132064,0.46402995003512487,29.14991832306411,30.0,2
12495,1.5954046671017168,0.0,104.32312809272668,1.586940561014816,0.811393604128813,0.08463728846781318,0.33258202144959215,0.040287340300327955,0.09029545927515505,0.379434781026071,27.55035690468298,53.0,3
8951,2.234779091684268,1.0,139.95336197421435,1.310700409278527,0.6938441627854506,0.06450986144918483,0.23934276540465588,0.0,0.09259922813974525,0.40870230130966556,25.198627015595232,25.0,2
63612,5.701060861471607,0.0,86.86301153073802,1.3952422166886544,0.6865080892331454,0.038287787309064854,0.036660739087824634,0.0,0.06370578415960063,0.43144989461358074,21.726822922162384,25.0,2
8660,5.270402895934253,1.0,104.19826065686253,1.5903688309600632,0.7517134112457518,0.10747283603763581,0.15407694726749513,1.439992078248363e-06,0.07907699494507488,0.304563566592905,31.357057543272838,5.0,1
40587,5.270402895934253,1.0,114.03026028092789,1.2260981136938247,1.4031006457171435,0.03684347528477961,0.04993499265901868,0.0,0.12816865300364028,0.5844482742465293,23.6706017019913,64.0,4
140998,4.824000686513771,0.0,170.02371582697438,1.7273986281211327,0.5126805935065077,0.03880600336970576,0.2697376361401066,0.001984806558653298,0.05484699175740777,0.7829934564155167,26.046765566035855,51.0,3
84732,3.3619271977508447,0.0,165.21150173988812,1.1995585970342593,1.6325075429004299,0.05170941569813888,0.025948304091180735,0.13513977585281076,0.09195206939260495,0.4223630722672164,27.54482794818114,38.0,2
113598,4.824000686513771,0.0,88.137984637457,0.9330796361672831,1.0664045786492466,0.07296675335244636,0.30085444038956244,0.08750648063471238,0.1231911327681001,0.3867677441611076,23.270115247140346,5.0,1
138029,0.0,1.0,126.26187499981056,0.9511404885049599,1.5926792334280553,0.03345331143459896,0.08832052273494422,0.04439064878958389,0.1125876738958727,0.6257577563290178,26.683330107239748,37.0,2
89333,1.5954046671017168,1.0,97.26514684901004,1.3076254137645986,1.088438717875863,0.09389050618719966,0.2089208133144031,0.0,0.07907699494507488,0.3674955385332786,32.861578596913645,5.0,1
16919,1.5954046671017168,0.0,93.96237676534122,0.511294898436353,0.04547836376196327,0.03684347528477961,0.37508546512046803,0.1485126298438773,0.07523239892816581,0.26527491248338686,29.00803257776013,50.0,3
2740,3.3619271977508447,1.0,108.92330940676408,0.7299054380798758,1.2861952396200695,0.06056899457987591,0.22310681446648367,0.0009961907158109078,0.1199400574388863,0.2774709371189399,27.653340153224757,23.0,2
70594,5.701060861471607,0.0,126.28212380827802,1.9127577036644625,0.6810255875210611,0.11255177811980693,0.24927322505169477,0.0,0.0623879865240673,0.6318844125769992,23.19636624907822,4.0,1
56381,5.270402895934253,0.0,98.07388894634659,1.0144220302914997,0.9487402689416761,0.10164462000814617,0.2703660577561017,0.0009961907158109078,0.10510074374136276,0.39957455327271907,23.66661096679746,25.0,2
56794,1.5954046671017168,1.0,115.63128221682324,0.9851555438001129,1.3005502950795864,0.03134499269087866,0.011788166338059581,0.014176275640349664,0.0692325431781873,0.6493529401476361,24.397621730787453,32.0,2
157946,1.5954046671017168,0.0,113.7990791748133,1.3984299557000819,1.395655262877005,0.04336825574793549,0.02446733290778721,0.0,0.06632209626065663,0.6875981751909847,27.02662865050787,31.0,2
3842,0.872923795046736,1.0,124.57959405650979,1.2801294904916005,1.0078998505255499,0.0897636276352218,0.07135967865258865,0.1472438889403441,0.09833371298734968,0.2718459746407351,30.044756181516398,46.0,3
79126,5.701060861471607,0.0,136.09982722165768,1.2710355796097998,1.3270588689493945,0.1061302215723794,0.2579748766335213,0.020262220644609228,0.14244402447193227,0.43689424042349,23.206911493156547,36.0,2
14140,0.0,1.0,153.0170052361342,0.6120164099140819,0.36123690408972214,0.039448600807730404,0.3635186979644739,0.0009961907158109078,0.07479010183432175,0.2774709371189399,30.24207405358948,71.0,4
56251,0.0,0.0,109.64165394477233,1.035987948999315,1.1241067643567022,0.06093171277971563,0.031350247416579824,0.0,0.10557531116723944,0.5214535572646147,23.18769650451021,8.0,1
28634,0.0,0.0,165.1433071753915,0.7163267310388866,1.4280529796370869,0.07331527306353508,0.24675338874745154,0.032281348581267556,0.14550407927730555,0.37759984787925627,24.192333802431854,20.0,1
149286,0.872923795046736,1.0,110.16835650124388,1.3730416877687452,1.3391900932368495,0.07851550707857491,0.09203541848258019,0.14252820321226706,0.10237756976806238,0.41963386075746517,27.060612964630895,17.0,1
126480,2.81870192439919,0.0,129.24360135817219,0.6459421267605535,1.6945036831477611,0.04770181886559934,0.0007611330692952902,0.14816401752722969,0.14580276934215639,0.0873289316133156,27.79914918110718,7.0,1
144744,4.359420279727952,1.0,164.92408298504859,0.7006382405716461,0.8290620173475927,0.03345331143459896,0.18726924343725465,0.12902527453437898,0.100270542490563,0.21616482417443889,27.376539851858592,37.0,2
81853,5.701060861471607,1.0,135.51870316688658,1.5192591302375724,0.46088154821066385,0.08058365006988354,0.03950348483126515,0.14688508484723023,0.08229821707572699,0.3803519932120896,26.849988410048876,12.0,1
10864,4.359420279727952,0.0,121.55647282080206,1.1445618616011808,1.6218401523063755,0.0916158468366306,0.06166502125087374,0.0,0.12135199042106064,0.4513843481564584,23.95873078258613,66.0,4
145345,2.81870192439919,0.0,88.96876583324033,1.698757269387999,0.5459877684173237,0.05328367386024081,0.1765793395003656,0.0,0.08150955334797905,0.31944514756429193,27.417452406834425,14.0,1
59172,2.81870192439919,1.0,93.53978815384502,1.3762010353347607,0.7403721686283902,0.08867623283039489,0.08150525731732736,0.0009961907158109078,0.1031396955853106,0.3601339240615556,26.682147469430326,4.0,1
153349,5.270402895934253,1.0,95.97126161132562,1.5159190404539722,0.650273779481411,0.11035256799638082,0.221024451677974,0.0,0.11617843095528736,0.5035754392914052,26.5079098053368,15.0,1
52562,1.5954046671017168,1.0,128.86007163132388,1.4663162944046058,1.1286011489630472,0.03134499269087866,0.019417686065019802,0.08787271840522427,0.0692325431781873,0.7178426855050967,26.00667146205465,16.0,1
147634,4.359420279727952,1.0,97.27565613223503,2.330308527991424,0.7403721686283902,0.10894991098191154,0.034960437362430756,0.0002048395482878799,0.11684452751132064,0.3601339240615556,26.629286551724494,3.0,1
1800,3.873488880460096,1.0,120.62961233721516,0.9279519897293446,1.1762754558995927,0.03134499269087866,0.04649739313307388,0.0,0.11461791565793807,0.3472244379771469,28.26609139424804,75.0,4
151222,3.873488880460096,0.0,128.71368169235143,1.6006790321669766,1.616519151327676,0.03964026701337921,0.1892456434457902,1.4399207863556305e-05,0.11277808358501228,0.6780604729547725,24.329415905033592,20.0,1
79456,5.701060861471607,1.0,179.89359622324227,0.8527586441232778,0.08491673980274259,0.04438898378389238,0.35195260131748,0.1471677431825504,0.09972625759298626,0.41872379767106116,21.00646095621099,37.0,2
41524,6.117892928831929,0.0,170.89655162248616,0.8774664929240397,0.6755598265644066,0.03345331143459896,0.3347211001219841,0.0,0.11181393054084698,0.2802808782739762,29.560030209083013,31.0,2
27156,4.359420279727952,0.0,132.55238835869508,1.5125831187873215,1.1173801565958892,0.04379041442699696,0.32381489060734037,0.0009961907158109078,0.100270542490563,0.5116279940761842,25.65309366926703,40.0,2
18698,4.359420279727952,1.0,146.04013481324156,0.7118274915660402,1.448164004953569,0.08029540932132537,0.1523395503043589,0.0,0.07567160824092482,0.3647362240112409,25.690191029501495,19.0,1
14668,2.81870192439919,1.0,71.33873176475065,1.456507450130662,0.015170969635738246,0.038157654766122096,0.3755937936401596,0.14886448617601628,0.07479010183432175,0.3693342235535494,21.762585501296492,63.0,4
381,5.701060861471607,0.0,101.51882864913432,1.274062926972884,1.0489198800185926,0.02844379682282684,0.05752870250965461,0.0,0.07523239892816581,0.44414439156625246,25.433405418940183,73.0,4
142111,2.81870192439919,0.0,93.47637638498381,1.0632807525460788,0.6130236887191868,0.10432098682144851,0.24566192079379473,0.0,0.08571582562284803,0.18471915968581262,19.13191913914102,2.0,1
2442,2.81870192439919,1.0,118.09845421938522,1.232038730877049,0.653863841431761,0.04557037994341877,0.30681102033760776,0.0,0.09162520541474937,0.31386999284176065,25.557010898047047,75.0,4
39627,0.0,1.0,87.86080972736734,0.6675719032394865,0.448216650415155,0.10648044685009093,0.32253779789110704,0.12676058324946168,0.13382235463599929,0.4332653199494439,23.79522619438193,41.0,3
64957,6.117892928831929,1.0,105.31091093647807,0.7972654942346424,1.691784810850091,0.0719035626650213,0.0019940376062208094,0.10858598085840131,0.06474316603131854,0.4332653199494439,29.595550607029526,29.0,2
100978,3.873488880460096,1.0,90.88175738243653,0.6917471891808397,0.9466557329092349,0.02770197444137078,0.3398033608963911,0.11691216942864648,0.08422295110813957,0.7812879084874744,28.118260375801395,57.0,3
147295,4.359420279727952,1.0,149.22307194217495,1.104924423867234,0.7328489612337938,0.026122119145500968,0.16201610323787796,0.0002647319268206587,0.12429477370514681,0.2737217164713884,22.893944393441032,51.0,3
117873,4.824000686513771,1.0,112.59070443273166,1.310700409278527,1.6701104704372907,0.07007114572550133,0.1014632060448643,0.0,0.1299098908721293,0.7135315184130544,27.012557661991718,20.0,1
93966,1.5954046671017168,1.0,96.41335447815902,0.9433783587917097,1.743808288579192,0.10698728321032973,0.002003977913113377,0.14862483687317665,0.13388708652361916,0.37851739929939954,26.51530071935332,16.0,1
134849,0.872923795046736,1.0,35.12387658832393,0.22781406911587748,0.44349653102047515,0.023107041720981665,0.006927442155667886,0.14459789690953062,0.07610775407689287,0.024920146020617345,15.630549755364273,46.0,3
28989,1.5954046671017168,1.0,190.40717264808617,0.4399571780087591,1.7465677416668217,0.10770794092542646,2.5998989710272217e-05,0.10717863528729593,0.06375800661616872,0.05659026636171216,29.18281284869444,14.0,1
15699,1.5954046671017168,0.0,146.2731257520627,0.30854930501698025,0.7216204794212896,0.029907481693841425,0.3441294643385888,0.0,0.12665284588910405,0.2426743316518963,19.684807942303006,16.0,1
19681,0.0,0.0,116.32304785768967,1.1077309178046657,1.3981349919391537,0.03880600336970576,0.15864721974158413,0.0,0.10696278729458521,0.5543724183688273,21.510347754216635,43.0,3
158707,1.5954046671017168,1.0,97.57510264280161,1.1474217637968984,1.3029499461191854,0.04071676728200563,0.006927442155667886,0.0,0.07207008747600625,0.41872379767106116,23.902991827022916,36.0,2
15486,0.872923795046736,1.0,143.71721469340795,0.9877977162194078,0.8349858419672646,0.07331527306353508,0.13857634901143603,0.0,0.1135278727644392,0.22091007236670035,27.16096396590229,41.0,3
111216,5.270402895934253,0.0,122.59925459008652,1.1445618616011808,0.5143288414977084,0.10715144929109219,0.06582485657514085,0.0,0.05069797419220065,0.48743361513789707,29.675059501959538,17.0,1
18654,1.5954046671017168,1.0,96.86567374165463,1.7238032976844435,1.4105646242891337,0.09929914618218678,0.27890300212052405,0.0001599022463759289,0.14342147241440634,0.3748461739260816,22.893798632162124,45.0,3
78872,0.872923795046736,0.0,121.01677647208555,1.277094229670491,1.3513725909920593,0.0461533086282955,0.00014396901467004846,0.0,0.12777722757972032,0.5773863402581226,25.9676061679852,5.0,1
14318,4.359420279727952,1.0,107.91441597271248,1.1189948897666122,0.6956828410527327,0.05776762020712451,0.34743304895058974,0.015947865155063325,0.09386772939038489,0.5241301357294121,26.75330507805523,37.0,2
118311,5.270402895934253,0.0,115.12874068705247,0.8381035217009131,1.395655262877005,0.08684389572442322,0.27499908171005494,0.0,0.05772607159203345,0.482042029581441,30.98711385973567,24.0,2
37517,0.0,1.0,153.19428191342072,1.4597729435754092,1.1017545099034765,0.041342447356368994,0.2786062843586233,0.0,0.09972625759298626,0.5499355690315485,24.85799299824717,16.0,1
83066,3.3619271977508447,1.0,155.7123871174699,1.0495876169697003,0.9362622300425101,0.02581777077266814,0.23934276540465588,0.14826535491985524,0.1252275809854624,0.5454951065995263,28.806720773161867,23.0,2
56665,3.873488880460096,1.0,73.90250608426636,1.8335626327890615,0.7536102102164997,0.09512248854355311,0.0075047618531269514,3.959400990315645e-05,0.0529487442858004,0.48743361513789707,23.215287603549886,21.0,2
55787,0.872923795046736,0.0,132.7383737999331,0.9000075885026969,1.208550416448057,0.04257727432062326,0.131070708116066,0.1353564655945731,0.10212019116983716,0.38768360549391373,28.917200094339066,32.0,2
152372,2.81870192439919,1.0,168.08662963956067,0.463866698007316,0.10770792336816779,0.041342447356368994,0.37508546512046803,0.14876169108165535,0.06627170617944157,0.23511597741337825,29.947585429091287,38.0,2
33708,4.359420279727952,0.0,113.9583444597051,1.6774576631672329,1.139872073704656,0.09220467864151599,0.16089867049836257,0.0009961907158109078,0.051251070043230505,0.6406253525679155,30.278731903755975,27.0,2
78749,1.5954046671017168,1.0,129.70765628582092,1.532661226759913,1.4355790578709804,0.032616801606282324,0.015720724575124998,1.7499883005330144e-06,0.06801418606516205,0.8288657823573593,29.797218815650464,18.0,1
153005,5.270402895934253,1.0,143.79671918151723,1.2172165115891747,0.9570978852161511,0.02770197444137078,0.21593067514693054,0.001984806558653298,0.11389577405950702,0.6988499935977971,26.97527146836541,54.0,3
25033,1.5954046671017168,1.0,127.29397356002205,0.9228387905195625,1.3832875724289047,0.041342447356368994,0.0421449613639152,0.004905852458809698,0.11122066945651018,0.372090967206333,26.771271025184813,53.0,3
42099,5.270402895934253,0.0,121.8872490595446,1.818699770638293,1.1331035227505035,0.054055516884553956,0.23858402162324605,0.0036579744314103857,0.06417444324597134,0.6073378881905973,23.18986414552234,26.0,2
5525,4.359420279727952,0.0,127.16249838948232,1.563060875323366,0.5990464133621874,0.07941640169894552,0.3227515960828559,0.0,0.07434469244013149,0.3101496044938338,25.696258044873918,56.0,3
136724,1.5954046671017168,1.0,134.19481031843347,1.1274828423974343,0.3745934592462297,0.05223874875548161,0.3616115599963557,0.0,0.07298954199416931,0.4513843481564584,20.438877890271854,36.0,2
91327,1.5954046671017168,1.0,107.89370664637929,1.437000860302872,0.8648633807671563,0.10845647711077161,0.007133044698333618,0.0,0.1151478184282261,0.22375482435312113,30.27583896896815,10.0,1
157703,0.0,1.0,89.78781207438765,1.4273029632982537,0.668298156335253,0.10304203740104016,0.2548947328680451,0.02110588240330083,0.12189331958493682,0.41325998704410216,25.731966321765206,25.0,2
17914,3.873488880460096,0.0,91.92085703604376,1.3952422166886544,1.1173801565958892,0.10894991098191154,0.08073762434352733,0.0,0.09029545927515505,0.5844482742465293,31.896829995912928,64.0,4
53815,4.359420279727952,0.0,132.90422122168326,0.3971457665070668,0.021954922159946943,0.03448635494491179,0.375466997075387,0.14845377296858217,0.054376565559365785,0.050375007536476,16.577258007954747,35.0,2
130701,5.270402895934253,1.0,194.45302903517359,0.7901631590571356,0.7104594698327914,0.022078018832969604,0.2911238442445418,2.1299826678989445e-06,0.08384328428839721,0.21426532189317865,19.363728118639507,3.0,1
12852,3.3619271977508447,0.0,128.17334673838664,2.0891506870158856,0.4017291313143787,0.1132994499859932,0.014765940356248917,0.00019984727755202174,0.10080771222471868,0.21046390307817353,28.55980546494258,2.0,1
132276,0.872923795046736,1.0,133.5974444195309,0.8163577776207587,0.34802053343545675,0.054817363853910714,0.3444821583610922,0.14841601368529395,0.07824336696718033,0.35460545987661984,20.64110890234525,29.0,2
126455,5.701060861471607,0.0,129.43026077999633,0.7185814057543572,1.0751944363573847,0.1132994499859932,0.016482532093152105,0.0,0.13025302191889332,0.4495753109342876,32.397384486056445,33.0,2
44168,4.359420279727952,0.0,104.94194767370581,1.3230403074748542,1.2933635885898236,0.032756846992377936,0.043893390801080984,0.03378545374854456,0.0909648244230264,0.3453774353206826,26.63126025585744,26.0,2
44081,3.3619271977508447,0.0,142.71790105268215,0.7528078866341287,0.2826407660286513,0.037503497957860635,0.36707903837705214,0.14263080117173976,0.06971386977315287,0.3867677441611076,19.648497747246445,40.0,2
67658,5.270402895934253,1.0,104.39595756725494,0.9798822134503042,1.448164004953569,0.03684347528477961,0.12463698198191898,0.14043889999518097,0.12148854744236103,0.6571964343496536,28.39236684085146,68.0,4
34816,1.5954046671017168,1.0,128.32992588029813,1.1733338226503915,1.6432088154910538,0.058481589430569136,0.0054059272701233166,0.07528457935098694,0.1028873097127769,0.11725734975686705,19.36584774996155,23.0,2
24626,0.0,1.0,111.94719672276393,1.4761622725906902,0.4139711117068804,0.029178943760520885,0.34862413654409774,0.0,0.10718886451071041,0.46763733513873956,22.56570709035062,33.0,2
91400,1.5954046671017168,1.0,154.74911986986123,0.6675719032394865,1.1017545099034765,0.02844379682282684,0.03325079712840182,0.0009961907158109078,0.10212019116983716,0.26527491248338686,27.81639662405965,27.0,2
145992,6.117892928831929,1.0,113.34679734807493,1.2831687122254798,1.5795086777003646,0.07044380416764916,0.016101852351736213,0.0,0.07610775407689287,0.639751861069095,27.53968405354777,21.0,2
108231,0.0,1.0,130.5443723261941,1.955027965828709,0.556120840764112,0.10176588683583664,0.02409600998560086,0.0,0.07298954199416931,0.4586141796681728,27.7579813388116,60.0,3
33886,1.5954046671017168,1.0,152.97268146621823,1.6388100440527043,0.8016444925314857,0.03134499269087866,0.19169008643354407,0.018555850659359212,0.07610775407689287,0.6380044771041449,23.38353379965621,45.0,3
114730,3.3619271977508447,1.0,77.61077666684913,1.573269725078865,1.2909720999978591,0.09296857348240582,0.07135967865258865,0.0,0.1225519383900256,0.6362565578510048,27.636536582171296,31.0,2
126883,4.824000686513771,1.0,101.22107472989427,1.499281057085816,1.0906530470009785,0.10935399873970236,0.06207547395724259,0.0025253400844233317,0.07389614600927014,0.6728515002130602,30.634327041919885,25.0,2
118250,0.872923795046736,1.0,87.8661411889552,1.0090676336197404,0.46725657598435466,0.11185624232246855,0.3159420989489345,0.0,0.07824336696718033,0.28776582155373864,28.564196083410557,4.0,1
26940,2.234779091684268,0.0,102.88585512314923,1.8447562024754598,0.6377667747259554,0.11485338947607905,0.28299581488152875,0.0,0.06281225440812803,0.5383828155329159,27.026889177324968,37.0,2
35859,1.5954046671017168,1.0,124.29551621662613,1.7166256457400175,0.4047791174136846,0.03710819197409395,0.1614580741411667,0.0,0.0846000186739813,0.723011956415217,27.547656811129627,27.0,2
112935,3.3619271977508447,0.0,191.92878149243748,0.7807417810472599,0.7517134112457518,0.0461533086282955,0.18020234098276874,0.06244813377938165,0.07782218133052284,0.659808559089989,27.519101921999514,49.0,3
42124,0.872923795046736,1.0,110.06510991609932,1.6214139493243716,1.0642120665634267,0.053799353682425805,0.0949714230421777,0.0,0.0944893301378407,0.329649459445562,25.10520348231515,39.0,2
394,6.117892928831929,0.0,90.91359162023411,1.752687621763492,1.3343314548273377,0.06235797169475681,0.06166502125087374,0.0,0.07610775407689287,0.5932630825882477,28.816322895768046,58.0,3
104702,3.873488880460096,0.0,126.89443100209469,0.6395173535198868,1.582138574210083,0.053799353682425805,0.0009985074216367666,0.0,0.09861591438912895,0.3858517145013685,27.33700741672417,49.0,3
112053,1.5954046671017168,0.0,123.94536385967542,1.237995013338512,0.6810255875210611,0.03763479673457211,0.12658456236904403,0.0,0.09630503739313614,0.30176808255591336,26.777039369852343,32.0,2
4438,5.270402895934253,0.0,130.1009079804206,1.6075736872862627,1.1854566026281719,0.02844379682282684,0.29983526196182336,0.1315163736555853,0.09570786137811908,0.6117290310971855,26.569897289463977,14.0,1
24263,5.270402895934253,1.0,59.75303125395258,1.7708819284359916,0.4294315494495209,0.1090184426822874,0.35580609640493494,0.0021324496327545695,0.07523239892816581,0.6257577563290178,29.057901442458935,21.0,2
93165,5.270402895934253,0.0,80.37139974993562,1.6492989120715298,0.3134583851303576,0.0300524019955432,0.3692863258497086,0.14876792934782157,0.08030591854684666,0.1933173511187911,25.97108620316692,6.0,1
29894,2.81870192439919,0.0,118.99748738054389,2.081114692943841,0.9404137982053083,0.10401173324475396,0.1658841956233759,0.0,0.09162520541474937,0.8263261932576995,23.93596480122282,30.0,2
55275,3.873488880460096,1.0,95.96073205161095,1.357305564867754,0.986595383828515,0.05181565204652488,0.22060518339361856,0.0,0.07344443758622808,0.6519686275075127,22.91565584311361,60.0,3
98405,0.0,1.0,83.65034586334043,0.267985503054823,0.10195065333753964,0.03482762600454365,0.35966488890428205,0.1488761368191702,0.07389614600927014,0.0850780231491007,18.04284809881286,54.0,3
118646,4.824000686513771,1.0,67.3020797396391,1.249954663221884,0.49629680953734306,0.04893668168033808,0.34252763047571555,0.14775675667561491,0.12707004766187593,0.12211148451059364,30.99221503044599,44.0,3
147272,0.872923795046736,1.0,115.19542238366154,1.071541642188199,1.7272965097434245,0.09800143618007766,0.00019894082945943198,0.09341227693443308,0.09323773806836998,0.46853879156411365,30.40980018358717,23.0,2
128362,4.824000686513771,1.0,104.86397398515984,0.4788351013562413,0.9760166024735442,0.030988040265888892,0.35469759064187173,0.14796473604214241,0.08268848505094586,0.6082163911561125,31.935194648823543,6.0,1
131190,2.81870192439919,0.0,103.03700719520812,1.7309982986371468,0.5275795784089966,0.06226997050178794,0.013616481645214139,0.0,0.07523239892816581,0.3564489745952911,21.717611814185883,4.0,1
20785,3.3619271977508447,1.0,74.53600259152775,1.9319040049871248,0.2965467864597166,0.07154319726812285,0.2791991299722246,0.008324309601021805,0.08644706391858864,0.2199614227629816,23.04955260762251,47.0,3
834,1.5954046671017168,1.0,105.25375972232113,0.6917471891808397,0.6147791006233524,0.047871617065426426,0.330000833431264,0.12711712559518024,0.09029545927515505,0.3628958211781966,28.377501179438756,71.0,4
45301,1.5954046671017168,1.0,117.22913929265111,0.49018984423203915,0.4640655093621761,0.029178943760520885,0.3347211001219841,0.12195741211779408,0.1301679680937354,0.6283842755198784,31.78585905027483,16.0,1
128060,0.0,1.0,91.24775524201094,1.7454404380504511,0.9135673883268748,0.07851550707857491,0.17917339349527653,0.03378545374854456,0.10915962010817792,0.22849210047277335,26.5784622841469,45.0,3
103677,0.0,1.0,138.59563563408892,0.7925271422579314,1.5015885652972079,0.03134499269087866,0.0,0.1458052673668145,0.1344540309462206,0.3426056156966485,26.766813088568103,32.0,2
25113,5.270402895934253,0.0,108.78886771298066,0.21628596073801443,0.00590623088988671,0.0332450285748339,0.3753400103877654,0.1487301288625842,0.0665735087435112,0.08889405655186224,17.27397133392566,43.0,3
18876,3.873488880460096,1.0,104.98872791270678,1.6075736872862627,0.448216650415155,0.05009339799691467,0.21025463587619359,0.0009961907158109078,0.09195206939260495,0.39957455327271907,25.83203970701661,56.0,3
17523,0.0,1.0,118.53276817735657,0.7231008787618839,1.4431238001219762,0.029907481693841425,0.06816401280319169,0.14793612824899144,0.0929195560165614,0.5694308716311162,27.925843714539425,47.0,3
63406,4.359420279727952,1.0,92.4927055488709,1.3323372212749316,1.2957571169063415,0.07790245322973517,0.07349683153112459,0.0,0.12717284007352847,0.5906201054722333,22.6071876313873,50.0,3
147921,3.3619271977508447,1.0,153.54382475487287,0.897488732723847,0.8749185103672998,0.026953409443536608,0.009852506517610308,0.005864813330088342,0.11634650289624089,0.4241817332356303,27.88365584194969,21.0,2
33543,3.3619271977508447,1.0,138.15596379042321,0.9075856561859189,0.7631224941741739,0.03345331143459896,0.2555842232981101,0.0,0.0994514137349725,0.31201016143727445,21.146680221157162,56.0,3
21384,3.873488880460096,1.0,125.70991569893624,1.1474217637968984,1.0186256893922574,0.10845647711077161,0.10359265120566807,0.0,0.13115754517295558,0.7040358811081453,30.168183493791815,7.0,1
50504,6.117892928831929,0.0,115.62102939414885,1.7745339005343035,0.6737416234012596,0.03763479673457211,0.12658456236904403,0.0,0.1005400101632899,0.7040358811081453,24.328716405624295,45.0,3
67735,0.872923795046736,1.0,124.12806968665949,0.9719997127794917,1.0143294574313837,0.10164462000814617,0.2869771905362136,0.0,0.11717145598614156,0.6371305844385486,24.135694007657264,2.0,1
22648,6.117892928831929,0.0,103.72981703841732,1.1502855016786524,1.5273522784822862,0.08171337117473375,0.009561168640289441,0.0,0.05472964157031007,0.3407568569568942,23.927759806467446,46.0,3
920,3.3619271977508447,1.0,116.64055032663234,1.351039350458107,1.5092957197361627,0.06737279893323408,0.12267420854969888,0.0,0.07434469244013149,0.6380044771041449,25.564858050818504,74.0,4
12293,1.5954046671017168,1.0,157.4156736673448,1.8484962499838813,0.6271184303094184,0.10139935755464843,0.05752870250965461,0.0,0.06776790858233991,0.6953901935688297,21.105141805770792,11.0,1
157337,0.0,1.0,143.0560892154088,1.1762322066763853,0.8972092364676427,0.03564046603117301,0.2521076621480948,0.004636034683718786,0.0577825961128191,0.28496036755879967,28.311928024061327,6.0,1
58309,2.234779091684268,0.0,111.0608638938273,0.9279519897293446,1.656633108457273,0.04214757357992072,0.0341517760422906,0.0,0.11407800504076084,0.29337171326094935,27.28346027064698,42.0,3
147378,4.359420279727952,1.0,108.36470350970052,0.6763163713235399,0.4387923199218749,0.03482762600454365,0.35146025839216477,0.0,0.10604378231919075,0.29337171326094935,23.788550919607076,36.0,2
50411,0.0,1.0,112.20466311873987,1.5059237685634277,1.5663907762113518,0.07911856488323085,0.027146524790096924,1.2199431412388186e-05,0.04509317079239988,0.7838460522181683,23.90695586867083,44.0,3
129129,4.359420279727952,1.0,148.20936060899513,0.977251050003743,0.776519017031305,0.03345331143459896,0.3257051775707076,0.14837748463692157,0.08608269509259017,0.5285881430572061,23.810702285195127,26.0,2
103901,5.701060861471607,0.0,118.84431198836698,1.3920585419964056,0.5209398115245241,0.1135669959430541,0.3368200216584678,0.0,0.07782218133052284,0.6362565578510048,24.331234539836515,9.0,1
18139,5.270402895934253,1.0,115.14412926111298,1.3793644304245756,1.7327918798529205,0.053747987292612404,0.00860765933170196,0.1276978124983628,0.090631273449164,0.1818493657511305,26.774679694707714,40.0,2
5807,5.270402895934253,1.0,26.060907990152014,1.3635879022326585,0.6466911138682083,0.04730387785758131,0.07215307736630519,0.1481114486462506,0.09510266620308695,0.867678271931209,24.56020811772864,38.0,2
114599,0.872923795046736,0.0,86.90039160808699,1.035987948999315,0.8231553808396798,0.0461533086282955,0.08073762434352733,0.0,0.07160547706998972,0.1818493657511305,24.080372990713574,12.0,1
50399,0.872923795046736,0.0,110.73596590406613,1.3261352750235784,1.0164765902676833,0.10974151508476628,0.26363808924697757,2.4199776271283975e-06,0.08961697180144913,0.5897388344096739,30.279937237345845,22.0,2
14898,5.270402895934253,0.0,127.69839072963426,1.5835165182702335,1.6647131528044516,0.06102200408319748,0.1360999778061121,0.0,0.06677399494927812,0.7221507233753106,23.86233475974635,54.0,3
112392,0.0,1.0,117.5156034024936,1.2350149125555943,1.1084392632811322,0.02844379682282684,0.2044080949271225,0.0,0.0682595902191365,0.6292595119241615,25.972156919500513,69.0,4
154187,0.0,1.0,93.78809189937112,0.8576718908979484,0.5061055596071057,0.1146152668702922,0.2818379910590027,0.0,0.05901585450163812,0.1942716743024051,30.988062958379338,24.0,2
158,1.5954046671017168,1.0,155.49130457702657,0.9000075885026969,1.7054004852858022,0.0461533086282955,0.0,0.040287340300327955,0.08608269509259017,0.4513843481564584,27.969769740131092,69.0,4
67206,1.5954046671017168,1.0,133.92880374236955,0.36445598128801504,1.5795086777003646,0.08412484604572,0.004962882796202298,0.0009961907158109078,0.13710141442161908,0.4423328122524797,25.008797532478233,24.0,2
8738,3.3619271977508447,0.0,137.0158789815631,1.1077309178046657,0.2937520101620978,0.11931010300010653,0.36651864368255516,0.0,0.13620837712054312,0.47664490956611383,22.526827687297352,28.0,2
52462,3.3619271977508447,0.0,146.92224566270943,0.9511404885049599,1.2131933798627534,0.05491819590840773,0.3003458152426495,0.0,0.06766915227167633,0.5008885459395205,26.6640092214013,28.0,2
97111,1.5954046671017168,0.0,115.72867754845839,0.5566421438042738,0.5990464133621874,0.030269292847822718,0.32959850987983824,0.002848574254629388,0.06458850317541653,0.15497339791921644,24.034841192312246,55.0,3
99192,0.0,1.0,89.61239219023408,1.7094653201885666,1.5611583427172575,0.10011646490093588,0.13233770064580988,0.0,0.13252230774360968,0.7864031279468107,24.18067587032705,33.0,2
157839,4.824000686513771,1.0,130.69046670066848,0.5506329600414857,1.6138618224161947,0.05276348676969412,0.0,0.001984806558653298,0.09689431395432624,0.23889672081580507,30.320899035100204,63.0,4
138462,1.5954046671017168,0.0,95.48146223020169,0.8874490702428841,0.971798776571637,0.02627387989249491,0.14525821594835667,0.0804742532127414,0.11583914795584942,0.23511597741337825,22.746698194285436,34.0,2
88639,0.0,0.0,122.99568659451855,0.9719997127794917,1.2178444213202304,0.025359172694512967,0.20847417397657522,0.0018567125581683554,0.12807164233603202,0.7974715008392304,29.82402106624019,3.0,1
138352,0.872923795046736,1.0,123.26495270734091,1.6492989120715298,0.6253501522484253,0.11237309699614241,0.33258202144959215,0.012377812595437692,0.08030591854684666,0.5401617621376549,20.95607594000938,29.0,2
84029,0.872923795046736,0.0,131.99420746541193,1.2113149601562354,1.5455114753399843,0.030557569463256933,0.131070708116066,0.0,0.09479702346996888,0.5035754392914052,24.618128096937664,15.0,1
137682,0.0,1.0,106.03271362895252,1.7818509781400034,0.9074185780413175,0.05680116751690537,0.1252878557882259,0.0,0.06677399494927812,0.29617216065705904,24.790923014998825,1.0,1
39814,0.0,0.0,148.8275950960009,1.3952422166886544,0.9445731428547706,0.047871617065426426,0.17917339349527653,0.0,0.08229821707572699,0.5976652639695638,24.420095775705168,38.0,2
57469,4.824000686513771,1.0,158.80775239668787,1.0063959825440436,0.8628581206184712,0.04077958565007201,0.022886213842881774,0.0,0.14507229363217994,0.428725547103319,22.884614410923998,42.0,3
78093,4.359420279727952,1.0,127.29397356002205,1.7023222984191564,0.6865080892331454,0.044982288551343556,0.3491304041867901,0.029983207994882504,0.10937167434329613,0.742786092544838,24.91915984047117,26.0,2
114571,6.117892928831929,1.0,105.07708246114865,1.3014873780326923,1.0751944363573847,0.1153467557122704,0.14284992485469716,0.0,0.100270542490563,0.5579193060105864,24.903877672278778,52.0,3
105330,1.5954046671017168,0.0,144.03022720013902,1.5125831187873215,1.6512570269796654,0.04954523409962817,0.09570049597102921,0.014176275640349664,0.08571582562284803,0.652840258681475,26.369731949273703,56.0,3
146086,4.359420279727952,1.0,56.31455683578933,1.3604447167824396,1.4280529796370869,0.04071676728200563,0.015625372543004,0.1376425709870549,0.10915962010817792,0.7126689085118315,23.07044022890179,16.0,1
41654,6.117892928831929,1.0,132.68308473186363,0.8284037357211327,1.7548589521511095,0.032616801606282324,1.9299443304376805e-05,0.0,0.1254539880533494,0.43144989461358074,27.93183061232174,18.0,1
86287,3.873488880460096,1.0,159.7576733447536,0.458303754548283,0.48655249206632356,0.0415290707388654,0.35453820728294705,4.029937956180172e-06,0.05658694707312501,0.19522579199641732,30.968365072412812,20.0,1
61963,5.701060861471607,0.0,92.34449708864881,0.4844986670267884,1.79660463980821,0.07821024105866159,0.0,0.0,0.104861145959801,0.33798239709523725,27.547785391103943,31.0,2
119319,1.5954046671017168,1.0,128.96606327368337,0.8650682795653099,0.850866867530047,0.07366089915094279,0.3252877160088613,0.001984806558653298,0.062121579541474924,0.4241817332356303,32.42614225864501,46.0,3
129240,1.5954046671017168,1.0,116.5739874830581,2.1093213954162473,0.7688525187496839,0.1176628977536427,0.13170501708479113,0.0,0.0666236838570972,0.2624558909370821,27.02454437440663,12.0,1
152030,4.359420279727952,0.0,76.08920552003062,0.641655665212604,0.8448971249366763,0.03414355059055638,0.29646898691495843,0.14744927028821977,0.0875253578926078,0.6082163911561125,24.77779826645238,44.0,3
109447,0.0,1.0,145.03816140494718,0.8724965562789044,0.3220063272070616,0.03134499269087866,0.3575229982578859,0.0,0.08961697180144913,0.24644882252897388,27.434734166807104,36.0,2
122493,0.0,1.0,88.45764747712002,1.2559580752183774,1.3513725909920593,0.041342447356368994,0.08606729572137231,0.001984806558653298,0.09833371298734968,0.3867677441611076,26.940952818696168,26.0,2
101564,1.5954046671017168,1.0,82.60784235653028,1.338555201025666,0.9300494478737024,0.09943794886500139,0.0978759997682047,0.0,0.09510266620308695,0.1894979991654187,29.916727112694538,14.0,1
71699,4.824000686513771,0.0,117.14727401687345,1.1995585970342593,1.395655262877005,0.09844389461644934,0.30411417011148073,2.259980487794926e-06,0.10673525114395638,0.4847385124396228,28.941200790229182,1.0,1
150115,5.701060861471607,0.0,112.20466311873987,1.3667351240154904,0.8708906902532544,0.05009339799691467,0.15637341109399755,0.0,0.07567160824092482,0.4378010692265794,27.027670747516524,69.0,4
25118,3.3619271977508447,1.0,92.47153498764456,1.9204027589315948,0.8094399761009098,0.07759212050764247,0.025948304091180735,0.0,0.11634650289624089,0.3940899342910126,27.289154670960798,21.0,2
106979,4.359420279727952,1.0,167.19712123065304,0.7413141514439969,0.6060203886768876,0.029907481693841425,0.3396192727833433,0.0,0.08497450704940865,0.29243786124942284,25.507996840849266,28.0,2
30213,3.873488880460096,1.0,143.90105926274208,1.0144220302914997,1.7218096897646715,0.04718972990883316,0.002540314450893359,0.0,0.04309792554915858,0.49551067655190706,29.317095793957407,7.0,1
8185,6.117892928831929,1.0,101.71204073407586,1.713043318578456,0.6077684628587345,0.07331527306353508,0.2889273505092688,0.0,0.10437726552568219,0.5870941836445066,21.364401546157506,48.0,3
135308,5.270402895934253,1.0,70.55825783552076,1.0993228154521477,1.0554618093302919,0.10337243046019386,0.15864721974158413,0.0,0.11828452903796835,0.44504994222165256,25.12752067516615,22.0,2
103166,0.0,1.0,135.96459738006092,1.2619772416422685,0.7900082832763979,0.03379920531112484,0.04117905430975584,0.0,0.07434469244013149,0.15015655190271257,27.283330843047796,8.0,1
3150,3.3619271977508447,0.0,136.2650820048458,0.6785107863592905,1.1218625664872488,0.11452277064016791,0.2850001772440109,0.0,0.1427022859657942,0.563235334781676,18.517355566988204,13.0,1
52621,0.0,1.0,124.90921103964105,1.0660306262012467,0.334943843105283,0.04379041442699696,0.35453820728294705,0.14538864290523457,0.09972625759298626,0.44504994222165256,28.426361512820232,4.0,1
53748,3.3619271977508447,0.0,81.61195346259898,1.1274828423974343,0.8153065731672732,0.09141646816813875,0.3089768159015057,0.14292969742683373,0.10915962010817792,0.5950243716781197,29.79027190336131,36.0,2
106143,3.3619271977508447,0.0,74.11011558055925,1.1617788655968144,0.8668705620052803,0.0719035626650213,0.07215307736630519,0.0,0.08384328428839721,0.13180306839931838,28.455172285978534,34.0,2
100130,3.3619271977508447,0.0,112.40028108155649,0.9984031852273931,0.7669406212233013,0.11429986153250965,0.18527405936558464,0.0,0.09162520541474937,0.6257577563290178,24.69964305440274,30.0,2
6220,4.824000686513771,0.0,107.18406827230997,1.0224814030232345,0.736606806235421,0.11119373451883552,0.15407694726749513,0.0,0.09355379050258464,0.43144989461358074,20.47283279978916,43.0,3
153453,5.701060861471607,0.0,154.95560649681815,0.7528078866341287,1.7910106182138636,0.07434357648268704,0.003976213546291906,0.0,0.11161742520075171,0.22091007236670035,32.511392237555576,4.0,1
156433,5.270402895934253,1.0,108.0024242735957,1.7745339005343035,1.079601259342487,0.10501676070355577,0.2596612745405304,0.0009961907158109078,0.11141967447734964,0.5276968367130614,28.22197467070487,56.0,3
79528,1.5954046671017168,0.0,129.6118383607684,1.0197912380668752,0.6592628138396347,0.04557037994341877,0.17762069843415543,0.043719125023246166,0.07697095147323091,0.19140808741899407,27.110820086596167,31.0,2
131039,1.5954046671017168,1.0,98.17885038631563,1.0965276954317247,1.2600680937293525,0.03550559855419764,0.08606729572137231,0.04637627609682684,0.07389614600927014,0.7949190281537434,25.733986538985988,53.0,3
57231,5.270402895934253,0.0,121.98900050678378,1.532661226759913,0.9259172992484815,0.032756846992377936,0.17022461334284544,0.0,0.08961697180144913,0.5419401255638323,22.802429014527963,65.0,4
87660,4.824000686513771,1.0,126.00872563595742,0.6984104567706283,1.0036232661278224,0.06697413709052649,0.03710664333769071,0.0,0.06702380099356973,0.13277101043652648,27.94163704268325,17.0,1
56759,3.3619271977508447,0.0,99.54713637462403,0.8625992772181287,1.4255484317321425,0.06816008079340606,0.00021892834012149628,0.0006792317813487596,0.12883231270653828,0.5959048078477117,29.174900693801362,46.0,3
94252,4.359420279727952,1.0,112.01414612429954,1.837289396713911,1.1511930062111049,0.049158652597458004,0.0609247571834507,0.0004900803086158811,0.10763668424531088,0.3342806431153462,23.19419901777725,51.0,3
39789,4.824000686513771,1.0,124.28029513969739,1.3076254137645986,1.3077553750603137,0.06075066486719358,0.07849956231556307,0.0,0.0912961293942096,0.2971052741693927,23.198388875127538,16.0,1
96729,3.873488880460096,1.0,81.92974835128591,1.3323372212749316,0.9612883852905215,0.044982288551343556,0.20981104117612712,0.022774425824096823,0.0912961293942096,0.3693342235535494,25.113556889190345,49.0,3
19720,4.824000686513771,1.0,77.58364320674993,1.4959659338530724,0.7593119202228912,0.05117544300866493,0.2172170175632873,0.14856260352903555,0.055431191649043365,0.4775448150825342,27.713954732736408,49.0,3
148869,0.872923795046736,1.0,98.06339192033818,1.5427567021324977,0.9238541349219103,0.04954523409962817,0.10570515998144205,0.1478281207680936,0.09630503739313614,0.6945249250145904,25.613392903727984,34.0,2
72883,0.872923795046736,1.0,162.5684289939033,0.8824506569237538,0.7049042238456557,0.023264274728399842,0.03234721238490471,0.0,0.07253143383276514,0.44414439156625246,19.850782700559506,51.0,3
81065,0.872923795046736,0.0,116.64055032663234,1.486045460471644,1.088438717875863,0.09018667070769226,0.028706613028225754,0.0,0.0542585308030303,0.6406253525679155,19.843083473030184,42.0,3
41633,4.359420279727952,1.0,131.21419928923356,0.9641501397610845,0.9950936437439697,0.023890353676344383,0.13547693088861773,0.014176275640349664,0.11334218617191304,0.4865354007105218,26.774155303234195,51.0,3
54058,6.117892928831929,0.0,108.38022589015848,1.3604447167824396,1.2108708886987363,0.10152244608703388,0.25315830735000466,0.001984806558653298,0.09259922813974525,0.41872379767106116,27.542513276636733,9.0,1
105483,5.270402895934253,0.0,97.01813197100856,0.4620093486710911,0.05191097709144273,0.03414355059055638,0.37483015478170034,0.14572896076857694,0.065765824499414,0.2615158354360752,20.259834194859536,41.0,3
131515,5.270402895934253,0.0,131.43568830042085,1.0332792011007887,1.6006068707433185,0.10315298150069982,0.04056280044645897,0.0,0.05100569892561669,0.5667764960218026,25.674007564890463,22.0,2
152648,0.872923795046736,1.0,104.24508844969459,0.9050560474853104,1.0250847906186369,0.02770197444137078,0.1028847268953419,0.0,0.09355379050258464,0.39683299385755855,26.23557970025661,46.0,3
11217,0.872923795046736,0.0,103.04221877035035,1.2083700310814445,0.5342481847143612,0.11310063945232358,0.22310681446648367,0.0,0.08608269509259017,0.10947906558311733,22.980271046387283,72.0,4
49240,1.5954046671017168,1.0,106.78492571499436,0.8924617548512922,1.3758917009694793,0.03034145949899996,0.006770706554991453,0.0,0.11617843095528736,0.4105258689230816,27.023632469193,19.0,1
58,2.81870192439919,0.0,76.9754985014055,1.3635879022326585,0.9074185780413175,0.06408679225719048,0.20303395783663156,0.1059642947024223,0.07298954199416931,0.6606790044748683,27.1570690336419,24.0,2
110507,0.0,1.0,86.38755014236102,0.4201227557391191,0.005018964125277719,0.04071676728200563,0.36969417967895124,0.14846123398764682,0.061046331132959944,0.2028513616900528,15.27280284793225,29.0,2
17103,0.0,0.0,114.91840066566918,1.4630425573980839,0.9487402689416761,0.06737279893323408,0.22841394966772371,0.0,0.06971386977315287,0.3536834419639886,20.954219729895794,12.0,1
81817,2.81870192439919,0.0,150.68009858862797,0.6785107863592905,0.3334994777967263,0.044982288551343556,0.2629821075691872,0.1467411036455671,0.0542585308030303,0.3803519932120896,28.8807377530444,22.0,2
48872,6.117892928831929,0.0,139.4594089129081,1.2290664655179893,1.3882284599771346,0.04257727432062326,0.054177532011139076,0.0009961907158109078,0.09259922813974525,0.5303703138952661,27.288119385666626,31.0,2
84127,2.81870192439919,0.0,162.93453329860088,1.1021217240069057,0.7104594698327914,0.024201689325126154,0.10359265120566807,0.0,0.0652563208801996,0.4023146165258838,27.92214923436217,6.0,1
7068,0.872923795046736,0.0,87.29541245449772,1.4048176378816764,0.4201341924731819,0.1129367836452434,0.3329739778200281,0.0,0.10741349334001439,0.5976652639695638,30.580486254553232,14.0,1
94997,3.873488880460096,1.0,77.17104792643265,0.9798822134503042,1.4006167860242422,0.0964512307573751,0.026870414285047127,1.3499303784661139e-05,0.13075335469188817,0.6685071173338719,31.015696712101924,25.0,2
11713,3.873488880460096,0.0,88.29783668765404,0.3884410579771576,0.006683555136732696,0.053799353682425805,0.3749579057766519,0.14896068948915675,0.06022968339775826,0.1751458780795015,18.250018615452237,13.0,1
42603,1.5954046671017168,0.0,152.7608869127566,0.07791048926339225,0.009639527548345354,0.03503165581756767,0.3752128331966564,0.1489105495776831,0.07824336696718033,0.042567652594862886,19.57833287763576,38.0,2
20218,1.5954046671017168,1.0,147.98175730949953,1.8410205856641353,0.7650306132434314,0.05733478202359573,0.3163930134310159,5.228955205273548e-05,0.0623879865240673,0.539272361790861,23.190442160054218,28.0,2
146030,0.872923795046736,0.0,57.35820880732719,1.116173191799425,1.3005502950795864,0.05170941569813888,0.05585783783563089,0.12105283411525036,0.12393343090235127,0.24173022192994606,26.578725792671307,15.0,1
50725,1.5954046671017168,1.0,100.36367943440548,1.8039074821054202,0.5443052610488156,0.10715144929109219,0.027789847142669463,0.0,0.07824336696718033,0.351838884233596,27.753887850053523,20.0,1
150246,4.824000686513771,1.0,105.62256689310877,1.7965377462689096,0.8729036385143312,0.11665981657753692,0.1832598522183656,0.0,0.065765824499414,0.5169896259943355,27.769236310734794,7.0,1
141710,0.872923795046736,1.0,121.35794524950258,1.1105412085910351,1.3513725909920593,0.10859994509028802,0.02129722678586382,0.0,0.13765143542788413,0.5791526678427404,28.15856135782545,21.0,2
38358,3.873488880460096,1.0,115.43645633201372,1.3230403074748542,1.2178444213202304,0.10247485139026782,0.16914742208479003,0.0,0.05566368631090581,0.6719828838800403,21.709455530393868,5.0,1
4669,5.270402895934253,0.0,87.12996183618712,1.8597430050557224,1.4006167860242422,0.03964026701337921,0.10918885741547443,8.469725937780123e-06,0.06722300668770007,0.13470623423522704,25.973762937785587,38.0,2
6103,2.234779091684268,1.0,97.50156654794274,0.7413141514439969,0.06494425015178365,0.04438898378389238,0.3741885115496235,0.0219432665386193,0.08534643612555834,0.44142678332063784,24.569520436150494,10.0,1
66175,0.872923795046736,1.0,102.72945751643518,1.837289396713911,0.449793561881308,0.11526839008088703,0.08981251686689971,0.0,0.08571582562284803,0.6029433102477434,28.803478003952243,42.0,3
138230,5.701060861471607,0.0,99.00748428911022,0.6961860220856041,0.6846787275032765,0.02997997452818506,0.29646898691495843,0.14752959621331127,0.07824336696718033,0.12792909362503982,25.317426401915426,21.0,2
101510,0.872923795046736,1.0,140.38723577991357,0.9563334199741291,1.1218625664872488,0.06070530573539059,0.1636819881963965,0.0,0.0335486020955747,0.6441179843263861,26.621259129424182,34.0,2
75096,6.117892928831929,1.0,100.05497063776845,0.7783950615769446,1.8473386702586734,0.11671255910645661,0.06468883109083569,0.13665036742839254,0.07389614600927014,0.12017050102339782,34.15772324206137,25.0,2
1546,3.3619271977508447,0.0,87.0285344768718,1.354170443691811,1.1877569186390118,0.05323185869496133,0.049764038488331344,2.0898331372340912e-05,0.07066635954166857,0.8085200343541193,24.59660986884044,10.0,1
74886,5.270402895934253,1.0,118.61960362589097,2.045180298001813,0.9760166024735442,0.06412926150774732,0.09424038591331747,3.429550594545737e-05,0.06869912804803781,0.5330424673029763,20.48571324024182,13.0,1
5155,2.81870192439919,1.0,152.92343067304506,0.9984031852273931,0.3263033999796817,0.029178943760520885,0.35690217537331775,0.0,0.0994514137349725,0.22659778538501857,25.065738972402134,28.0,2
144240,5.270402895934253,0.0,180.11491692221523,0.32465195637593663,0.2702700593198571,0.038157654766122096,0.29906579540725825,0.14774638962373376,0.07207008747600625,0.04968383011534123,25.495530043899194,9.0,1
116794,3.3619271977508447,1.0,28.762749232941097,1.6668659552267933,0.334943843105283,0.05680116751690537,0.3427068096617039,0.12180888706043436,0.06874779249788905,0.4359872512326654,24.14413242213965,9.0,1
8622,5.701060861471607,0.0,103.6985767286198,1.1105412085910351,0.8133491362738893,0.1130192548806852,0.1304347681620652,0.0,0.10741349334001439,0.41325998704410216,28.542614893064528,33.0,2
150327,0.872923795046736,0.0,76.36666909468036,0.8774664929240397,1.0729939993093416,0.07971180677246352,0.1297971916212612,0.0,0.07019179955184995,0.2028513616900528,33.066242034827035,48.0,3
134821,0.0,1.0,78.48917346920601,1.7094653201885666,0.8211903186456566,0.03737196454856716,0.2629821075691872,0.0,0.057101594944309615,0.4159926286676566,28.688697821771665,2.0,1
41656,2.81870192439919,0.0,131.4558210133662,1.4926549618789116,1.0906530470009785,0.07727921957627658,0.25385506477255376,0.0,0.10696278729458521,0.6554543597330946,29.28418117573305,22.0,2
88729,5.270402895934253,1.0,122.12634569745128,0.4024038435051266,1.6809306175645167,0.07154319726812285,0.0,0.0,0.10510074374136276,0.2671533079347595,26.31684312670827,16.0,1
113154,3.3619271977508447,1.0,114.18947938080673,1.1675486338704655,0.6413309722210081,0.11017367031918551,0.047015528188667666,0.0,0.07523239892816581,0.5508232274881332,20.08497974265314,12.0,1
139220,5.270402895934253,0.0,138.33085725010974,1.0441365530273317,0.6377667747259554,0.026953409443536608,0.28669641558679226,0.14759657025333267,0.12093734207546923,0.15304730520534188,24.235841933426446,44.0,3
58160,3.3619271977508447,1.0,166.23393681047835,1.2231336726202555,0.14912856914224387,0.02770197444137078,0.37077267711256123,0.008642366621799399,0.09162520541474937,0.4214534979133966,22.46384743912455,26.0,2
148977,5.270402895934253,1.0,118.80856699986484,1.7094653201885666,1.2131933798627534,0.0611121406770758,0.0341517760422906,0.0003485351557504206,0.05198289530985515,0.6693762543425813,22.310843376245327,39.0,2
112770,5.270402895934253,0.0,132.94944719112485,1.7965377462689096,1.4684079384441668,0.040590962981325904,0.30632479289677794,0.0,0.07948948280021469,0.8786040856397384,25.293042730285077,2.0,1
125402,6.117892928831929,0.0,98.32052292053916,0.9641501397610845,0.736606806235421,0.10011646490093588,0.23396181207368982,0.04304271098624339,0.0834609979772711,0.37117222363207886,23.889114182141185,32.0,2
19387,4.824000686513771,0.0,61.42804702717169,2.1418351341507593,0.6975233845593646,0.11209592493449108,0.18426934876289744,1.9699851740519998e-06,0.13550811454470885,0.3250138217148678,25.991023376430523,37.0,2
87301,2.81870192439919,1.0,95.98705564167547,0.7996398684795895,1.0057605767148683,0.040085503505564654,0.22516613192824542,0.0711013647450537,0.12654701746975344,0.5089451600367382,24.886798184468358,39.0,2
60080,5.270402895934253,1.0,51.51990482016891,0.24542568544294574,0.2702700593198571,0.03134499269087866,0.3605683341804634,0.14847606628565815,0.07989911657905567,0.03186954320375656,20.11440450792032,27.0,2
783,3.873488880460096,1.0,88.52688602937441,1.249954663221884,0.971798776571637,0.03345331143459896,0.0,0.0,0.07523239892816581,0.4694400923118106,27.286566407548573,53.0,3
124454,3.873488880460096,1.0,84.49266684309008,1.2083700310814445,0.986595383828515,0.11129950713727828,0.13170501708479113,0.0,0.09029545927515505,0.6248819796008633,24.87825546235949,6.0,1
148680,0.872923795046736,0.0,112.52380418314435,1.1218203956730715,0.47526536432381916,0.07366089915094279,0.2728544450274014,0.003619084405140705,0.06682402732607857,0.7204278830259115,23.49414745490016,22.0,2
6906,6.117892928831929,0.0,110.42125220861267,1.8075989478811065,0.8972092364676427,0.03373015066982788,0.1902268730920707,0.00010096104085374003,0.048827784598746087,0.6658989234852036,23.962405905613263,34.0,2
17754,3.3619271977508447,1.0,75.47936719214219,1.274062926972884,0.4849346932821102,0.11119373451883552,0.33548893733695057,0.0,0.12453212525422737,0.659808559089989,26.613230060082863,44.0,3
29666,1.5954046671017168,1.0,132.8891454087176,0.8799567951318898,1.8162515217920812,0.08463728846781318,0.0,0.0,0.13349331785811236,0.4477656398183121,30.03724254050236,54.0,3
140213,5.701060861471607,0.0,135.47861250161282,1.456507450130662,0.8972092364676427,0.09998279941324975,0.26815536298715575,0.0,0.08307607176161669,0.567661430117058,27.231914991221792,22.0,2
8067,4.359420279727952,0.0,109.15594092450185,1.826122368673923,0.5697331973345253,0.10698728321032973,0.25661306681080637,0.0,0.08644706391858864,0.7324773129381172,28.323158473139742,1.0,1
86552,5.270402895934253,0.0,125.3552634802307,0.5506329600414857,0.9259172992484815,0.025435779189136993,0.0341517760422906,0.12339515794623954,0.10133787158252591,0.11919967432341062,27.37537768849935,14.0,1
123553,5.701060861471607,0.0,127.70344478277639,1.9588977384166186,1.057646406189738,0.06697413709052649,0.04275804879042787,0.0,0.10915962010817792,0.6108510766913567,22.310101798252497,22.0,2
152218,0.0,1.0,144.1444773064051,1.2680121847925503,1.3391900932368495,0.03880600336970576,0.20757782895809845,0.0,0.12008513127007257,0.4730437411412784,26.898371997284137,23.0,2
109193,0.872923795046736,1.0,74.73244899524508,1.4467356640090427,0.973906712521262,0.07261531317345733,0.003946568074718997,0.0,0.09660065570186806,0.37759984787925627,28.924041057875716,25.0,2
129387,5.701060861471607,0.0,194.55770704180824,1.1675486338704655,1.4456428644832313,0.023656107767540582,0.00035581067466038444,0.04637627609682684,0.14279749612177614,0.351838884233596,22.31217817486894,43.0,3
50367,3.873488880460096,0.0,108.20428695548055,1.1704392993079824,1.0057605767148683,0.10793809036212502,0.2675179293847566,0.0,0.0875253578926078,0.5720839688793614,26.094956624748345,21.0,2
25032,3.3619271977508447,1.0,108.9698413881336,1.3014873780326923,1.1196203641016944,0.11114030478122258,0.29382210221966804,0.0,0.10627575941954966,0.39774701348203345,26.412890893079123,9.0,1
133364,3.873488880460096,0.0,127.17766959439167,1.1133552989984767,1.0402249611304715,0.0300524019955432,0.033160556082121574,0.11081655243372752,0.10339044157515012,0.18471915968581262,27.02884307394994,18.0,1
30815,5.270402895934253,0.0,94.84893231642073,2.1787686595395814,0.4704547534652788,0.056605864430572014,0.36721859571827453,0.0003325767810784267,0.12065670517582489,0.7100803242379972,22.865217341089288,42.0,3
94502,0.0,1.0,125.11199036788959,1.0441365530273317,1.208550416448057,0.05009339799691467,0.1133089973400213,0.0,0.07567160824092482,0.5383828155329159,30.59090053978356,6.0,1
7643,0.0,0.0,97.69589476792402,0.9228387905195625,0.1912635312528145,0.03345331143459896,0.3221090549720343,0.0395858627494188,0.10237756976806238,0.5169896259943355,27.46850246145939,38.0,2
55460,0.872923795046736,1.0,71.60227896999288,1.7273986281211327,0.8310347149247238,0.03796202019659711,0.15349925612982013,0.0,0.06971386977315287,0.32223029241841084,23.194054530836027,16.0,1
31106,0.0,1.0,124.64552743068393,1.5159190404539722,1.0402249611304715,0.09442669630209094,0.1440571078191837,0.0,0.0878799146864748,0.5152030121689768,27.7194606660217,17.0,1
126426,4.359420279727952,0.0,90.55271030386396,1.1502855016786524,1.2648001779253042,0.03925642207960421,0.3003458152426495,0.000911809992627867,0.0559533571002635,0.3922603925171521,22.76967451373485,12.0,1
127150,1.5954046671017168,1.0,138.80540854490837,0.6610483277676394,0.35387720145515056,0.03637793803600697,0.2861332159338602,0.13799351352922265,0.1110204011529758,0.05619593166395464,25.238632842763504,28.0,2
62099,6.117892928831929,0.0,178.0637936703483,1.6633439737814455,1.4557398888377278,0.06575768768239226,0.12463698198191898,0.001984806558653298,0.09999929605428569,0.5738519916568867,24.39022037806941,45.0,3
6918,4.824000686513771,0.0,91.62944288946191,1.837289396713911,0.8789540273492653,0.1038017549402223,0.26133027192518365,1.4299921879499409e-06,0.08030591854684666,0.5588056688922406,29.422203969231255,59.0,3
83157,0.872923795046736,1.0,107.27734366628131,0.8774664929240397,0.8488750374661344,0.03162939973567415,0.08629344583658606,0.0,0.12331669781090818,0.4468605662115773,25.532105653904367,29.0,2
40044,4.359420279727952,0.0,151.7210042154592,1.0037280259604542,1.1376138905461024,0.08029540932132537,0.028706613028225754,0.0,0.1260085040040869,0.26433542927204406,25.060665826537868,39.0,2
13086,0.0,1.0,115.21080968332342,0.9382217518481557,1.0489198800185926,0.03345331143459896,0.22434514853910228,0.0,0.09540627374586548,0.7436443582672503,29.41163094596219,36.0,2
73660,6.117892928831929,0.0,91.77781568023269,1.978314396768651,0.9259172992484815,0.08636722143496323,0.24566192079379473,0.0,0.08892922146119757,0.47394426546045465,24.980637394540818,45.0,3
53599,0.0,1.0,133.26094404685028,0.9589353474702558,1.1218625664872488,0.04626927926115054,0.18122637916738668,0.0,0.11700849582798221,0.639751861069095,32.16310207025193,17.0,1
145431,3.873488880460096,1.0,174.8019666983145,1.2172165115891747,0.9176762744407007,0.04379041442699696,0.05836061652265536,0.0,0.07907699494507488,0.721289365608233,24.55951307276699,46.0,3
74105,0.0,1.0,147.06588834036884,1.2710355796097998,1.0250847906186369,0.10567800055765059,0.1416366259819575,2.229981002339337e-06,0.10212019116983716,0.44595533372469104,21.73105009428383,38.0,2
15410,6.117892928831929,0.0,130.35290286634412,1.274062926972884,0.8468851234775537,0.04257727432062326,0.11736465633327059,0.0,0.1176543571357466,0.6849985289500192,21.226066499835863,19.0,1
9921,5.270402895934253,0.0,101.90520040172599,1.2710355796097998,1.3270588689493945,0.07727921957627658,0.10359265120566807,0.0,0.08190524688566762,0.44142678332063784,25.1076686179644,38.0,2
150873,4.824000686513771,1.0,39.93523523215663,1.4532460742582065,0.3234369719304924,0.047871617065426426,0.047877123713822634,0.1486383663644192,0.05408115636961933,0.1980869142931519,20.167614243186947,28.0,2
61561,0.872923795046736,1.0,105.92370944090631,1.2559580752183774,0.7460343185053053,0.08660651291880815,0.06976627626521868,0.013280431973232367,0.06050287974072933,0.1491925360676931,28.76829038621702,34.0,2
90826,5.701060861471607,0.0,71.72851311160004,1.5360221992945484,0.6920073491138415,0.04183900787932587,0.004627744608147192,0.14843120878913402,0.050882744032923,0.4477656398183121,27.28371912459049,21.0,2
36033,5.701060861471607,0.0,137.19098004786267,1.0441365530273317,1.5377163817742514,0.10452341798063405,0.08478228551326822,0.07437731585469125,0.07253143383276514,0.46853879156411365,29.399579445908095,18.0,1
43149,4.359420279727952,1.0,140.96543555829115,0.6567157965186239,1.3513725909920593,0.039448600807730404,0.09203541848258019,0.0,0.11749437973115917,0.4378010692265794,23.06202869274811,58.0,3
140259,1.5954046671017168,1.0,112.98684335636086,1.0965276954317247,0.5921017208742838,0.10200572894442908,0.2713039252323279,0.0,0.0878799146864748,0.3259413065890475,24.135694007657264,1.0,1
115339,6.117892928831929,0.0,129.6874849336345,1.6951965578252368,0.9633865604732803,0.06567548522514584,0.03826299864411534,0.00047712833185984885,0.10627575941954966,0.22470267675408148,25.966803037955717,48.0,3
12200,4.824000686513771,1.0,139.61410800267953,1.3261352750235784,1.3440569354023117,0.030629476337651843,0.10003407720918936,0.05970014375000635,0.13025302191889332,0.3757642353460366,26.373440737272162,61.0,4
45716,0.0,1.0,119.98224328611133,0.9719997127794917,1.6298375202430835,0.06697413709052649,0.006927442155667886,0.0,0.07567160824092482,0.5339328914848354,30.283553040842335,50.0,3
8250,4.824000686513771,0.0,105.80949737928272,1.8785764755549763,0.8992472401295339,0.03414355059055638,0.26910665711550336,1.70988829725638e-05,0.07298954199416931,0.5472717260619129,27.549842615057,11.0,1
116745,4.824000686513771,1.0,155.38811729966133,1.3045544042799484,1.393177598252768,0.030629476337651843,0.09129645354967957,0.009628717289747853,0.08644706391858864,0.5152030121689768,26.8029864636452,32.0,2
121400,2.81870192439919,0.0,81.97821008637027,1.5226033909488335,0.28125948326571976,0.11108650909359,0.228815907594239,0.1433083587898617,0.09600744425199255,0.18280617176269412,28.564948714572154,25.0,2
142448,1.5954046671017168,1.0,113.24397005397614,1.9319040049871248,0.3760861961379488,0.10401173324475396,0.26133027192518365,0.0,0.08823206529773955,0.40779027040891674,26.114162786598428,7.0,1
85274,0.872923795046736,1.0,128.14808947376903,0.8163577776207587,0.729098628509576,0.04379041442699696,0.049079250964874775,0.1472438889403441,0.05940416375632923,0.4468605662115773,26.451243556067542,24.0,2
86881,3.873488880460096,0.0,117.34169069490206,1.0090676336197404,1.6085535048877457,0.11942679396657177,0.33433519342319357,0.0,0.14553798174649019,0.34999362956189706,20.66110299368823,36.0,2
17158,1.5954046671017168,1.0,123.06174080252777,0.463866698007316,1.0773968561658953,0.05833953340702714,0.12135717411903511,0.0010061142608985307,0.11949950664623125,0.5941437966272379,32.97970790379249,3.0,1
82531,2.81870192439919,0.0,114.8055125882031,0.463866698007316,1.3611555555156263,0.09101297716999975,0.1071041786982304,0.13598585179506156,0.1349938898477055,0.22849210047277335,23.085517809705877,42.0,3
121737,3.873488880460096,1.0,94.50078429565332,1.2113149601562354,1.5533254571377446,0.03584231509880679,0.16478578751621065,0.0009594670121689621,0.05007913760445216,0.35460545987661984,26.093755920735703,42.0,3
26719,0.872923795046736,1.0,80.48478028501683,1.756317752022725,0.7593119202228912,0.06442553556564624,0.16478578751621065,0.0,0.1046199903677044,0.3129401677457382,27.28734290413451,4.0,1
84398,3.3619271977508447,1.0,113.39306527744465,0.6961860220856041,0.8389446157210648,0.037503497957860635,0.28528427046142996,0.0,0.08995736455673303,0.461322770147165,29.156598212225166,34.0,2
20764,0.872923795046736,1.0,102.43742422917174,1.3762010353347607,0.5903701182783821,0.11064263125178254,0.15000270958900153,0.0,0.08229821707572699,0.4468605662115773,29.7450288988533,27.0,2
96648,5.270402895934253,1.0,156.88092156306837,0.8381035217009131,0.8890765263984753,0.025435779189136993,0.23590238986591258,0.12577893261837986,0.1005400101632899,0.4568076672489063,21.963750744187088,50.0,3
122518,6.117892928831929,0.0,126.4896473122366,0.897488732723847,1.5325301385083494,0.03925642207960421,0.005396088276318755,0.0,0.11600931508282333,0.15593612213162947,23.32643921903519,7.0,1
133527,0.0,0.0,100.096837421936,1.351039350458107,0.5292440246282983,0.11119373451883552,0.1847723004118197,0.0,0.06606978627645001,0.3259413065890475,26.639022526838968,16.0,1
76513,5.701060861471607,1.0,125.10185251943831,1.2862118976616896,1.4255484317321425,0.05431056943270107,0.0398569950795989,3.8899421919754746e-06,0.07523239892816581,0.5463834888224122,25.165278693707442,37.0,2
117671,2.81870192439919,1.0,112.73992297364657,1.635322297431103,1.2909720999978591,0.09612667909729579,0.22144278435145062,3.059642317599664e-05,0.09417957066797655,0.6927940050087114,23.34687177639753,32.0,2
6348,0.0,1.0,93.18566047094123,1.7309982986371468,0.8890765263984753,0.06318652327346878,0.1796884828622201,0.028971425077759624,0.06417444324597134,0.4495753109342876,25.144352365689162,23.0,2
23766,5.701060861471607,0.0,120.34421970172579,0.8043990271576443,0.3850791304369432,0.05271121848415356,0.29274903786299833,0.0,0.08995736455673303,0.39774701348203345,26.57095154399734,14.0,1
69946,3.873488880460096,0.0,111.24130404462436,1.2710355796097998,1.03805616547117,0.0300524019955432,0.007123257006586511,0.0017087538976432416,0.08229821707572699,0.45590417500931824,26.504345828129868,32.0,2
87979,3.3619271977508447,1.0,96.09760347054926,1.2892590495900826,0.7977581590258924,0.03550559855419764,0.24529654364002723,0.14795523970981728,0.10650624542551308,0.11045214003547281,27.161872728691183,16.0,1
78736,3.873488880460096,1.0,116.59446893697637,1.6388100440527043,0.7822887621101576,0.04899224740895944,0.1997904096162951,0.05022077303255995,0.13185708096937068,0.5650062005971751,23.433504202811605,32.0,2
42064,3.3619271977508447,1.0,115.43645633201372,1.818699770638293,1.1196203641016944,0.0916158468366306,0.08379560804947994,0.0,0.0834609979772711,0.45228862939516046,25.99918257829821,31.0,2
111885,5.701060861471607,0.0,104.0629634671408,0.9904435638128387,0.7197556293230039,0.0685487630522728,0.2292169810837569,5.949864755569108e-06,0.07610775407689287,0.3564489745952911,26.614151512390094,39.0,2
78739,6.117892928831929,0.0,136.3752359098381,1.1445618616011808,0.49792712282742835,0.10838398143894828,0.30161378407295175,0.002122612013592508,0.09747580878089683,0.15401045902161728,18.42094521309269,13.0,1
118651,0.872923795046736,1.0,72.55100779902767,1.1646618235594426,0.986595383828515,0.11696240934561096,0.16533566327191976,0.0,0.07479010183432175,0.11239761144098635,23.008465412279904,22.0,2
7978,4.824000686513771,0.0,138.7904262726729,1.7309982986371468,0.817265915439901,0.06322975991368103,0.14041716978012045,0.08129859283466698,0.10339044157515012,0.6832647885223685,25.929840797580994,46.0,3
140242,5.701060861471607,0.0,93.39181780820428,0.9279519897293446,0.7422576704438388,0.09563039090246964,0.3166178575193311,0.148710890826415,0.10533879505897356,0.6196244736187164,20.129344471651887,8.0,1
123124,4.359420279727952,0.0,106.9663805381525,1.1733338226503915,0.37758067059571104,0.024898070612616233,0.3416271961372566,0.0,0.08858182813778119,0.2943053803806194,24.613131450360125,18.0,1
101429,0.0,1.0,82.30656553813786,0.9459621033695175,0.3163008607122087,0.05328367386024081,0.34535875427473595,0.1476185191077602,0.07066635954166857,0.326868612631449,25.068069643958353,17.0,1
24094,4.824000686513771,0.0,123.08206415318816,1.1791344541649518,0.5225970518766018,0.03482762600454365,0.31273927947477687,0.0,0.08644706391858864,0.3757642353460366,25.660920868647626,32.0,2
114554,1.5954046671017168,0.0,143.9308687226987,1.0197912380668752,0.41550924816995743,0.038157654766122096,0.09055548875425853,0.09750114400311131,0.08190524688566762,0.0880137468287464,26.456398443351983,56.0,3
4507,5.701060861471607,1.0,113.1822672680697,0.9641501397610845,0.8608547809331345,0.025741511009059373,0.18020234098276874,0.0,0.07523239892816581,0.5259137815807644,29.050834045797608,51.0,3
18971,5.701060861471607,0.0,117.20867374069569,0.6763163713235399,1.5351222119478976,0.05581785744347516,0.0,0.14828992278854083,0.1457334411591818,0.4865354007105218,23.069280139916064,47.0,3
85753,1.5954046671017168,1.0,86.54785961421045,2.1787686595395814,1.0554618093302919,0.10816339972175154,0.18122637916738668,5.8098710450492795e-06,0.09195206939260495,0.6953901935688297,24.336130407356794,22.0,2
87466,2.234779091684268,0.0,131.14371428707253,1.2439669833584739,0.9633865604732803,0.07759212050764247,0.1827532997044595,0.14242408070816467,0.08307607176161669,0.41143740592545724,28.015428355636583,21.0,2
52556,1.5954046671017168,1.0,192.77231219386573,0.9615409198141054,1.802207267989014,0.047871617065426426,0.005946621798604477,0.14283152377451044,0.1362602573110338,0.31201016143727445,30.120063870790425,9.0,1
95862,4.359420279727952,1.0,113.53699268710379,0.7760517866541442,0.14791776419475403,0.041342447356368994,0.3556485036265357,0.14773597891047588,0.07160547706998972,0.13760742289418632,23.60041249616257,17.0,1
3,4.824000686513771,1.0,118.1035651223987,1.1646618235594426,0.8688796649587435,0.023890353676344383,0.21891869809742429,0.0,0.10533879505897356,0.5232380909858012,25.265915900614697,53.0,3
158370,5.270402895934253,0.0,84.84104774895542,0.6961860220856041,0.9781284470444853,0.09080883719607807,0.2272027431707757,0.0,0.13091639863629476,0.406878074585287,26.87641058188764,25.0,2
5498,4.359420279727952,0.0,136.9508332787286,1.4926549618789116,1.6512570269796654,0.053799353682425805,0.2445634442629467,0.0009961907158109078,0.07739805058592603,0.7838460522181683,24.2389275999312,38.0,2
76055,4.359420279727952,1.0,163.6810206417207,0.7231008787618839,0.9012871754952682,0.032054095044992494,0.22961717273145504,0.00681651852218226,0.08268848505094586,0.5782695745186084,29.597876786949712,49.0,3
25408,6.117892928831929,1.0,121.73968786148606,0.18134249232326047,0.035723333180926846,0.03448635494491179,0.3731517753340202,0.1481291158678292,0.0700964840406363,0.07164481603432177,27.996102776307744,58.0,3
65740,4.359420279727952,0.0,97.8639179150904,1.1133552989984767,1.2412209663588705,0.05390195258396368,0.032618562018153184,1.70988829725638e-05,0.11717145598614156,0.21711427425888152,27.805282441249226,45.0,3
22637,3.3619271977508447,1.0,162.6855952272549,0.897488732723847,0.5192843709763387,0.02239593989620502,0.29488694732514714,3.029649296280428e-05,0.13439240208889255,0.4784445662216481,23.48311624459517,17.0,1
33722,1.5954046671017168,1.0,105.21219241741312,1.6668659552267933,0.5459877684173237,0.10200572894442908,0.21201895798104362,4.349927712008107e-06,0.09227673809299898,0.44142678332063784,19.842120929604878,22.0,2
119836,4.359420279727952,1.0,85.4569154035752,1.698757269387999,0.9950936437439697,0.044982288551343556,0.1410276701496655,0.0,0.0994514137349725,0.3693342235535494,23.191020164872935,27.0,2
25398,4.359420279727952,0.0,112.57012034618242,1.3730416877687452,1.1557353982549923,0.04444855031782293,0.2791991299722246,0.0,0.08229821707572699,0.6945249250145904,21.105141805770792,38.0,2
143712,6.117892928831929,1.0,74.35586199068814,1.0853850452792237,1.4913416009490772,0.029907481693841425,0.24927322505169477,0.14492973255681252,0.10510074374136276,0.6927940050087114,27.628452994478256,35.0,2
101373,0.872923795046736,1.0,116.7275858470262,1.2172165115891747,1.2814265310363273,0.07044380416764916,0.0009985074216367666,0.1274675438649686,0.11200919934125854,0.49640736697300886,27.477262127644387,14.0,1
153747,4.359420279727952,1.0,113.57297046134141,1.1388535531640749,1.0510985468541778,0.06816008079340606,0.05248771370758104,0.005864813330088342,0.07697095147323091,0.25775370012333004,21.693439064278273,23.0,2
92613,0.0,1.0,107.75390382400728,1.1995585970342593,1.496460907685237,0.03684347528477961,0.019417686065019802,0.0,0.07523239892816581,0.6815305328788934,25.707445767794987,54.0,3
81671,5.270402895934253,0.0,55.097285855220356,1.7418233789384563,1.0510985468541778,0.04071676728200563,0.29139601967277307,0.0,0.10958238112235452,0.6345081025096693,22.8940901540948,14.0,1
136347,3.873488880460096,1.0,105.75238474182483,1.4305314995612604,0.9844757146265559,0.07296675335244636,0.17129658598427597,0.0,0.058233323792872396,0.6152394809651552,22.46192814478512,29.0,2
54450,0.872923795046736,0.0,123.40717251040533,1.3635879022326585,1.0272417610184217,0.11521531410293635,0.20257379790106939,0.0,0.08384328428839721,0.643245026323755,25.63702933845357,26.0,2
4101,1.5954046671017168,1.0,121.1950161144796,1.489348138354589,1.4280529796370869,0.0461533086282955,0.10074959601613999,0.0,0.09917475099732172,0.602063981300623,24.83716751946753,24.0,2
97159,4.824000686513771,1.0,125.55287312494393,0.6807085260360416,1.6593243330522978,0.05581785744347516,0.0,0.0,0.07207008747600625,0.44504994222165256,29.99989760828099,38.0,2
28690,2.81870192439919,1.0,123.39193579691229,1.2083700310814445,0.7958178421299469,0.06322975991368103,0.2900298579758404,0.0,0.07907699494507488,0.46763733513873956,25.10260121668205,65.0,4
68325,2.81870192439919,0.0,130.14627221465318,0.9719997127794917,1.1900592475800453,0.10152244608703388,0.006927442155667886,0.0,0.11583914795584942,0.4123487785843696,26.537201272526126,17.0,1
4985,0.0,1.0,80.35520067146888,1.3230403074748542,1.448164004953569,0.08412484604572,0.008763523448182046,1.7999876223601054e-06,0.13857475916463247,0.7178426855050967,23.967211261111597,33.0,2
22958,6.117892928831929,0.0,116.60470947091949,1.2801294904916005,1.0100410881731547,0.06235797169475681,0.030532185089493704,0.0,0.07654086052747315,0.329649459445562,24.192755102340904,53.0,3
133278,0.872923795046736,0.0,95.8606930044132,1.5059237685634277,0.3277391846994211,0.05170941569813888,0.1098800831673712,0.14823212672171301,0.10107366171887236,0.22659778538501857,28.312180427109066,27.0,2
114714,5.270402895934253,1.0,109.24897368082902,0.7830919477975231,1.550718696885937,0.10974151508476628,0.07096215520127178,0.013190475895324481,0.1427786318110103,0.1703513804874109,19.175935382409488,9.0,1
66523,0.872923795046736,1.0,114.35893579670243,0.4675905146382711,1.782635713319595,0.08660651291880815,0.0,0.13684289020449014,0.11220324037571663,0.3175874845356611,29.39133820928403,22.0,2
159634,0.872923795046736,1.0,40.048481585301225,0.32465195637593663,0.6218191154126793,0.04415019067834321,0.09203541848258019,0.003414717357647616,0.06796500054696332,0.25398849438243537,27.661803437624865,40.0,2
18094,1.5954046671017168,1.0,123.70169609655879,1.3635879022326585,1.368514367277708,0.08226457702046334,0.05333381640356864,0.013280431973232367,0.09747580878089683,0.42054376079082423,30.589583925342065,38.0,2
1018,4.359420279727952,1.0,135.44854338735715,1.7273986281211327,0.9802422468499067,0.10293027132491821,0.3556485036265357,2.6199737764642864e-06,0.07989911657905567,0.6064592478239177,25.295767953771964,2.0,1
19969,2.234779091684268,1.0,96.10813088807,0.3101469331799408,0.05763966183797736,0.028885681770251494,0.36623714085475806,0.14867831647365504,0.07389614600927014,0.06378012517286051,28.037793984148834,47.0,3
62131,0.0,1.0,76.02389905962201,0.6610483277676394,0.057314228853199534,0.06575768768239226,0.36969417967895124,0.1097187703044099,0.07207008747600625,0.2662142053083389,19.53524574942218,10.0,1
69913,6.117892928831929,0.0,75.86604213028471,1.5293044363985917,0.36863987357613676,0.03226558454660768,0.34743304895058974,0.14865178882548147,0.08823206529773955,0.22754504202061962,23.19506592668097,31.0,2
14912,3.873488880460096,1.0,118.98217111141153,1.1274828423974343,0.2923571692648311,0.02412396150938901,0.36749706392501474,0.0001339314298640528,0.07523239892816581,0.4568076672489063,23.068990111526162,33.0,2
46662,0.872923795046736,1.0,74.87428126192096,1.274062926972884,0.7216204794212896,0.11759095646116653,0.11669313372009094,0.0,0.053308042521598584,0.475744849543228,21.23480677837481,3.0,1
116399,4.359420279727952,1.0,96.5869545938532,0.5486362213143707,0.9993545321705947,0.039448600807730404,0.23743973259256684,0.13318932759442478,0.11443906789033216,0.48024360588362286,22.0227521945514,1.0,1
44263,4.359420279727952,0.0,120.8945332893204,1.0468602170294494,0.7197556293230039,0.02770197444137078,0.08682041266096152,0.055685670262276735,0.08030591854684666,0.09973583900653984,27.297047841612308,36.0,2
71912,5.701060861471607,1.0,100.82910247975546,0.2895952924904985,0.13232421621990417,0.04071676728200563,0.3699650424587189,0.14824048470688458,0.10915962010817792,0.07723916604445669,19.36062991830737,41.0,3
149248,0.0,0.0,104.92635359851843,1.7238032976844435,0.5748678265386208,0.06006617278970318,0.12135717411903511,9.546516784824073e-05,0.061316594123231004,0.15112035188052228,28.55265404205601,43.0,3
46280,4.359420279727952,1.0,136.46034610646635,0.8849480810453934,0.8648633807671563,0.052606545210827686,0.2463903411380815,0.0,0.0623879865240673,0.6423719350959114,33.28494818770168,47.0,3
10951,3.3619271977508447,0.0,178.16498457324425,1.5903688309600632,1.5979622149768788,0.04899224740895944,0.1862740142590032,0.0009961907158109078,0.065765824499414,0.6789281817495515,25.20532040730603,49.0,3
118040,1.5954046671017168,0.0,101.34646003023437,1.2231336726202555,0.6449025530655125,0.04014888271887748,0.21593067514693054,1.909860640739254e-05,0.07948948280021469,0.3398322134003418,28.564070643566595,31.0,2
30046,2.234779091684268,1.0,99.2066280175137,0.7051038664063272,0.13709321484850392,0.03684347528477961,0.375466997075387,0.14823212672171301,0.06318149722485808,0.21711427425888152,25.455934087443314,1.0,1
4260,3.3619271977508447,0.0,82.72615825338173,1.1417057923154803,0.8290620173475927,0.10270424619248793,0.1440571078191837,0.0,0.1028873097127769,0.5499355690315485,22.48259166918696,71.0,4
94657,5.270402895934253,1.0,154.71961855591655,0.6567157965186239,0.9466557329092349,0.10763012901892503,0.05248771370758104,0.14327763949295524,0.12982288277910556,0.1703513804874109,22.06237625159575,9.0,1
52492,0.872923795046736,1.0,83.65034586334043,0.9511404885049599,1.1106714973128837,0.10102452808143624,0.04476386769526602,0.1360539185263149,0.09600744425199255,0.3101496044938338,28.05278230634506,28.0,2
124465,4.824000686513771,1.0,83.67718995201375,2.121479287664249,0.6901723993940194,0.10941971488836727,0.09129645354967957,1.729988566320669e-06,0.065051498737319,0.16170797203546602,27.67475141027609,4.0,1
53296,4.359420279727952,1.0,102.20788604939635,1.5427567021324977,1.0057605767148683,0.029178943760520885,0.1847723004118197,0.0,0.10080771222471868,0.8440817409401928,27.59109357044919,33.0,2
100584,6.117892928831929,0.0,89.22948766357884,0.9563334199741291,0.7612162633794276,0.10337243046019386,0.3595134761796039,8.107487921089406e-05,0.0631288616265043,0.2999035103297946,20.94447282068234,26.0,2
1356,0.872923795046736,1.0,157.30776306211638,1.354170443691811,1.3808202212133387,0.036177528458350545,0.018473777957743368,0.14790716125883133,0.06318149722485808,0.3008358881800992,26.59045012355252,33.0,2
366,0.0,1.0,107.21516135897708,0.9330796361672831,0.9094662464472685,0.029907481693841425,0.23551596238262423,0.0,0.1125876738958727,0.7324773129381172,27.510866130846292,58.0,3
159096,2.81870192439919,1.0,134.8319154167052,0.9279519897293446,0.8231553808396798,0.032054095044992494,0.13485229153255027,0.0,0.11443906789033216,0.3110799737441455,27.706014631799178,27.0,2
1312,4.824000686513771,0.0,113.30566803205475,0.7118274915660402,1.7798483767676978,0.08754475966298475,0.0009985074216367666,0.0,0.07989911657905567,0.44867055468068734,29.240132159541695,56.0,3
102795,5.701060861471607,0.0,106.8730664146221,1.6144853188230401,0.7707663064582774,0.04103030185396514,0.3033689816821263,0.0,0.11122066945651018,0.3922603925171521,27.552285432497147,13.0,1
5455,0.0,0.0,132.6127120540863,1.1274828423974343,0.9156208630438081,0.05456451665558833,0.3018659450426701,0.0,0.09861591438912895,0.742786092544838,30.991740527242737,7.0,1
52667,3.3619271977508447,1.0,71.93151918870943,1.3952422166886544,0.3671558141896562,0.038157654766122096,0.35485671654693723,0.0,0.12644056977927082,0.6780604729547725,24.157629739676782,54.0,3
94328,3.3619271977508447,0.0,116.31792583497055,1.3354442055656686,0.8911068094754843,0.07881827414418355,0.1786570689416453,0.0,0.07907699494507488,0.3986608665711685,24.79741457193873,19.0,1
41133,2.81870192439919,0.0,151.15874679447506,0.16380977315825557,0.036250136866444876,0.0708133464056408,0.3752128331966564,0.14730585745767594,0.06344411017050605,0.10947906558311733,32.52195160150329,42.0,3
52070,0.872923795046736,0.0,174.9227510918214,0.6395173535198868,0.5309102739761682,0.02844379682282684,0.09570049597102921,0.0,0.09972625759298626,0.1818493657511305,27.456519246279115,53.0,3
85475,0.0,0.0,81.88128253184547,1.3199493399191744,1.2933635885898236,0.03530284399437761,0.14465841868461957,0.0,0.0909648244230264,0.5080505822351178,23.90851304925404,40.0,2
111289,6.117892928831929,1.0,123.07190253790299,1.698757269387999,1.2909720999978591,0.044209968103347645,0.004163906726849221,0.015153946295309568,0.06612032024679311,0.25587148181996267,25.70111095716777,13.0,1
123379,3.3619271977508447,0.0,131.87850611387915,1.814995089313839,0.9466557329092349,0.05733478202359573,0.00680989743477086,0.010827644917144066,0.05360626031774556,0.4883316765960209,26.627575927639693,15.0,1
119476,1.5954046671017168,1.0,127.46587330146379,0.6036650358901219,1.6032536372686526,0.08171337117473375,0.013712425199831665,0.018555850659359212,0.1424234952615378,0.24739195922341117,29.49798317848802,22.0,2
98871,0.0,1.0,113.14627175467943,1.4144297135629609,1.2108708886987363,0.03359185530961047,0.009298743235129485,0.0,0.09479702346996888,0.45409671780157784,27.42661008459475,24.0,2
41564,0.872923795046736,1.0,94.07854104356939,1.0251752790418884,1.0467431886384175,0.10915407460466377,0.0019940376062208094,0.0,0.11020651288205074,0.3748461739260816,27.797360139711923,29.0,2
28090,1.5954046671017168,0.0,121.29685049455576,0.7276338680333096,1.2790452321863144,0.047871617065426426,0.09424038591331747,0.1388240133778483,0.11935085950785726,0.2915038241674874,29.12281692200391,32.0,2
83360,4.359420279727952,1.0,132.76350410407545,0.8429744814568473,1.79660463980821,0.06279572776316904,0.00014996637903361436,5.049902575168399e-06,0.08268848505094586,0.8415483063097657,19.360792989703675,7.0,1
153190,6.117892928831929,0.0,119.45174192146818,0.8020177118754851,1.2933635885898236,0.032756846992377936,0.0009985074216367666,0.04439064878958389,0.09195206939260495,0.3739279421988962,28.43743525990298,26.0,2
5536,5.270402895934253,0.0,83.07558728327705,0.267985503054823,0.025475726231946983,0.037503497957860635,0.36651864368255516,0.14867831647365504,0.07066635954166857,0.040786628491622394,19.807609227769635,26.0,2
137087,5.270402895934253,1.0,96.75525156703655,0.14024060869760296,0.03068562834647795,0.04843439090520536,0.1847723004118197,0.14737848462801745,0.07567160824092482,0.020943561945788593,16.133021815338296,34.0,2
98203,4.359420279727952,1.0,73.4323460634973,1.433764130961678,1.1854566026281719,0.03414355059055638,0.09055548875425853,0.0,0.09776367429658296,0.6380044771041449,26.329972653543372,14.0,1
109031,3.873488880460096,0.0,96.06602023001864,1.1189948897666122,0.668298156335253,0.05776762020712451,0.30311965169622707,0.0,0.10186112363500793,0.3370572240184057,26.75382974760269,45.0,3
32276,4.359420279727952,1.0,100.07590434255852,0.2077507315211093,0.008311784009273881,0.03127373074081886,0.3752128331966564,0.14848343783585247,0.06546055882929112,0.1133700089043509,18.921584508529754,50.0,3
58049,3.873488880460096,0.0,121.02186955443733,1.1937037408317457,1.2671692686441056,0.03373015066982788,0.1988539897807107,0.0,0.13369182205421112,0.39774701348203345,22.895256216821238,37.0,2
87124,4.359420279727952,1.0,124.63538415967383,1.5698625629767227,0.8016444925314857,0.06931636345747896,0.020828372676946396,2.159982176275663e-06,0.05664429602242664,0.1732287102697829,23.63138727777309,13.0,1
115989,0.872923795046736,1.0,141.30422223040787,1.3168623695632067,0.48979344763555255,0.11246303557064592,0.3691499569589991,0.0,0.07697095147323091,0.30921905351352663,26.416727862980313,49.0,3
124209,5.270402895934253,1.0,124.83315664467342,0.7996398684795895,0.1887327083154206,0.03482762600454365,0.36623714085475806,0.0,0.07782218133052284,0.3684149667388865,22.080452853511527,27.0,2
24962,5.270402895934253,1.0,62.53179919281366,0.28026797556529187,0.14550100580073266,0.03134499269087866,0.35813985800982173,0.14834609522529177,0.06677399494927812,0.03484412765743814,21.062315341231415,50.0,3
131609,0.0,1.0,89.3039596479085,0.1571809461143201,0.16872201563451683,0.03414355059055638,0.3481153572284179,0.14843876050703148,0.13845494890294738,0.036825947133042346,21.245843686470213,39.0,2
53175,5.270402895934253,0.0,98.47265725449942,1.8298402910541283,0.6324343108852805,0.093155845558655,0.09129645354967957,8.40972980671969e-06,0.06494886800397695,0.601184514321482,25.69410099526197,10.0,1
114285,4.359420279727952,1.0,145.46982565130085,1.5159190404539722,1.1376138905461024,0.09018667070769226,0.1488254969080726,0.0,0.08644706391858864,0.6685071173338719,27.797999092082343,9.0,1
150552,4.824000686513771,1.0,120.85378163137749,0.8478595149544487,1.1557353982549923,0.0973955388973874,0.19838414786356615,0.0,0.13208253970582007,0.372090967206333,25.71297101394531,4.0,1
1325,3.873488880460096,1.0,117.13192336661186,1.7781902494919293,1.395655262877005,0.05918638842682127,0.06574385880311132,0.0,0.06318149722485808,0.5339328914848354,25.115884552273215,59.0,3
80248,2.81870192439919,0.0,135.39341419403922,0.5546359185885782,1.85017773398087,0.06288283098020886,0.0008090204721552558,4.839910509242408e-06,0.12229085868403589,0.25022020596358363,26.256974392478806,46.0,3
33896,0.0,1.0,134.07938278750098,1.6457983485520453,1.1241067643567022,0.04146691814450317,0.2197638288032268,0.0,0.06976181515991639,0.7599282170448584,27.93730722011839,5.0,1
2207,4.824000686513771,1.0,83.15619498587239,0.5327757286296287,0.46088154821066385,0.032054095044992494,0.3179583999527761,0.0009961907158109078,0.045552405348049455,0.3027000936330375,22.800090458309096,79.0,4
57865,0.872923795046736,0.0,90.81808413330619,0.8356733126244692,0.8448971249366763,0.09200993864114734,0.1912034946595629,0.0,0.13355984961949705,0.26433542927204406,28.59366402004936,11.0,1
19502,4.359420279727952,0.0,120.60923035571494,1.5528898930012174,1.4709477900653012,0.04239344321751032,0.033791696533971134,2.8596875436952045e-05,0.11797137715506432,0.646736059972371,23.195210409374397,18.0,1
118052,5.270402895934253,0.0,76.96463257240535,1.382531875836705,0.6975233845593646,0.0431865287142909,0.35844681225356584,0.1481114486462506,0.10718886451071041,0.5071558543350404,25.991290918832608,20.0,1
5001,5.270402895934253,1.0,119.12511199161895,1.3920585419964056,0.6865080892331454,0.037503497957860635,0.16089867049836257,0.0,0.09660065570186806,0.3481476766638229,25.298492978175876,69.0,4
48455,4.359420279727952,1.0,116.9272205081856,0.8874490702428841,0.38057483496004635,0.032054095044992494,0.3161677609044707,0.14756329632777992,0.09417957066797655,0.6205010638904588,27.487822723712206,26.0,2
131432,5.270402895934253,0.0,102.60431493592552,1.8224088628135273,0.8094399761009098,0.07296675335244636,0.23934276540465588,0.034751323415794906,0.09029545927515505,0.2999035103297946,24.879357860733563,23.0,2
83459,4.359420279727952,0.0,57.96953369527189,1.6041242390834507,1.2459205763017733,0.08954958276534362,0.16089867049836257,0.0,0.13050531086363082,0.482042029581441,29.997592819737573,22.0,2
38598,3.873488880460096,0.0,96.22392162071635,1.573269725078865,0.9238541349219103,0.11108650909359,0.006604093382448895,0.0,0.05045098283936841,0.768481093321827,29.79356268427929,9.0,1
45483,5.270402895934253,0.0,74.11011558055925,1.752687621763492,0.9823580025054448,0.11135185545816513,0.09350737751597628,0.0,0.0692325431781873,0.5366032848165226,27.544184997163708,7.0,1
9842,4.824000686513771,1.0,126.64652296867332,1.3168623695632067,0.449793561881308,0.07534654601913696,0.12135717411903511,0.01769303436637822,0.1005400101632899,0.30921905351352663,25.485363833244698,51.0,3
60709,3.3619271977508447,0.0,42.64695652980782,1.7418233789384563,1.4355790578709804,0.05009339799691467,0.0033432020500409145,0.1482488086305023,0.03369720618794504,0.8626292624718457,26.761043244001737,39.0,2
122337,3.873488880460096,1.0,95.56575428941733,1.382531875836705,0.9972231075729378,0.0614711458158501,0.0760873691556447,0.0,0.07907699494507488,0.3601339240615556,25.293724054823528,51.0,3
6517,0.872923795046736,0.0,91.99501412285692,0.7807417810472599,0.5955704093858848,0.026953409443536608,0.35129560712583835,0.0,0.10237756976806238,0.35737047171995895,24.30716515721193,66.0,4
8217,5.270402895934253,1.0,110.66890650690067,1.13316055416276,1.3513725909920593,0.029689610335349732,0.024188881320729293,0.0,0.10604378231919075,0.4050531875874435,24.049789938695476,59.0,3
13661,1.5954046671017168,1.0,98.83449726549904,1.6144853188230401,0.42477495344457195,0.1119048278669858,0.23667272982350548,0.0,0.07344443758622808,0.28496036755879967,24.90594320134667,9.0,1
158280,4.824000686513771,1.0,101.1844998388275,1.2409790360109807,0.858853361084863,0.04438898378389238,0.27192601356089097,0.0009961907158109078,0.09417957066797655,0.8220912485173626,26.187697677318212,43.0,3
35472,0.0,1.0,114.33839753885707,1.3762010353347607,0.22345519235096362,0.11944835096733981,0.35146025839216477,0.0,0.13765143542788413,0.4359872512326654,22.92774413285095,17.0,1
27015,0.0,1.0,116.36402287809189,1.2439669833584739,1.1062090211057984,0.02844379682282684,0.20211257541611768,0.0,0.0846000186739813,0.6449908092028069,25.972023081598532,50.0,3
60650,5.701060861471607,1.0,168.1740857384696,1.035987948999315,0.4529526963721108,0.11948075177113998,0.32381489060734037,0.0,0.09747580878089683,0.1133700089043509,20.336786255958007,6.0,1
74529,0.872923795046736,1.0,65.4933242200773,1.3793644304245756,1.5979622149768788,0.08754475966298475,0.018946077948171727,0.0,0.1392922545491597,0.6205010638904588,24.60896705363358,34.0,2
150344,3.3619271977508447,0.0,182.03300236283903,0.8211656767816108,1.7714992544604575,0.049490153228170956,0.00010198445267299934,0.007591546114196152,0.08190524688566762,0.16170797203546602,32.744869709672834,32.0,2
148618,3.3619271977508447,1.0,80.66290375731185,1.874800880341669,1.0272417610184217,0.1036956043327662,0.13485229153255027,2.7999700494778367e-06,0.07207008747600625,0.3684149667388865,23.487557801641913,19.0,1
126643,0.872923795046736,1.0,110.67922371532396,1.5192591302375724,1.208550416448057,0.07044380416764916,0.18173656703380087,0.0,0.11122066945651018,0.8449259926732132,29.803067987012103,32.0,2
64034,4.824000686513771,0.0,80.0527323635438,1.2201731395132756,1.1376138905461024,0.1092211821840213,0.32486877333512926,0.0,0.1110204011529758,0.6205010638904588,25.566210842997112,57.0,3
123337,4.359420279727952,1.0,118.17000398257059,0.2007101649540725,0.022471575579265417,0.03577509228302261,0.36623714085475806,0.14840837001970544,0.07739805058592603,0.03662780962471658,24.95451853493098,10.0,1
7218,0.872923795046736,1.0,64.45816035134136,0.5606640996118144,0.48009200488394477,0.032054095044992494,0.2797896221963635,0.09502637586531855,0.07253143383276514,0.2980382035009999,18.63652475398204,61.0,4
146280,6.117892928831929,0.0,115.18003478999132,0.7948945864056484,0.5869123931257155,0.09018667070769226,0.16201610323787796,0.0,0.06727271957900667,0.4477656398183121,22.903708975525745,24.0,2
18584,0.0,1.0,111.50930931815344,1.0278728688856018,1.2016011071995636,0.06737279893323408,0.18071497178150703,0.005606611543619788,0.08229821707572699,0.3739279421988962,22.89204944805146,39.0,2
23913,0.872923795046736,1.0,116.85556239819265,1.1360051413715428,1.3857569851549003,0.03345331143459896,0.0341517760422906,0.0,0.11334218617191304,0.5738519916568867,24.000830539547977,60.0,3
63697,3.873488880460096,1.0,140.83088496856385,1.4240785193695762,1.319804715011444,0.10224203121314437,0.02502350614647099,0.0,0.12344151675057939,0.6152394809651552,22.52343832855234,46.0,3
62830,4.359420279727952,1.0,83.40332257804417,1.1878644052004304,1.1151419433655108,0.09692880978339921,4.9896278769594503e-05,0.00023279274096725162,0.13123702703825046,0.35921294629456185,20.63282630771767,12.0,1
37776,0.872923795046736,0.0,124.6810279488116,1.4305314995612604,1.331905210558965,0.115548624909375,0.053249313701472345,0.0,0.12242178962049771,0.5454951065995263,30.98687658195807,41.0,3
78299,2.81870192439919,0.0,85.10889433089547,1.2831687122254798,0.8251223509347365,0.02770197444137078,0.24529654364002723,0.14803011878439143,0.09660065570186806,0.4423328122524797,21.33247266303789,30.0,2
29988,2.81870192439919,0.0,120.95056360947808,1.8335626327890615,0.7574094640680615,0.11119373451883552,0.3046086394461067,0.0,0.13511032793040229,0.23227835647910366,24.606745846982417,4.0,1
3555,1.5954046671017168,1.0,68.59061138046054,2.0332846826395863,0.6324343108852805,0.10915407460466377,0.131070708116066,0.0009961907158109078,0.07523239892816581,0.7419277041759904,28.77191032756947,16.0,1
436,4.824000686513771,0.0,155.13256363223368,0.7299054380798758,1.2155178905375075,0.054817363853910714,0.004962882796202298,0.0,0.10510074374136276,0.2624558909370821,28.753807506793276,55.0,3
96856,4.824000686513771,1.0,104.26589983718814,0.17725810872680675,0.015170969635738246,0.038157654766122096,0.359209927422876,0.1482817668352984,0.07654086052747315,0.06840247319254529,18.672628085943593,51.0,3
891,0.0,1.0,105.80430550342062,0.9000075885026969,0.6628713893276507,0.054817363853910714,0.28037777348200726,0.0009961907158109078,0.08823206529773955,0.44052059468949495,29.018830061123193,80.0,4
141052,4.824000686513771,1.0,81.69276546112859,0.536721986690365,0.010888567016346481,0.03441791698119191,0.3753400103877654,0.1485484678378855,0.0834609979772711,0.16939184884033198,26.665981176690714,37.0,2
148239,6.117892928831929,1.0,69.26391964564237,1.4112216109464688,1.6539440066230873,0.029762299662850177,0.04029831308006696,0.14780794421992247,0.07907699494507488,0.853362300811493,28.81345495834134,42.0,3
67978,1.5954046671017168,1.0,78.81956456599012,1.1560244956058299,0.07597725091028563,0.06400174512640375,0.30729544118504715,0.14852705119053974,0.06596861017267418,0.42963382439383313,19.69012968677179,36.0,2
104751,4.359420279727952,1.0,120.28305154214864,0.8899536272626166,1.3125689770901088,0.032756846992377936,0.1796884828622201,0.0,0.12331669781090818,0.5614638976786368,29.619540979940517,26.0,2
116108,4.359420279727952,1.0,123.5595248427319,1.1907821343351075,0.9760166024735442,0.08226457702046334,0.131070708116066,0.0,0.0807099107755365,0.41963386075746517,20.16539242901712,32.0,2
24628,4.359420279727952,0.0,48.145192724934184,0.4920930517323875,0.31062274053913125,0.05328367386024081,0.3381352494969032,0.0,0.1382096979464234,0.18854264528804643,16.80533456938,5.0,1
99592,0.872923795046736,1.0,121.2306595399302,1.0577922600757719,1.6351796831827423,0.02650100576761306,0.00015396456219550728,0.14820684681572685,0.09386772939038489,0.20856198321458377,28.81158445925416,22.0,2
118083,1.5954046671017168,1.0,93.23852752628665,0.7073417138831405,0.7347269443802338,0.08997598537939895,0.35195260131748,0.000569756483976877,0.08823206529773955,0.24173022192994606,19.445629369772895,12.0,1
125986,3.3619271977508447,1.0,134.0542879628128,0.9825170437964712,0.7012100698643479,0.08636722143496323,0.2905779107542213,0.012377812595437692,0.11479565148345594,0.16651198557114857,26.904383113651733,30.0,2
84325,4.359420279727952,1.0,116.62519015284569,1.232038730877049,0.8211903186456566,0.10115040624203152,0.2777125758922266,0.0,0.11935085950785726,0.5143094816331635,23.293318594402912,44.0,3
11429,4.359420279727952,1.0,136.40527567143073,0.318177144217186,0.42787759020018756,0.036177528458350545,0.2995792592214203,0.015947865155063325,0.0912961293942096,0.25022020596358363,28.60682384091543,31.0,2
108245,2.234779091684268,1.0,151.2820744934723,1.382531875836705,0.8448971249366763,0.030485597741861343,0.1765793395003656,0.14662127244897616,0.10510074374136276,0.23417030061314106,24.19022722846969,46.0,3
158148,2.81870192439919,1.0,176.2747210283825,0.5728062043937142,1.0489198800185926,0.03414355059055638,0.11870244613380132,0.0,0.13791378333719279,0.25681268701775833,30.69383530639803,19.0,1
147487,3.3619271977508447,0.0,28.36292184080287,1.2831687122254798,0.448216650415155,0.07759212050764247,0.3168422941571802,0.14659064762779658,0.08644706391858864,0.5658914195524049,28.17198627190025,10.0,1
114393,2.81870192439919,1.0,100.77682308203774,1.1445618616011808,1.3440569354023117,0.1035886709897732,0.10429869371523375,0.0,0.14050625074998277,0.23984141670888795,26.40376002683745,30.0,2
9943,0.872923795046736,0.0,95.30230631433999,1.4240785193695762,0.8608547809331345,0.09495055493920068,0.15864721974158413,0.0,0.1005400101632899,0.5214535572646147,23.187118443833125,15.0,1
26131,0.0,1.0,84.51411157259345,0.7163267310388866,0.9781284470444853,0.05728648091811103,0.18122637916738668,0.0,0.1279740703260935,0.6693762543425813,25.841978848364707,56.0,3
20515,6.117892928831929,1.0,85.21599930765011,1.8937234471278688,0.5375933159347819,0.11734577259546321,0.17076124987887595,5.369889837231397e-06,0.06747121786729587,0.551710741535826,30.641620465595096,54.0,3
29298,0.0,1.0,165.0653655827464,0.894973455755926,1.6218401523063755,0.0431865287142909,0.04822107664482468,0.0,0.1005400101632899,0.5729680510664715,23.726139797414422,76.0,4
61642,4.824000686513771,1.0,81.14841082247953,1.3261352750235784,0.31915017287557573,0.044982288551343556,0.2201849767037353,0.1482488086305023,0.0692325431781873,0.20951304419171235,27.547013905121286,32.0,2
136267,1.5954046671017168,1.0,110.98351957044436,1.6598262815654952,1.0906530470009785,0.04843439090520536,0.12267420854969888,2.1998151110921453e-05,0.09747580878089683,0.4004880737342039,23.47580793315322,15.0,1
133851,3.3619271977508447,1.0,104.16704045765628,1.3667351240154904,0.4914166057609313,0.09546239530113286,0.2351286933140305,0.002965912600349943,0.07610775407689287,0.45771100209068194,28.50670519218162,9.0,1
55310,5.270402895934253,0.0,79.81496448244314,1.1966292274711101,1.0973079588623809,0.10770794092542646,0.19458579580402588,0.0,0.12093734207546923,0.6047015544677911,26.035142594540964,34.0,2
138103,4.824000686513771,1.0,172.77582901853634,1.0251752790418884,1.3734305307687875,0.02672751500031876,0.0005435580246609837,0.14795523970981728,0.11717145598614156,0.1065584841555173,21.714893281351316,30.0,2
103320,4.359420279727952,1.0,124.76723747005238,0.4564555043992068,0.40020676244095,0.02627387989249491,0.34879317068115623,0.013729197166331633,0.12567774876200102,0.11239761144098635,16.848453707832967,9.0,1
11035,3.873488880460096,1.0,109.67781174230285,1.440241690388494,0.5392685908845773,0.09296857348240582,0.21376733495324746,0.0,0.09195206939260495,0.23038562363391338,21.545895569553505,31.0,2
141365,0.0,1.0,97.61186772261843,1.7635911034941345,0.8870481719091188,0.0853906261142464,0.10074959601613999,0.0009961907158109078,0.11634650289624089,0.5035754392914052,26.66821593942041,16.0,1
48111,5.701060861471607,0.0,174.71982646867133,1.4532460742582065,1.558545279477859,0.050636785623080244,0.011788166338059581,0.14802089407464414,0.13245002823797614,0.2426743316518963,28.4344154391592,1.0,1
17032,4.359420279727952,1.0,79.20387000936769,0.9101188546911463,1.2529852016303604,0.11204863260618833,0.1832598522183656,0.096894553979929,0.14102071554914306,0.5605779646133879,24.21690134131807,33.0,2
61798,2.234779091684268,0.0,139.37456348948862,0.7783950615769446,0.9993545321705947,0.03134499269087866,0.005946621798604477,0.10288698952167864,0.07253143383276514,0.29337171326094935,30.763519456861154,5.0,1
127129,1.5954046671017168,1.0,112.48263197156814,1.8002204158456978,0.895173163886735,0.1130192548806852,0.1696866721569423,0.0,0.06556245931881248,0.5976652639695638,31.691446699736876,17.0,1
3241,0.872923795046736,1.0,83.5322172809828,1.756317752022725,0.811393604128813,0.09121551619797047,0.008880373055813805,0.005864813330088342,0.10829773278800112,0.4622253199987333,24.503587817366085,16.0,1
72454,5.701060861471607,0.0,102.17136182484742,1.5226033909488335,0.9633865604732803,0.0756753591574628,0.12135717411903511,1.279937411147837e-05,0.06297072826400497,0.4232724839940975,23.190442160054218,12.0,1
75515,3.873488880460096,0.0,119.66602335800879,1.5159190404539722,1.2814265310363273,0.11458463290479251,0.09570049597102921,0.0004233140466536829,0.0834609979772711,0.7169807027788505,23.918845330146155,18.0,1
151682,0.0,1.0,120.0587301820534,0.19512468434154356,0.08840790652855,0.04899224740895944,0.37457407629954614,0.14889344355298073,0.07344443758622808,0.029488267891764463,26.97148874113855,26.0,2
24525,3.873488880460096,0.0,130.2470735189115,0.870016916351664,0.4139711117068804,0.032756846992377936,0.1642345639618373,0.12381015704961333,0.10510074374136276,0.17802005621458933,22.380033867856604,41.0,3
135374,5.270402895934253,0.0,156.9496199347004,1.071541642188199,0.5817394956459299,0.038157654766122096,0.2559278880813097,0.0,0.09355379050258464,0.3287226888922308,24.31822228147916,19.0,1
3832,3.3619271977508447,1.0,128.35517801805977,1.0937363611747035,0.5028288081559448,0.03880600336970576,0.24234522406641582,0.14766186378149912,0.0846000186739813,0.38768360549391373,27.479966934029157,40.0,2
16274,0.0,1.0,117.9808947122021,1.3292342453589678,1.103980770181698,0.040085503505564654,0.06574385880311132,0.0,0.11935085950785726,0.6537117577120378,23.90483233016134,59.0,3
135283,0.0,1.0,172.15134475704167,1.7382106712178036,0.776519017031305,0.08636722143496323,0.22060518339361856,0.0,0.06474316603131854,0.5941437966272379,28.49225726472286,55.0,3
50643,5.270402895934253,0.0,111.11242249724464,1.563060875323366,1.234186749955301,0.07154319726812285,0.12135717411903511,0.0026331751317399616,0.08680895131871912,0.7359155443024409,22.904000412482024,8.0,1
14112,4.824000686513771,0.0,140.59163841551418,0.633122062221687,0.3880907013868155,0.026953409443536608,0.35966488890428205,0.14696849671790746,0.07389614600927014,0.18089235141197046,26.073738657256875,59.0,3
62494,3.3619271977508447,0.0,124.38176394736634,1.5192591302375724,0.6737416234012596,0.06305659167296906,0.16752177592828701,0.0,0.08384328428839721,0.4269085074607398,28.33816971817287,11.0,1
102638,4.824000686513771,1.0,67.94401442046339,1.50925136242719,1.2388742016849947,0.04597896911406768,0.34570735067700653,0.0,0.08571582562284803,0.8398587829557217,22.493066146492414,27.0,2
64296,5.270402895934253,0.0,141.75243749690026,0.32953771883083965,0.5680252931599925,0.02844379682282684,0.30777806438605254,0.14692706391224739,0.090631273449164,0.08116046522221033,24.446460507625353,36.0,2
19198,0.872923795046736,0.0,95.27595580292788,1.5226033909488335,1.4380918973981762,0.04893668168033808,0.01676774829883497,0.0,0.056758869328244754,0.25493008433871256,23.632956698041465,65.0,4
146588,2.234779091684268,0.0,39.899463859949634,1.0605346314265924,0.882997246197953,0.037503497957860635,0.1902268730920707,0.14861119938559042,0.11684452751132064,0.2690309433417808,27.021026910263398,7.0,1
131339,0.0,1.0,109.75528699941434,1.1445618616011808,1.0057605767148683,0.10127534682474977,0.2172170175632873,0.0,0.10979175009966557,0.6126068486236221,22.468276158948864,27.0,2
142281,6.117892928831929,1.0,138.10099072435133,1.573269725078865,0.5143288414977084,0.029907481693841425,0.29932277078008496,0.03672814674600689,0.07697095147323091,0.44867055468068734,25.386948202218335,44.0,3
4394,3.873488880460096,0.0,125.40086966165705,0.8774664929240397,0.4930415516733339,0.11671255910645661,0.04038650080234692,0.0,0.12429477370514681,0.5169896259943355,17.66307748299288,35.0,2
9323,4.824000686513771,1.0,98.14736363755328,0.32465195637593663,0.8133491362738893,0.043549501022233275,0.07420568102693714,0.06478752412263906,0.08995736455673303,0.03890579573189729,23.18827455547148,44.0,3
71747,0.0,1.0,89.35714849920492,0.4006482072885235,1.4180472143719791,0.04730387785758131,0.008880373055813805,0.1062102576057933,0.1173334149753333,0.35737047171995895,31.214564781597357,33.0,2
31384,4.824000686513771,1.0,108.82506588898612,0.9433783587917097,1.331905210558965,0.029907481693841425,0.014670307255570792,0.0,0.08644706391858864,0.5976652639695638,28.899408409314024,50.0,3
34779,0.0,1.0,89.66023883073237,1.310700409278527,1.0973079588623809,0.09407062608946572,0.23896380348877203,0.08525667246632279,0.11200919934125854,0.5472717260619129,21.616115988993634,23.0,2
53476,3.873488880460096,1.0,95.51307299677083,1.1274828423974343,0.6975233845593646,0.030916456657733713,0.0036202930481015706,0.14759657025333267,0.07207008747600625,0.379434781026071,21.699030618770713,7.0,1
50315,6.117892928831929,0.0,119.19146905698663,1.2201731395132756,1.2225035455976938,0.11005232819260728,0.23743973259256684,1.3599929340237007e-06,0.07907699494507488,0.49371684008158656,25.978312956667835,46.0,3
2635,1.5954046671017168,1.0,117.14727401687345,1.4926549618789116,1.2933635885898236,0.0814343853848159,0.003976213546291906,0.0,0.12910867417091867,0.5160963935823022,29.46692614889645,25.0,2
145686,4.824000686513771,1.0,113.78880290081196,1.6110273795933783,1.448164004953569,0.05133612464894548,0.034061795127305616,1.0399586813051782e-05,0.12556619701215935,0.6962553346128163,27.673725978926758,10.0,1
143606,3.873488880460096,0.0,77.69759466738681,0.9407982425356697,1.2648001779253042,0.029178943760520885,0.1796884828622201,0.09780148013539323,0.11407800504076084,0.41963386075746517,27.292907355859963,43.0,3
92539,3.873488880460096,0.0,117.39796060374366,1.5596663441426157,0.6095183704904821,0.10739334615536911,0.35309207935843534,6.538366321090688e-05,0.06702380099356973,0.45409671780157784,20.382990354996714,29.0,2
154560,0.872923795046736,0.0,108.36987767183432,1.6598262815654952,0.29096402559793827,0.10786191730577435,0.15694397548208475,0.0,0.07066635954166857,0.1971334117769646,27.929537861298844,39.0,2
31258,0.872923795046736,1.0,123.46303815648653,1.3888789288233903,1.7798483767676978,0.10520912552351953,0.04476386769526602,0.0,0.13420548908334992,0.6029433102477434,28.049734276799178,4.0,1
56404,0.0,1.0,75.30499904991875,0.5526328582336586,0.30356347791601046,0.03345331143459896,0.26363808924697757,0.14743759830632788,0.062121579541474924,0.079200284378457,27.24642691167995,48.0,3
44807,5.701060861471607,1.0,91.30078101764592,1.9089419001378047,1.0773968561658953,0.06816008079340606,0.1912034946595629,4.67991632822811e-06,0.06110046150989802,0.48294101076463797,29.549123261965697,40.0,2
129946,0.0,1.0,64.99829594346063,0.47132650642981194,0.2580359139260108,0.03414355059055638,0.3448336751049843,0.14816401752722969,0.10533879505897356,0.20665925415005007,20.60014306658639,54.0,3
86805,3.3619271977508447,0.0,113.55755161486384,1.5226033909488335,1.6620176809780942,0.05951219308668294,0.21934173687650124,0.008670391175727843,0.13493519719163047,0.4223630722672164,24.884731579038526,18.0,1
20898,5.701060861471607,1.0,150.20123228821666,1.1791344541649518,1.32222071931342,0.025435779189136993,0.029620722255763815,0.1293431579863078,0.06776790858233991,0.602063981300623,22.460746985739746,8.0,1
111780,4.824000686513771,0.0,130.80631802367793,1.1474217637968984,1.1173801565958892,0.08412484604572,0.006927442155667886,0.0,0.07567160824092482,0.38126903601002826,27.89232638941421,5.0,1
5282,1.5954046671017168,0.0,166.1073986511227,1.5972380637191486,1.450687222114931,0.06534527571603274,0.14645328997075285,0.0,0.07866163055322024,0.7014435082779047,24.656967496707484,52.0,3
104032,6.117892928831929,0.0,166.3750592254949,1.2290664655179893,1.0642120665634267,0.08199009495769913,0.1285171062526024,0.0,0.07523239892816581,0.7238730648159113,21.674239069840414,20.0,1
29462,2.81870192439919,0.0,104.77039462038383,0.6036650358901219,1.2933635885898236,0.09495055493920068,0.031713147206526224,0.0,0.13550811454470885,0.3352063471934248,29.788321693507264,36.0,2
121913,5.270402895934253,1.0,129.99504928941235,0.7299054380798758,1.6836409726368637,0.03880600336970576,0.1558014307814477,0.12902527453437898,0.12737664277608474,0.5747357907610485,24.07065127387521,65.0,4
118527,0.872923795046736,1.0,118.767713700107,1.499281057085816,1.160285808401269,0.10200572894442908,0.08455490089482158,0.0009961907158109078,0.11296729991626979,0.4595172001147029,25.9590385776026,18.0,1
96977,4.359420279727952,1.0,73.399528248014,2.3475259102088804,1.2648001779253042,0.06400174512640375,0.17183062586123532,4.649917397457823e-06,0.06448521017033985,0.8542053123215064,27.295236431749693,10.0,1
20346,1.5954046671017168,1.0,98.68768648418606,1.486045460471644,0.8270912295607865,0.10881139747315668,0.17183062586123532,0.0,0.1225519383900256,0.7074906062297831,24.58077542326315,49.0,3
42656,4.824000686513771,1.0,172.5870656643049,0.4024038435051266,0.5663192073340175,0.05786335067317735,0.0026891436195031772,0.0002787028658824511,0.13139465733721323,0.43144989461358074,32.162176926028835,12.0,1
154686,5.270402895934253,1.0,176.54493614809394,1.7855160893099271,1.5795086777003646,0.0897636276352218,0.08906753062547003,3.8099445452590564e-06,0.0308352520670404,0.8659957141519902,27.93310430741233,29.0,2
95197,4.824000686513771,0.0,97.27565613223503,1.5360221992945484,0.9012871754952682,0.04071676728200563,0.12267420854969888,0.0,0.10186112363500793,0.146299191059229,28.136768234169455,5.0,1
138205,5.701060861471607,0.0,125.07143826839341,1.104924423867234,0.74981849672868,0.10520912552351953,0.025948304091180735,0.003939573289650818,0.08534643612555834,0.3370572240184057,24.15917598173707,35.0,2
111859,3.873488880460096,1.0,138.36583213932246,0.6895327855205698,0.6182954332776928,0.04673112473458526,0.1360999778061121,0.1409617521027875,0.09630503739313614,0.34168132433451065,26.71117749200737,46.0,3
46476,6.117892928831929,1.0,140.07805806485229,1.8224088628135273,0.9929661400695023,0.0461533086282955,0.07215307736630519,0.09140365257152867,0.08927426336727629,0.6563254629183313,23.813683136826654,57.0,3
112161,0.872923795046736,1.0,126.07455146920186,1.4532460742582065,0.8349858419672646,0.07366089915094279,0.2737772756346401,0.0,0.08497450704940865,0.4775448150825342,24.61562985947131,30.0,2
22430,0.872923795046736,1.0,114.71827001674026,1.2113149601562354,1.1511930062111049,0.06279572776316904,0.3287896266763531,0.0,0.14427101624941496,0.5080505822351178,27.02558652613869,68.0,4
45246,0.872923795046736,0.0,133.1755440058993,1.6739227970966106,0.4545349207481146,0.10558557925566092,0.2982919353356223,0.01559567525595141,0.08892922146119757,0.5685462219497042,20.171740036226836,33.0,2
30783,4.359420279727952,0.0,162.11429530866698,0.7528078866341287,0.3436461415696114,0.03482762600454365,0.23551596238262423,0.12043151118854074,0.13115754517295558,0.2690309433417808,22.73117667950589,44.0,3
9449,0.0,1.0,122.97536120141153,0.38152997688973794,1.6972246861723046,0.07664561864626834,0.0009985074216367666,0.0,0.11667954399222695,0.2690309433417808,22.527417105966503,11.0,1
126884,6.117892928831929,1.0,132.88412008329334,1.670392228724202,1.1218625664872488,0.05680116751690537,0.015625372543004,0.12408277541575233,0.12665284588910405,0.7701902243557449,26.23770641145793,8.0,1
112229,4.824000686513771,1.0,115.32876921847965,1.0063959825440436,1.5979622149768788,0.058197109529434216,0.024188881320729293,0.12781195674789525,0.0878799146864748,0.2699694764964411,24.33696963203713,1.0,1
72751,5.270402895934253,1.0,123.94536385967542,0.9563334199741291,1.4887850777116909,0.039448600807730404,0.005946621798604477,0.1403031301721906,0.100270542490563,0.5241301357294121,25.698954184057367,63.0,4
37477,5.270402895934253,1.0,90.9188971719085,2.0771036036296118,0.74981849672868,0.11160832397974157,0.12267420854969888,0.0,0.07866163055322024,0.36657593878089856,27.28578989590784,21.0,2
90696,2.234779091684268,0.0,64.84801313344526,1.1560244956058299,0.8429110412156785,0.0973955388973874,0.16860685887279303,0.14744927028821977,0.12107639339864908,0.7659164955773288,31.551046659705325,35.0,2
73228,4.359420279727952,0.0,118.60938816296486,1.4630425573980839,0.5680252931599925,0.07821024105866159,0.20622559862988302,0.00020883322759001756,0.07567160824092482,0.15978487678331918,22.758993199660253,2.0,1
12545,4.359420279727952,1.0,89.75060588405273,1.5461302380608775,1.057646406189738,0.08997598537939895,0.1847723004118197,0.07345745306879374,0.11277808358501228,0.6064592478239177,27.678340215995707,23.0,2
145279,0.872923795046736,0.0,75.22324420938736,1.8484962499838813,1.0100410881731547,0.09477728604255982,0.07420568102693714,0.0,0.06637245044186935,0.5196684304319891,23.48899044107826,14.0,1
141086,2.81870192439919,0.0,123.53921275265331,0.7597450800680996,0.6218191154126793,0.045218147863641235,0.2977735712272259,0.00184685391260936,0.12511337403336176,0.03890579573189729,17.854920318854102,47.0,3
15905,5.701060861471607,1.0,60.54076940460821,1.351039350458107,0.5973074966131857,0.03177121969776521,0.26910665711550336,0.1472187256702987,0.10741349334001439,0.39043018103571125,22.75416355246094,16.0,1
29037,5.701060861471607,0.0,102.35396431054515,1.1218203956730715,0.895173163886735,0.1036956043327662,0.22310681446648367,0.0,0.07253143383276514,0.5026799590533929,27.58261550057426,57.0,3
113382,5.270402895934253,1.0,134.7566892772392,1.4728761491942823,1.32222071931342,0.10586085027058409,0.09129645354967957,0.0,0.06050287974072933,0.6213775183157527,21.10483390957191,18.0,1
52502,5.270402895934253,0.0,63.54905769652863,0.7807417810472599,0.023920244373668204,0.03710819197409395,0.37130700566282,0.1482488086305023,0.07298954199416931,0.16459101751161073,25.98165821346717,12.0,1
81406,3.873488880460096,0.0,172.00606929722045,1.1937037408317457,1.7190694846582937,0.08777467453951815,0.030532185089493704,0.12699896453563442,0.09227673809299898,0.6257577563290178,31.476577777482518,11.0,1
104781,0.872923795046736,1.0,114.17920813944393,1.1105412085910351,1.1648442414606313,0.11160832397974157,0.3170663243293415,0.0,0.06717325841193995,0.47394426546045465,26.19475070870233,39.0,2
142465,0.872923795046736,1.0,102.06177795538164,0.8163577776207587,1.4355790578709804,0.11439662883263202,0.22310681446648367,0.0,0.05973544317921986,0.7074906062297831,23.080589331000134,12.0,1
105104,5.701060861471607,0.0,182.20111669039372,1.1762322066763853,1.314978844489941,0.07261531317345733,0.09277239074984024,0.0,0.14141606730975279,0.4504799087144882,25.294541627842328,22.0,2
117915,3.3619271977508447,1.0,79.1064656343839,2.1953049267990923,0.5544274649064301,0.11416788059761676,0.09277239074984024,0.0,0.09029545927515505,0.591501237117933,26.75553487527818,29.0,2
81230,6.117892928831929,1.0,85.31773126416277,1.1077309178046657,1.0620215341973758,0.03226558454660768,0.017337427019743376,0.1473180921538684,0.13193265378338864,0.4468605662115773,25.97014930177818,7.0,1
5959,2.81870192439919,1.0,46.13591082400073,1.0826088263724851,0.8992472401295339,0.08933383591792979,0.1941059981153935,0.13929202536972024,0.1031396955853106,0.41963386075746517,25.657412324516663,44.0,3
33083,0.0,1.0,193.19149734280887,0.7643869846402107,0.5275795784089966,0.041342447356368994,0.10429869371523375,0.14172753676779876,0.07253143383276514,0.16363021503347241,28.04147806152286,16.0,1
88359,4.359420279727952,1.0,113.57297046134141,1.4048176378816764,1.6593243330522978,0.058717534870942424,0.1071041786982304,0.0,0.11334218617191304,0.42054376079082423,26.498141090176983,34.0,2
146548,6.117892928831929,0.0,137.99603343563965,1.13316055416276,1.0036232661278224,0.06737279893323408,0.2892037810752459,0.0,0.10263327184459343,0.555259355923415,26.2202905142856,21.0,2
10200,2.81870192439919,0.0,136.6605754081322,1.3667351240154904,1.0773968561658953,0.032756846992377936,0.060842390389807495,0.0,0.1225519383900256,0.7812879084874744,24.400693544301422,55.0,3
90089,0.872923795046736,0.0,69.90876059140277,1.408017586653165,0.6359874431092684,0.09258961304742667,0.19506447347566547,0.04201883238917181,0.06889357886322464,0.7547906905198852,27.301705376680566,11.0,1
100002,6.117892928831929,0.0,113.55755161486384,1.8597430050557224,1.1969783179741296,0.08386550447689363,0.0013771589676830082,0.14844628185416234,0.08030591854684666,0.7359155443024409,27.28967230357338,42.0,3
53909,2.234779091684268,0.0,122.57383602980195,1.6809968297595563,1.224836140286072,0.10139935755464843,0.3166178575193311,0.0,0.13475720148807846,0.6537117577120378,28.572474281285107,10.0,1
46466,4.359420279727952,1.0,108.22498777508646,0.7095829213622472,0.7574094640680615,0.058717534870942424,0.15058911051770973,0.0,0.08995736455673303,0.2709078202006909,21.231586956202,1.0,1
62017,2.234779091684268,1.0,101.66504802912412,1.5259518253987494,0.054067609070847594,0.06056899457987591,0.3749579057766519,0.1489105495776831,0.07434469244013149,0.6108510766913567,27.202097195376673,49.0,3
2433,5.270402895934253,1.0,116.39475278886488,1.6457983485520453,0.9929661400695023,0.052867886858076925,0.1529201254059554,0.0,0.09227673809299898,0.4595172001147029,28.060147444901233,17.0,1
117076,0.872923795046736,1.0,143.14559042459837,2.3003618671629127,0.9612883852905215,0.09692880978339921,0.006407970177793581,2.0198441271519662e-05,0.05641465063172188,0.4050531875874435,23.196510726310873,53.0,3
37642,4.359420279727952,1.0,136.44532721272014,0.9930930893391963,0.9487402689416761,0.026953409443536608,0.24529654364002723,0.0009961907158109078,0.09540627374586548,0.6763246671744051,26.869610525088927,59.0,3
684,0.872923795046736,1.0,76.73096221543945,1.8447562024754598,0.9802422468499067,0.09844389461644934,0.09277239074984024,0.0,0.12696665599738943,0.4604200635633939,29.102262810917825,64.0,4
15196,4.824000686513771,1.0,100.59381466375257,0.8724965562789044,1.160285808401269,0.0431865287142909,0.013712425199831665,0.0009961907158109078,0.0846000186739813,0.5366032848165226,30.322344052639323,53.0,3
20333,4.824000686513771,1.0,139.49933361158426,0.9459621033695175,0.5061055596071057,0.029032445208904446,0.3120422282782636,0.0,0.10080771222471868,0.5125219727084062,22.12761435114425,30.0,2
44318,4.824000686513771,0.0,94.17356931811757,1.4499888131526906,0.4341039988334495,0.11699405301934526,0.1781395052452503,0.0,0.08680895131871912,0.39957455327271907,26.097091116977996,10.0,1
8113,1.5954046671017168,1.0,86.12562005544318,0.07628403520252941,0.0060979543827586235,0.0300524019955432,0.3744457480405054,0.14770448271626585,0.06903905533154998,0.038014565068204276,19.280941739001154,60.0,3
110773,3.3619271977508447,0.0,104.0785759635872,1.9861127510729824,1.1900592475800453,0.11218955999206842,0.1781395052452503,0.0,0.06860169549037468,0.22280677295746307,22.61012756836094,10.0,1
159403,2.81870192439919,1.0,90.56332738536221,1.8112948160060567,1.088438717875863,0.06555191951057353,0.23858402162324605,0.0,0.1125876738958727,0.3610547290259492,22.160259469776847,11.0,1
24954,6.117892928831929,0.0,46.52123477615696,1.0414166221981487,0.06374017958341614,0.037700358280523115,0.3739304991678018,0.026758848443563087,0.10807879371529658,0.4658339547302879,25.957298051112605,6.0,1
95722,5.270402895934253,1.0,112.78108173745855,1.440241690388494,0.5510461517347672,0.080004802065222,0.314807612848614,0.0,0.1110204011529758,0.31479963689727203,26.420432164031737,54.0,3
62306,4.824000686513771,1.0,129.41008324231225,1.0441365530273317,0.7197556293230039,0.028885681770251494,0.003313500018673989,0.14868488297490098,0.06918422264604328,0.4694400923118106,28.313190023936993,32.0,2
98902,3.3619271977508447,0.0,138.87532275223035,1.0743027900555246,1.2529852016303604,0.11005232819260728,0.23160499351003486,2.9596653125647155e-05,0.13853502772633525,0.6082163911561125,20.112019786197276,34.0,2
73401,0.0,0.0,133.86856533512366,1.5528898930012174,1.5611583427172575,0.04052797693875132,0.10500286109376333,0.0,0.08307607176161669,0.7057634965086762,23.902142331742425,20.0,1
68818,0.872923795046736,1.0,121.31212459607511,1.249954663221884,0.971798776571637,0.03345331143459896,0.0,0.0,0.07523239892816581,0.4694400923118106,27.286566407548573,19.0,1
4098,2.81870192439919,0.0,107.95065592692148,1.8075989478811065,1.4939002107471904,0.09296857348240582,0.16089867049836257,0.0,0.06627170617944157,0.7659164955773288,29.514177965900164,48.0,3
90655,0.0,1.0,61.214818065380705,0.34933645313750256,0.5990464133621874,0.041962598355487504,0.34144619681419286,0.12311438068917709,0.13426813323762224,0.3481476766638229,20.98282408553585,20.0,1
19461,2.81870192439919,1.0,136.2700892772062,0.4237021425873922,1.550718696885937,0.03880600336970576,0.002986602388962986,0.0009961907158109078,0.11371239933650804,0.3867677441611076,29.29897739211145,32.0,2
140884,3.873488880460096,0.0,158.82734660977664,0.8625992772181287,0.6359874431092684,0.024666575841302687,0.3368200216584678,0.0,0.0834609979772711,0.2980382035009999,27.87995754898871,16.0,1
12231,5.270402895934253,1.0,112.61128798111976,0.4219109607463171,1.1129057238060638,0.0461533086282955,0.003976213546291906,0.12353430773619678,0.07697095147323091,0.20761071993731683,25.6056909827925,72.0,4
118176,2.81870192439919,0.0,102.73988508138792,0.7095829213622472,0.8648633807671563,0.05733478202359573,0.25729539104543686,0.012014854669023495,0.11389577405950702,0.6510968640924567,19.69819111116356,57.0,3
114734,4.359420279727952,0.0,92.10623376471524,1.3635879022326585,1.2155178905375075,0.10247485139026782,0.07842206986670712,0.0,0.09917475099732172,0.51341580185349,25.90222970005461,59.0,3
4592,2.234779091684268,0.0,140.79599847583626,0.5995087379969654,0.8548562783934225,0.03724019604240859,0.3223236178244389,0.0,0.08384328428839721,0.4123487785843696,20.202348530667386,43.0,3
17747,0.0,1.0,126.01378933634024,0.6939649337958178,0.07375810556328649,0.038157654766122096,0.375466997075387,0.14879263879272445,0.07298954199416931,0.3684149667388865,26.008409743422764,44.0,3
105426,0.0,0.0,86.10423299740476,0.7073417138831405,0.556120840764112,0.10064118982096132,0.11194284909103239,0.0,0.12845635323811264,0.35921294629456185,26.665981176690714,19.0,1
17007,6.117892928831929,1.0,90.06413214971317,1.5461302380608775,1.236529463082332,0.049158652597458004,0.0014169920429687789,0.1441111031263637,0.07298954199416931,0.06712447731604322,27.032880822237388,12.0,1
28413,2.81870192439919,1.0,122.84323442115618,0.9930930893391963,1.2155178905375075,0.03134499269087866,0.054177532011139076,0.004905852458809698,0.06370578415960063,0.5897388344096739,29.382726272866012,4.0,1
69076,2.81870192439919,1.0,107.14779137495086,1.249954663221884,0.971798776571637,0.03345331143459896,0.0,0.0,0.07523239892816581,0.4694400923118106,27.286566407548573,55.0,3
84004,5.701060861471607,0.0,99.65187469299558,1.0063959825440436,1.2459205763017733,0.11378673119378105,0.22310681446648367,0.0,0.09804963764136568,0.677192634794403,29.123807230998448,8.0,1
68834,5.270402895934253,1.0,127.96116354991617,0.5506329600414857,0.6342099553792683,0.024589270636504634,0.31180902369825003,0.0,0.13131606348807848,0.22659778538501857,19.398600898547112,59.0,3
8503,6.117892928831929,1.0,83.55369697490636,1.6423020601527738,0.6165363485918351,0.11811173373608069,0.034960437362430756,1.3099934441073954e-06,0.13475720148807846,0.4649320304843778,23.29591178862137,1.0,1
87921,3.3619271977508447,0.0,22.97878613428628,0.8187599816799841,1.4130567522589161,0.0853906261142464,0.045631865334373974,0.045719184925385015,0.13091639863629476,0.31851640614259263,27.176799439553292,51.0,3
21723,6.117892928831929,0.0,105.12385410013368,1.5664596139965252,0.8016444925314857,0.1131809531893536,0.12135717411903511,0.00028668558887329774,0.12393343090235127,0.3940899342910126,28.568084531945413,38.0,2
38374,2.234779091684268,0.0,117.54629005672463,1.6318388174675127,0.6007871602881386,0.03848255151408425,0.23278726790755302,0.03541461992470363,0.06586728965787758,0.6537117577120378,24.340745900881945,27.0,2
41799,1.5954046671017168,1.0,108.79921022465928,1.1274828423974343,1.0973079588623809,0.0614711458158501,0.1410276701496655,0.0,0.11889944029238214,0.5437179067418695,26.045830514779425,50.0,3
81735,0.872923795046736,1.0,60.70376158510032,1.338555201025666,1.6059025151258526,0.06279572776316904,0.11803442510194988,0.06915675674899666,0.10807879371529658,0.41963386075746517,28.999094650969734,51.0,3
155761,5.701060861471607,0.0,116.99375455663674,1.7745339005343035,1.2459205763017733,0.07759212050764247,0.03505015914588083,0.0,0.08961697180144913,0.5339328914848354,27.5252776629711,44.0,3
116604,0.872923795046736,0.0,131.84328977383234,1.246958858166756,1.3391900932368495,0.025435779189136993,0.006927442155667886,0.0,0.09227673809299898,0.379434781026071,24.700473900629934,59.0,3
13538,1.5954046671017168,1.0,115.24158340082238,1.2201731395132756,0.1228633469718539,0.041962598355487504,0.36322782224080397,0.02603785273729381,0.08823206529773955,0.5756194484892455,27.301576008016394,23.0,2
3257,0.872923795046736,1.0,70.9156685462672,1.6214139493243716,0.44035862382797525,0.07296675335244636,0.018473777957743368,0.14720606244196024,0.07782218133052284,0.29617216065705904,27.887736328654615,30.0,2
33395,0.0,0.0,104.51038921967178,1.4728761491942823,1.1062090211057984,0.03034145949899996,0.010724970060022793,2.079983472138345e-06,0.09804963764136568,0.37851739929939954,22.60762863833638,23.0,2
91877,2.81870192439919,1.0,112.01414612429954,1.0881650388686348,1.777063188483045,0.080004802065222,0.025301228365424994,0.004084984185076845,0.07824336696718033,0.26339575548611793,29.79429393512957,19.0,1
151645,3.3619271977508447,1.0,109.06806624498678,1.1133552989984767,0.6182954332776928,0.039448600807730404,0.2197638288032268,0.0,0.10763668424531088,0.4838398383414279,23.14663001966884,15.0,1
32941,5.270402895934253,1.0,152.16468066207676,1.0414166221981487,0.643115839399645,0.07226092540897922,0.2247560956944594,0.0,0.10915962010817792,0.551710741535826,27.390612273340697,46.0,3
17806,4.359420279727952,1.0,118.96685456016162,1.068784255159413,0.7086058516452183,0.10348094851633399,0.005946621798604477,0.0,0.1199400574388863,0.20380363962376757,26.58057030258677,33.0,2
137883,2.81870192439919,1.0,107.19443277776571,1.1791344541649518,0.6901723993940194,0.02349958838895857,0.09642761173667264,0.1486979383007315,0.07066635954166857,0.4838398383414279,24.611882181425276,4.0,1
7913,6.117892928831929,0.0,115.5851434904941,1.408017586653165,0.9445731428547706,0.058717534870942424,0.20847417397657522,0.0,0.07479010183432175,0.31386999284176065,27.711649701964433,57.0,3
72488,0.872923795046736,1.0,71.75595113482518,1.2142637860645362,1.54291101289386,0.10011646490093588,0.15407694726749513,0.0,0.10894620868502075,0.5809184321198676,33.77010275502457,22.0,2
32719,6.117892928831929,0.0,124.35639785665623,1.3447892366328362,0.6484815224571175,0.03684347528477961,0.2703660577561017,0.0,0.09227673809299898,0.643245026323755,21.200138156301957,64.0,4
133276,4.824000686513771,1.0,99.01272564599165,1.6457983485520453,0.7997003756155685,0.07821024105866159,0.30311965169622707,0.0,0.06637245044186935,0.2802808782739762,27.158497219646172,29.0,2
93415,0.872923795046736,1.0,76.02389905962201,1.6916401609057337,0.650273779481411,0.11765108107533133,0.06574385880311132,0.0,0.06727271957900667,0.146299191059229,23.11174278455964,21.0,2
31317,3.3619271977508447,0.0,94.27386209579932,1.2953652640842788,0.9633865604732803,0.1063065939423024,0.11669313372009094,0.0,0.09776367429658296,0.4999926128156961,24.54101998694769,9.0,1
33991,4.359420279727952,1.0,123.38685683257042,1.1617788655968144,0.9529151814138451,0.032054095044992494,0.2847155259014564,0.10180746816207006,0.09889625578485943,0.5321518963893909,26.254051593225196,58.0,3
25751,3.3619271977508447,0.0,91.47043399146987,1.7855160893099271,1.0510985468541778,0.03226558454660768,0.10640559698907252,0.004578141810149608,0.07567160824092482,0.4041404961216831,26.760518670699764,8.0,1
44981,0.0,1.0,112.90968903434293,1.4176418973042995,1.7548589521511095,0.09352603656759394,0.24159944956993276,0.0,0.14104798312749992,0.4865354007105218,28.807967925660154,6.0,1
31297,6.117892928831929,0.0,78.38622434683587,1.955027965828709,0.5225970518766018,0.11918007157681418,0.1304347681620652,0.0,0.13266566878612343,0.6449908092028069,22.834421785136943,12.0,1
52861,1.5954046671017168,1.0,136.7056212073456,1.0909488099104507,1.54291101289386,0.09692880978339921,0.1511740477018857,0.0,0.0909648244230264,0.666768452000647,22.102101809086435,43.0,3
73781,1.5954046671017168,0.0,29.721700333521326,1.1995585970342593,0.5629124880905149,0.05276348676969412,0.29274903786299833,0.1484980924115994,0.07523239892816581,0.286830856430596,25.071359753810327,9.0,1
22539,0.872923795046736,1.0,96.04496391279417,1.563060875323366,0.882997246197953,0.10530426513964988,0.0195119247825884,0.00016289854712483036,0.08111111514562246,0.5941437966272379,32.52068919299634,4.0,1
12082,5.270402895934253,0.0,144.66092466630303,0.7901631590571356,1.1762754558995927,0.025435779189136993,0.29646898691495843,0.0,0.10388706186522997,0.39591880754975406,24.231072653475024,42.0,3
52756,3.873488880460096,0.0,146.59525964829385,1.2559580752183774,0.8468851234775537,0.053799353682425805,0.2351286933140305,0.14822373451728077,0.07298954199416931,0.17418739922926474,26.979184254459234,51.0,3
56116,5.701060861471607,0.0,119.5792970152327,1.5528898930012174,1.1489248154734721,0.028073724243569836,0.18224553925865877,0.0,0.11371239933650804,0.5205610680472806,25.567969400215528,61.0,4
18572,3.3619271977508447,1.0,118.17000398257059,1.1820405678953774,0.5663192073340175,0.026953409443536608,0.3197233365022114,0.13684289020449014,0.08030591854684666,0.13760742289418632,24.328436602051447,39.0,2
19531,0.0,1.0,135.09766632502743,0.9511404885049599,1.4990236923422753,0.04438898378389238,0.09859728595086668,0.002965912600349943,0.1231911327681001,0.5383828155329159,25.757413196079938,48.0,3
13603,5.270402895934253,1.0,95.09147307255958,1.3323372212749316,0.4341039988334495,0.02404616301013809,0.35276783822708435,2.689723583522664e-05,0.06438176933966647,0.5241301357294121,19.517409267435482,50.0,3
40750,0.0,1.0,97.12325564762361,1.338555201025666,1.4380918973981762,0.09579709610988524,0.1014632060448643,0.0,0.08422295110813957,0.6038225012683465,30.86938953451053,40.0,2
4746,2.81870192439919,1.0,106.97674805571931,0.8650682795653099,0.7726819849845797,0.03345331143459896,0.09277239074984024,0.06352047346558064,0.11277808358501228,0.3315024662333718,21.952207567148058,64.0,4
38838,0.0,1.0,111.41139500452498,0.5974354268582583,0.9217929097588613,0.10567800055765059,0.1220165471564242,0.09275157909340251,0.12910867417091867,0.23889672081580507,21.179103721858223,4.0,1
69774,2.81870192439919,0.0,130.8516471497339,2.045180298001813,0.8809746737279629,0.07790245322973517,0.16533566327191976,0.07252479276527941,0.11700849582798221,0.3027000936330375,25.969881611450216,31.0,2
44401,0.0,1.0,128.955969369101,1.0881650388686348,0.8211903186456566,0.02844379682282684,0.11803442510194988,0.0,0.09417957066797655,0.2971052741693927,27.84742365478904,36.0,2
67408,1.5954046671017168,1.0,59.020240052956446,1.4016217618309161,1.4709477900653012,0.0916158468366306,0.22144278435145062,0.0,0.13742645275696636,0.6248819796008633,26.637575440481793,57.0,3
53093,5.701060861471607,0.0,135.74418152190052,1.5596663441426157,1.020776755417497,0.05223874875548161,0.03950348483126515,0.0,0.05306868496164823,0.5410510166898501,23.871546903555064,43.0,3
46354,1.5954046671017168,1.0,20.735732070781676,0.8163577776207587,0.13828948960352425,0.032054095044992494,0.3739304991678018,0.13528462654113338,0.13773979706821,0.7074906062297831,23.221496163355077,14.0,1
113847,0.0,1.0,114.31272397447682,1.1704392993079824,1.1716969445284566,0.06484573332756126,0.06468883109083569,0.0,0.07389614600927014,0.47214306179705734,26.244750305620418,46.0,3
77811,2.234779091684268,0.0,101.81123737306336,0.5850631189120629,0.010075921542028915,0.03509954398119719,0.37483015478170034,0.1274675438649686,0.0631288616265043,0.22091007236670035,22.241954177564004,47.0,3
49936,5.270402895934253,0.0,101.33601210191459,0.9459621033695175,1.5273522784822862,0.04557037994341877,0.014670307255570792,0.08211180117589235,0.11334218617191304,0.38951482378095875,28.392996624376345,11.0,1
60290,0.872923795046736,0.0,86.04006727805209,1.249954663221884,0.26345648549552336,0.09661164643050027,0.2911238442445418,0.14830613545063218,0.06971386977315287,0.11045214003547281,31.386702295530228,13.0,1
152963,6.117892928831929,1.0,128.24406328875617,1.3168623695632067,1.178567726183657,0.06616661355998277,0.20303395783663156,0.0,0.07782218133052284,0.35921294629456185,25.305577110270313,24.0,2
1008,0.0,1.0,80.44159038446891,0.9798822134503042,0.09168757832020748,0.053799353682425805,0.3749579057766519,0.14878649775854638,0.07567160824092482,0.22470267675408148,22.423223434454318,45.0,3
10960,4.359420279727952,1.0,102.84936538815906,1.433764130961678,1.2981526855390904,0.10152244608703388,0.1614580741411667,0.0,0.05681609375264097,0.38768360549391373,22.473737438095238,60.0,3
111618,3.3619271977508447,0.0,111.0814877458087,1.7309982986371468,1.3513725909920593,0.10224203121314437,0.18677221769714705,0.0,0.12777722757972032,0.6615493185898008,25.568916281645194,25.0,2
86722,0.872923795046736,1.0,146.65471942097753,0.7597450800680996,1.1308513369073827,0.029907481693841425,0.1988539897807107,0.0,0.07344443758622808,0.351838884233596,29.713416213525623,46.0,3
118880,0.872923795046736,1.0,106.15208079568879,1.8635008037178689,1.0554618093302919,0.10604107796538681,0.00637854164878654,0.0,0.1436673607655774,0.7341966756319006,19.36438032932871,17.0,1
15845,5.270402895934253,1.0,79.83658390888834,1.767234330366132,1.3029499461191854,0.08463728846781318,0.1304347681620652,0.02603785273729381,0.04620435854448919,0.7126689085118315,25.363153919744278,46.0,3
11463,3.3619271977508447,0.0,108.79403898638982,1.5596663441426157,1.042395729804522,0.09858915255184081,0.08606729572137231,0.0,0.07479010183432175,0.6117290310971855,29.062116522984397,32.0,2
41057,3.3619271977508447,1.0,109.65198491800297,1.0965276954317247,0.593835151024814,0.05824462509301763,0.35129560712583835,0.1481203004297145,0.07866163055322024,0.22754504202061962,24.25841726444098,26.0,2
18583,5.270402895934253,1.0,143.2350836144628,1.1762322066763853,1.1489248154734721,0.023264274728399842,0.17917339349527653,0.0,0.06474316603131854,0.5596918883888553,23.395171270551632,51.0,3
55080,1.5954046671017168,1.0,118.11889764157982,0.9563334199741291,1.0164765902676833,0.029907481693841425,0.023165805092240477,0.0,0.10388706186522997,0.4269085074607398,24.189244118170805,45.0,3
13179,2.81870192439919,1.0,131.78794708872627,0.9957462955575801,1.6485721689567856,0.03345331143459896,0.0009985074216367666,0.003939573289650818,0.08823206529773955,0.37759984787925627,25.712836261433278,74.0,4
85513,5.270402895934253,1.0,95.05457039811631,0.3971457665070668,1.8275257219533083,0.07851550707857491,0.010724970060022793,0.12297274213462288,0.12855115469138523,0.3064263084600735,30.402949469543017,21.0,2
9985,1.5954046671017168,1.0,105.3316920971541,1.1388535531640749,1.020776755417497,0.026953409443536608,0.09350737751597628,0.0,0.11315533132292098,0.8008731546402246,28.77852527837929,52.0,3
116737,1.5954046671017168,1.0,123.8133856748857,0.562679835601423,1.2600680937293525,0.0461533086282955,0.15175752601352488,0.010552014101597989,0.11181393054084698,0.40870230130966556,27.977658703653972,53.0,3
130584,0.0,1.0,93.88316209640055,2.0491546563964507,0.41090010214946837,0.10482157753073958,0.1410276701496655,0.057430635859968215,0.07298954199416931,0.28870060070904596,26.942519336529763,8.0,1
105968,3.3619271977508447,1.0,88.0633728669087,1.1675486338704655,1.5325301385083494,0.0769637268850384,0.004893911463306657,2.6097397795714775e-05,0.0846000186739813,0.2615158354360752,26.633365430587908,47.0,3
137363,0.0,0.0,117.36726840465516,1.246958858166756,1.0489198800185926,0.030629476337651843,0.3229650133077943,0.010552014101597989,0.11566792219410234,0.6580672741241114,28.646779287022888,24.0,2
84995,3.3619271977508447,0.0,171.143738696884,0.9459621033695175,1.582138574210083,0.038157654766122096,0.0799678872523985,0.1464010859595497,0.07160547706998972,0.3315024662333718,28.35052784435114,5.0,1
120757,3.873488880460096,0.0,122.8940548195492,1.6633439737814455,0.8035905104059599,0.08058365006988354,0.3231780504713312,0.0011251377421421592,0.07567160824092482,0.5089451600367382,25.011406408455173,45.0,3
149620,4.359420279727952,1.0,102.57302588428975,0.9851555438001129,1.738295804622485,0.04954523409962817,0.0,0.13499334566157378,0.0909648244230264,0.5879758736035932,27.274140414049796,57.0,3
55580,2.81870192439919,1.0,140.7910145900487,0.7390256179332092,0.9908405959351675,0.029178943760520885,0.19932274257607036,0.0,0.1424234952615378,0.6702452610397654,24.122610522002933,49.0,3
114735,3.873488880460096,1.0,179.60967113457966,1.573269725078865,0.8074882515588501,0.05170941569813888,0.11803442510194988,0.14492973255681252,0.08892922146119757,0.7547906905198852,28.266975775961136,29.0,2
40926,6.117892928831929,0.0,135.3082082057221,1.6318388174675127,1.0751944363573847,0.07007114572550133,0.21463560404457743,0.0,0.06874779249788905,0.5187756442984244,24.37890594018783,35.0,2
5456,6.117892928831929,0.0,103.31316883933846,1.8522407310256643,1.2742887424067721,0.07044380416764916,0.10918885741547443,0.0,0.05901585450163812,0.8093691047507907,23.191598159979016,19.0,1
52152,5.701060861471607,1.0,121.09826210982447,1.1617788655968144,1.5874046880354733,0.03379920531112484,0.0006503671504617789,7.18980251155414e-06,0.12381154675558945,0.7359155443024409,25.98179201765359,2.0,1
23439,1.5954046671017168,0.0,136.05976112800465,1.6457983485520453,1.173985195547883,0.029907481693841425,0.10217491408483344,0.0,0.11935085950785726,0.7152563614657733,26.147217586522178,47.0,3
28202,4.359420279727952,0.0,134.22993761334692,1.7309982986371468,0.9529151814138451,0.0853906261142464,0.24963015667287333,0.0009961907158109078,0.0682595902191365,0.6823977251492471,30.857731040542816,45.0,3
15684,5.701060861471607,1.0,115.72355177076311,0.9000075885026969,1.450687222114931,0.07226092540897922,0.21764387222561646,0.0,0.06286511691039007,0.867678271931209,20.297307474193268,40.0,2
102471,0.0,0.0,91.45983199663978,0.3197916190244143,1.1511930062111049,0.04954523409962817,0.13672143769829853,0.13563996856015026,0.11684452751132064,0.2180635239145109,27.776396946044624,39.0,2
130975,3.873488880460096,0.0,116.17449609229736,1.5059237685634277,0.9135673883268748,0.052815709546380964,0.1892456434457902,4.049937338937303e-06,0.0681124523302435,0.29243786124942284,31.94495514013215,21.0,2
68601,3.3619271977508447,1.0,166.3215320560758,0.48260774743591484,1.3173907569336416,0.05531977924046881,0.2404747550200633,0.055685670262276735,0.05366577368042376,0.3203737089709441,18.736197786420416,14.0,1
41756,5.270402895934253,1.0,84.33180662586135,1.6598262815654952,0.6737416234012596,0.03550559855419764,0.16201610323787796,0.0,0.11371239933650804,0.7539340114733682,24.746556240250136,26.0,2
56317,2.234779091684268,0.0,111.47839033725985,1.437000860302872,0.8055384298711078,0.09442669630209094,0.23474058021231803,0.0,0.12464975206108977,0.6283842755198784,19.546914670312802,12.0,1
689,4.824000686513771,0.0,166.044124385409,0.7051038664063272,0.3582878358476109,0.1189432453511969,0.35890541083679917,0.14781805361170142,0.1252275809854624,0.16170797203546602,27.20430188128511,35.0,2
8205,6.117892928831929,1.0,113.52671302356464,1.3984299557000819,1.3029499461191854,0.10673658905851677,0.13795961794494901,0.001984806558653298,0.06474316603131854,0.6441179843263861,21.593383168565218,48.0,3
3317,6.117892928831929,0.0,81.38022916024646,1.3604447167824396,1.0862263751542853,0.10390712915025974,0.09715277734440843,0.0,0.1252275809854624,0.5071558543350404,28.84548996180086,79.0,4
36786,6.117892928831929,0.0,106.05866464606451,1.7166256457400175,1.6701104704372907,0.07727921957627658,0.0021033646749521063,0.14691313198618178,0.1228099104642298,0.49640736697300886,26.499593351450436,25.0,2
11590,0.872923795046736,1.0,111.44231664294801,2.081114692943841,1.1808620069999787,0.08800276332840526,0.1511740477018857,0.0,0.10133787158252591,0.7074906062297831,29.636668820449454,64.0,4
71894,1.5954046671017168,1.0,143.83646906294672,1.7166256457400175,1.2039155262962848,0.08489042627422848,0.011788166338059581,0.0,0.07697095147323091,0.5525981112890355,25.341658069177786,33.0,2
121414,2.81870192439919,1.0,114.256239229399,1.347912282370425,0.2937520101620978,0.03198347162171691,0.36721859571827453,0.043988319117168065,0.07610775407689287,0.17610414704469207,21.40926180031292,46.0,3
99924,0.872923795046736,1.0,84.72315707977091,1.8410205856641353,1.2225035455976938,0.09844389461644934,0.03153174981147281,1.439992078248363e-06,0.05589550698419186,0.4586141796681728,25.960645147087344,62.0,4
113981,0.872923795046736,0.0,141.17469990895532,1.246958858166756,0.8290620173475927,0.05531977924046881,0.27192601356089097,0.0,0.11389577405950702,0.5268053829272235,27.97613192594769,32.0,2
32327,6.117892928831929,1.0,82.15048544552472,1.277094229670491,0.2580359139260108,0.03247650422115219,0.16201610323787796,0.14827357759696985,0.07344443758622808,0.19904021217904416,28.82155949559199,5.0,1
75109,5.701060861471607,1.0,30.118955148430857,1.2083700310814445,0.4592922305015822,0.03550559855419764,0.1941059981153935,0.1354989830225169,0.07739805058592603,0.5169896259943355,27.29536582088454,9.0,1
1992,0.0,1.0,85.9972863417235,1.6951965578252368,1.3416224885557462,0.034005997818489966,0.030623186214899293,0.00024477085056525235,0.12162428428057229,0.48294101076463797,26.500781524960434,42.0,3
63862,1.5954046671017168,0.0,163.14925956298674,0.9000075885026969,0.47848134249935176,0.026122119145500968,0.12333016422336632,0.0633605835224999,0.049016659011385064,0.1356735164838955,26.511341475404976,34.0,2
89865,4.824000686513771,1.0,74.64514856454605,1.8559896484373444,0.6359874431092684,0.1036956043327662,0.09859728595086668,0.1479929896671981,0.06894210541559317,0.7195662755401635,30.274995160636625,13.0,1
119581,1.5954046671017168,0.0,64.190639283659,1.3354442055656686,0.6828512271475592,0.06931636345747896,0.06550073005010972,2.8496897247892174e-05,0.08961697180144913,0.15882300898583238,19.36356506368418,5.0,1
59873,0.872923795046736,1.0,91.79371073425338,1.347912282370425,1.2295073977449773,0.029105727562491277,0.20757782895809845,0.004172151091590085,0.05772607159203345,0.643245026323755,28.580625450866197,44.0,3
132330,2.81870192439919,0.0,90.7278694590958,1.7346023120600809,1.1129057238060638,0.09800143618007766,0.1523395503043589,0.0,0.0700964840406363,0.6292595119241615,21.72214219484675,40.0,2
104358,1.5954046671017168,1.0,92.97414941203479,0.7344587426213406,1.3857569851549003,0.06279572776316904,0.019417686065019802,0.1378194291568026,0.059955501299521215,0.5321518963893909,26.879810171155103,3.0,1
128293,1.5954046671017168,1.0,109.94119573160054,1.2201731395132756,0.7997003756155685,0.04557037994341877,0.2743894066920769,0.0,0.09718602680360759,0.4359872512326654,22.100609235165923,58.0,3
69014,2.81870192439919,0.0,142.34974220583598,1.4048176378816764,1.0358893422160114,0.032756846992377936,0.17289483365382932,0.0,0.11389577405950702,0.7991725622072491,25.11862279224329,53.0,3
59578,2.81870192439919,1.0,89.42628725576772,1.443486624022477,0.7938794242950211,0.026953409443536608,0.1642345639618373,0.08448632097646082,0.11812843327074328,0.5650062005971751,27.83746693166168,45.0,3
94891,5.270402895934253,0.0,128.7742597294346,1.6774576631672329,0.8251223509347365,0.061916456303725574,0.23317963820531065,0.059138788265392456,0.05940416375632923,0.39043018103571125,25.970684676811494,44.0,3
37000,1.5954046671017168,1.0,111.0402394942089,0.9459621033695175,1.1443944415571772,0.059651224241981105,0.0114985463733897,0.0,0.08384328428839721,0.5026799590533929,19.797488904133132,43.0,3
54757,6.117892928831929,1.0,111.0402394942089,1.5125831187873215,1.378354930922237,0.054817363853910714,0.17022461334284544,0.0,0.10388706186522997,0.553485336862008,25.38817149918004,44.0,3
155481,0.0,0.0,171.83171549805908,1.443486624022477,1.0664045786492466,0.07468068007540363,0.03594595641034841,0.12590414877297143,0.05940416375632923,0.5285881430572061,28.267481128458908,49.0,3
27192,0.872923795046736,1.0,109.62615722396981,1.1791344541649518,1.2178444213202304,0.10038079826288383,0.02129722678586382,0.0,0.11334218617191304,0.5579193060105864,29.85786579431573,62.0,4
59840,2.234779091684268,0.0,97.39124755332801,1.6144853188230401,0.7707663064582774,0.1059512892555724,0.23858402162324605,0.0,0.10894620868502075,0.5941437966272379,26.951003564133188,35.0,2
46543,2.81870192439919,1.0,103.9068200832989,1.826122368673923,1.1489248154734721,0.04165321059911105,0.13547693088861773,0.0011647880180729675,0.07434469244013149,0.659808559089989,27.408937766085995,1.0,1
117933,0.0,1.0,139.57917809795293,0.6697530468859387,1.6085535048877457,0.05728648091811103,0.017527096931831115,0.0,0.07113757653068406,0.5374931232470989,25.76320031350716,44.0,3
95988,0.872923795046736,0.0,110.04962173424427,1.1762322066763853,0.9466557329092349,0.04438898378389238,0.17395390653627266,0.003939573289650818,0.09861591438912895,0.3008358881800992,23.67430697796312,29.0,2
142701,6.117892928831929,0.0,114.9543162724944,1.1303197887629002,0.817265915439901,0.040022067903532466,0.13296876435285718,0.029517439571826915,0.10673525114395638,0.3175874845356611,24.618544453163835,28.0,2
7719,3.873488880460096,0.0,91.33259437394791,1.0853850452792237,1.2671692686441056,0.10421865593665172,0.0799678872523985,0.0,0.10763668424531088,0.42509082013318533,25.328455121185506,20.0,1
132747,6.117892928831929,0.0,133.33126760664535,0.8356733126244692,1.640530318907042,0.0719035626650213,0.023165805092240477,0.0009961907158109078,0.09972625759298626,0.6205010638904588,24.9395261936436,59.0,3
110333,6.117892928831929,0.0,164.19303328888694,0.6183139566629519,0.5800188445912715,0.032054095044992494,0.25831355985763427,0.0,0.06776790858233991,0.23795182913777405,26.35515827590091,27.0,2
143488,2.81870192439919,0.0,125.36033095100579,1.3793644304245756,1.1308513369073827,0.036177528458350545,0.2089208133144031,0.0,0.09833371298734968,0.6283842755198784,26.4090535441362,26.0,2
125885,6.117892928831929,0.0,123.25479325151441,0.8332466137621517,1.4155509487585505,0.03482762600454365,0.0341517760422906,0.0,0.10533879505897356,0.4865354007105218,26.238769723122875,59.0,3
20986,5.270402895934253,0.0,169.2424676640163,1.563060875323366,0.8211903186456566,0.09512248854355311,0.2201849767037353,0.0,0.13349331785811236,0.3647362240112409,25.25568709590394,69.0,4
77558,1.5954046671017168,1.0,72.43045855428561,1.3292342453589678,0.7517134112457518,0.10980454318077999,0.2858507883540187,0.0,0.09972625759298626,0.6064592478239177,24.63394628415351,26.0,2
107173,5.701060861471607,0.0,185.2665162287619,0.2007101649540725,0.09737343436394509,0.039448600807730404,0.3721024229341608,0.14499805992767523,0.08190524688566762,0.053631815712302196,23.905115475992833,12.0,1
114044,6.117892928831929,0.0,145.63847211002738,1.0305741753174436,1.3981349919391537,0.032054095044992494,0.10918885741547443,0.007761030056575878,0.10673525114395638,0.6353823972414456,26.416330952633228,24.0,2
130843,3.3619271977508447,0.0,125.12719692008024,1.4728761491942823,0.6484815224571175,0.11502415564634373,0.0949714230421777,0.0,0.10999979085255757,0.3674955385332786,24.776001882008643,3.0,1
120629,0.0,1.0,130.10594856273755,1.4144297135629609,1.03805616547117,0.07881827414418355,0.005946621798604477,0.005864813330088342,0.1087314302634894,0.2407859170145463,26.83376008940099,21.0,2
30892,3.873488880460096,1.0,113.08456134953674,0.8924617548512922,0.7422576704438388,0.024666575841302687,0.23278726790755302,0.14235380608008283,0.1173334149753333,0.45319275256535035,26.767730940349228,27.0,2
106858,4.359420279727952,1.0,111.10726679086811,1.580096699910016,1.1969783179741296,0.08660651291880815,0.022886213842881774,0.004713184103188875,0.10133787158252591,0.5623496876972396,23.622254709248537,33.0,2
100656,1.5954046671017168,0.0,111.19490914848524,1.6809968297595563,1.3489319860322233,0.05181565204652488,0.1892456434457902,0.0005119961094359593,0.09227673809299898,0.8076708475842831,22.901085930495462,3.0,1
142737,0.0,1.0,123.53921275265331,1.1360051413715428,1.5455114753399843,0.10823744678519129,0.18173656703380087,0.0,0.11859386596217729,0.20380363962376757,19.61731602931916,19.0,1
43111,4.824000686513771,1.0,118.84431198836698,0.8724965562789044,0.5595130343273138,0.08386550447689363,0.19601848270027006,0.09627997572786516,0.10363955969640551,0.41143740592545724,29.80209317970748,14.0,1
44944,0.872923795046736,1.0,105.22778043173291,2.0891506870158856,0.6846787275032765,0.09039569818937865,0.011208669585202388,0.03930383552554918,0.07207008747600625,0.509839587862524,25.97122004434836,21.0,2
55513,0.872923795046736,0.0,161.9628768755686,1.7818509781400034,0.6271184303094184,0.03012476416116336,0.06872581707120798,0.0,0.06464009431785825,0.8025732787674204,23.194054530836027,10.0,1
61825,2.81870192439919,1.0,61.75890530321183,2.203601153977151,0.4640655093621761,0.054817363853910714,0.3018659450426701,0.0,0.09162520541474937,0.6754565700006173,26.762879195456623,23.0,2
3126,3.873488880460096,0.0,132.2004216906095,1.1966292274711101,0.9887170107264152,0.11232767362595948,0.2272027431707757,0.005864813330088342,0.1306711400951591,0.461322770147165,21.948908767780043,33.0,2
84410,1.5954046671017168,1.0,117.59231788925922,1.8224088628135273,0.3911092445795827,0.04987470818470548,0.21420196030178915,0.0,0.08150955334797905,0.4892295852117562,20.486655499050272,47.0,3
16054,1.5954046671017168,1.0,104.70280209514937,1.2710355796097998,0.9074185780413175,0.10315298150069982,0.023445151604939436,1.629989850082615e-06,0.057272400131346886,0.48294101076463797,21.4123112290257,2.0,1
87795,0.0,1.0,113.2696781289351,0.25287793074602544,0.8789540273492653,0.03841768798409405,0.050020433388347954,0.09373936698118619,0.07610775407689287,0.10168630609411251,22.77464822082759,21.0,2
30421,3.873488880460096,1.0,93.91484910825719,1.5562760176399235,0.2117471892219363,0.037503497957860635,0.34709019681108144,0.14774638962373376,0.07434469244013149,0.3601339240615556,23.815812162271797,20.0,1
18988,0.872923795046736,1.0,67.6784912330759,1.8224088628135273,0.9887170107264152,0.06546936729812085,0.02260637757063304,0.0022209544627796395,0.07907699494507488,0.3509163440956271,30.882590916210603,38.0,2
40195,3.3619271977508447,0.0,123.97581750661301,1.4959659338530724,1.257705099064472,0.047871617065426426,0.21113880216734304,0.0,0.06971386977315287,0.7701902243557449,26.615599465025852,38.0,2
20141,3.873488880460096,1.0,116.73782470953788,1.818699770638293,0.8488750374661344,0.037765861341979366,0.02325894777531287,0.00024676709542075653,0.06417444324597134,0.6997146255147229,22.014073370498657,64.0,4
133064,2.234779091684268,1.0,94.3899715541316,1.5293044363985917,0.9929661400695023,0.037503497957860635,0.26232341760931527,0.0,0.08858182813778119,0.8034231654125819,26.594006247856576,61.0,4
159991,5.270402895934253,0.0,130.39321557144922,1.6563128757565557,0.6200563553337668,0.06387390234309578,0.28414454297905156,0.0,0.12845635323811264,0.41417103144871215,20.16920115331212,36.0,2
124872,0.872923795046736,1.0,90.25004872470709,1.357305564867754,0.22607522343651465,0.03537048937348555,0.27530300231186905,0.14823212672171301,0.029140590636395427,0.37759984787925627,28.56243989134939,28.0,2
156845,4.359420279727952,1.0,130.85668358047008,0.2942962661319116,0.7745995549638897,0.04071676728200563,0.3605683341804634,0.002965912600349943,0.0682595902191365,0.15304730520534188,23.231745057265677,39.0,2
61960,4.359420279727952,1.0,149.63816098366252,0.9957462955575801,1.8218843084598937,0.07881827414418355,0.06411915306100532,0.11468976969721568,0.10437726552568219,0.37759984787925627,32.62833190430534,14.0,1
111926,0.872923795046736,1.0,85.2641902859592,1.532661226759913,0.7234872037486205,0.05576824361275641,0.3265356852367424,0.0021619579904737134,0.056241979084732156,0.39500445441039295,29.0531899752983,5.0,1
38418,3.3619271977508447,0.0,55.27954788294857,1.338555201025666,0.8448971249366763,0.10731328807663247,0.020734519519788434,0.0,0.11122066945651018,0.7565036843130809,30.758630782449956,42.0,3
51579,1.5954046671017168,1.0,92.96357205765672,1.9705341629668967,0.6901723993940194,0.10452341798063405,0.18173656703380087,0.0,0.12093734207546923,0.5330424673029763,26.101759905235415,47.0,3
68716,1.5954046671017168,1.0,124.87371981384096,1.3168623695632067,1.0272417610184217,0.042270617362411125,0.09055548875425853,0.0004811136924331624,0.0807099107755365,0.6780604729547725,33.31667550852256,22.0,2
91392,5.701060861471607,0.0,124.71652702003978,1.7346023120600809,1.042395729804522,0.11562174646509024,0.3214630605513888,0.0,0.06971386977315287,0.6038225012683465,28.819689356022554,45.0,3
20795,5.270402895934253,1.0,140.53181766436452,1.408017586653165,1.0554618093302919,0.04071676728200563,0.1696866721569423,0.0,0.1046199903677044,0.7846985293539909,29.55525109944044,27.0,2
6773,0.0,1.0,122.80257593575698,0.8749797475547563,0.973906712521262,0.030629476337651843,0.1511740477018857,0.025231074929758734,0.0834609979772711,0.24927765074655053,24.58605433875572,43.0,3
97171,0.0,1.0,90.10131984111584,2.085130386455116,0.3291766841448014,0.11779948738696847,0.17183062586123532,0.0,0.07389614600927014,0.326868612631449,27.59019446541788,32.0,2
128723,3.3619271977508447,0.0,86.99116225422817,1.5159190404539722,0.8016444925314857,0.09060308225465417,0.12658456236904403,0.14479017562031374,0.11979409945598393,0.24833490189782328,19.68754956667945,29.0,2
62545,4.824000686513771,1.0,143.49854483243277,1.7635911034941345,1.5900409064989947,0.037503497957860635,0.003976213546291906,0.13484531646192216,0.07019179955184995,0.7005791303777831,26.637049214001017,40.0,2
19412,0.872923795046736,1.0,106.7745555374164,1.8335626327890615,0.6288885490015691,0.1035886709897732,0.10849580240222706,0.0,0.05001700446081454,0.6275089041868975,32.17501166848707,29.0,2
159409,1.5954046671017168,1.0,111.76691986090215,1.4499888131526906,1.0664045786492466,0.028738652914220033,0.13359821373595446,0.14770448271626585,0.07434469244013149,0.30735740567019904,24.73258545764814,22.0,2
94154,0.0,1.0,186.64093406606028,1.274062926972884,0.4093672276915117,0.042821623692057054,0.3070534560250145,0.0004282977832229922,0.07253143383276514,0.24550549161982108,20.087366605474013,48.0,3
22263,4.359420279727952,1.0,104.43236958179764,1.2953652640842788,0.9341893605956845,0.058717534870942424,0.28037777348200726,0.0,0.051251070043230505,0.7650613890145672,25.21569961111445,68.0,4
90816,1.5954046671017168,1.0,65.20972157769761,0.37125076488833264,1.7798483767676978,0.07226092540897922,0.0,0.13652029537356714,0.11651353817190897,0.4892295852117562,29.596040339517685,6.0,1
110754,0.872923795046736,0.0,88.37242018496136,1.3730416877687452,1.1716969445284566,0.08438210118699253,0.2044080949271225,0.1226869371427914,0.06677399494927812,0.4332653199494439,29.642661964001842,14.0,1
98732,3.3619271977508447,0.0,138.28089092465498,1.0605346314265924,1.637853941661252,0.053645120419941406,0.002659383109917205,0.0,0.06001041677208025,0.428725547103319,25.966803037955717,55.0,3
45252,5.270402895934253,1.0,186.6265748609017,0.4436023788930477,1.3513725909920593,0.05117544300866493,0.21376733495324746,0.011468359494094787,0.1151478184282261,0.5570327996307758,27.4467238639857,34.0,2
135819,1.5954046671017168,1.0,76.30139647416955,0.9641501397610845,0.4201341924731819,0.032054095044992494,0.3443059588382177,0.12367263895685356,0.1228099104642298,0.2727839400024509,21.870839940064826,35.0,2
130733,3.3619271977508447,0.0,124.72666934613586,0.7996398684795895,0.973906712521262,0.06279572776316904,0.20349305848707883,0.0,0.06318149722485808,0.646736059972371,27.679750017148784,25.0,2
138718,3.873488880460096,0.0,135.02246140761451,1.9357467418808714,1.3029499461191854,0.044090360401503007,0.1857746293957585,4.279930019765932e-06,0.04376792636987779,0.8786040856397384,27.03027587035194,1.0,1
11418,0.872923795046736,0.0,119.67622586575852,0.39017613682175256,0.8153065731672732,0.05531977924046881,0.3351056793977236,0.14348958676172113,0.1151478184282261,0.5339328914848354,25.748932801684084,30.0,2
154716,3.3619271977508447,0.0,106.05866464606451,1.0090676336197404,1.4939002107471904,0.05369657621946309,0.04082706055637783,6.218522266972268e-05,0.11828452903796835,0.24739195922341117,26.618100347915476,10.0,1
39746,4.359420279727952,1.0,67.39621058764737,1.3168623695632067,1.1580096007646004,0.10992929452804559,0.12069608348726522,0.0,0.05461212066190795,0.7829934564155167,21.73361632243423,36.0,2
99017,4.824000686513771,1.0,135.25808344574207,0.8139590618663869,0.5731544633651487,0.05359361985096533,0.12333016422336632,5.649878049790176e-06,0.06971386977315287,0.06309123986986538,22.888550809705485,62.0,4
83936,5.701060861471607,1.0,104.58840053555147,2.129607708071913,0.9760166024735442,0.07226092540897922,0.0643634370336894,0.0,0.06082941978259933,0.4694400923118106,27.288119385666626,37.0,2
83263,6.117892928831929,0.0,94.51661317287396,1.7418233789384563,0.7650306132434314,0.10731328807663247,0.12267420854969888,0.0,0.057556252481921,0.4050531875874435,22.756944342713055,27.0,2
142699,0.872923795046736,1.0,102.55216575897472,1.1937037408317457,0.9094662464472685,0.08845352666152759,0.1416366259819575,0.0,0.12121460761967925,0.5169896259943355,26.10416077540492,27.0,2
61804,3.3619271977508447,0.0,95.3497346143566,1.4827469254218961,1.7245520312708758,0.10176588683583664,0.07546152174719971,0.05896960447231652,0.09540627374586548,0.16363021503347241,27.162651651742163,2.0,1
95011,4.359420279727952,1.0,132.1903635294593,1.2054289960576283,0.5869123931257155,0.11871815025314243,0.34605478800853107,0.0,0.11315533132292098,0.5089451600367382,21.269743820128703,22.0,2
72239,3.873488880460096,0.0,145.46982565130085,1.3793644304245756,0.6975233845593646,0.05276348676969412,0.025948304091180735,0.008698409363821236,0.10741349334001439,0.4604200635633939,24.70241246824349,38.0,2
19881,3.873488880460096,1.0,73.8751828724632,1.3604447167824396,0.7104594698327914,0.03345331143459896,0.13359821373595446,0.14572896076857694,0.11935085950785726,0.3315024662333718,23.47810090199745,17.0,1
31782,0.0,1.0,101.48226910454527,1.698757269387999,0.9176762744407007,0.10673658905851677,0.2774134827438235,0.02967292528971893,0.07610775407689287,0.2943053803806194,33.31486952943088,4.0,1
8854,2.81870192439919,0.0,162.74417380430796,1.3045544042799484,1.095087666887929,0.11596747678849868,0.09570049597102921,0.0,0.13918353802812325,0.1356735164838955,26.310741023056902,44.0,3
58118,0.872923795046736,0.0,144.68574720220485,0.4731990747180825,0.5225970518766018,0.03550559855419764,0.3379483210404142,0.14818982032418188,0.11549563035956101,0.1933173511187911,28.056338055204215,37.0,2
70368,2.81870192439919,0.0,115.31851255292807,0.9126556457501946,0.736606806235421,0.039448600807730404,0.27469455038309665,0.0,0.09861591438912895,0.51341580185349,21.960453109430908,29.0,2
18675,3.3619271977508447,1.0,137.61109209506802,1.2231336726202555,0.9950936437439697,0.04071676728200563,0.2016502871049115,0.0,0.0929195560165614,0.5044707688151407,28.031441350746288,64.0,4
70161,5.270402895934253,1.0,119.53337942542403,1.3076254137645986,1.777063188483045,0.06657208594270177,0.003976213546291906,0.1438366992484712,0.0834609979772711,0.18567534203771005,29.063728060951437,54.0,3
145882,0.872923795046736,1.0,62.24632322758081,2.3389076560207305,0.4232262745791235,0.10401173324475396,0.00974571266625737,0.0,0.04282853481517823,0.7187045430626944,27.15434235466027,48.0,3
97789,2.81870192439919,1.0,91.52344133627133,1.2142637860645362,0.11934197262109546,0.10442257216654599,0.2972532295256157,8.767062468692628e-05,0.10979175009966557,0.34168132433451065,25.57175678317629,24.0,2
113078,3.873488880460096,0.0,123.47319515790748,1.0550536357269065,1.3077553750603137,0.1036956043327662,0.22393328775948465,0.0,0.13561904445718778,0.4667357229045698,25.708389159566874,16.0,1
8757,4.824000686513771,1.0,73.90250608426636,1.2142637860645362,0.9074185780413175,0.02792522605990291,0.06001745175361135,0.14845377296858217,0.08892922146119757,0.38126903601002826,30.997434236718508,30.0,2
13703,1.5954046671017168,0.0,129.2133286263581,1.5192591302375724,1.262433119818314,0.044982288551343556,0.07842206986670712,0.14808467352381494,0.08497450704940865,0.755647248105166,28.805723024593455,10.0,1
158456,0.0,1.0,142.43930690432998,1.13316055416276,1.1353577070957022,0.03345331143459896,0.13857634901143603,0.0,0.07739805058592603,0.5401617621376549,24.91172606546942,27.0,2
31848,0.872923795046736,1.0,81.53113006244696,1.5664596139965252,0.5869123931257155,0.03874142824810896,0.03861793216455963,6.978139127790245e-05,0.07344443758622808,0.461322770147165,28.182241990029013,17.0,1
128017,4.359420279727952,1.0,109.30582145611007,0.8332466137621517,1.236529463082332,0.03509954398119719,0.18726924343725465,5.848692831514935e-05,0.12215914027194473,0.5596918883888553,25.50257700241519,58.0,3
14083,0.0,0.0,107.25143499784397,0.8163577776207587,1.2671692686441056,0.0461533086282955,0.2089208133144031,0.12565298513121476,0.0834609979772711,0.3231583147981585,23.25742607519348,57.0,3
75948,2.81870192439919,1.0,157.4549112567751,0.4308966917757894,0.02755507589777812,0.041342447356368994,0.375466997075387,0.14734240458790893,0.06776790858233991,0.2699694764964411,18.81342333470403,41.0,3
39024,2.234779091684268,0.0,144.0799027548014,1.1995585970342593,1.4431238001219762,0.11704081402563,0.22557525993315777,0.0,0.060448319140414306,0.5614638976786368,20.14221233848888,5.0,1
37381,0.872923795046736,0.0,91.60294414220758,1.2559580752183774,1.5015885652972079,0.06395916717781647,0.3129707791704974,0.002201291970390375,0.07298954199416931,0.6345081025096693,29.195543393283707,5.0,1
155251,3.873488880460096,1.0,86.18977668767006,0.9589353474702558,0.9362622300425101,0.10337243046019386,0.26815536298715575,0.0,0.11843967107822272,0.379434781026071,27.998518971451542,1.0,1
98930,0.872923795046736,1.0,112.01414612429954,2.0891506870158856,0.42787759020018756,0.11029334661670147,0.0993166428042023,2.7699706877960062e-06,0.07523239892816581,0.4214534979133966,25.975770365791586,31.0,2
29656,2.81870192439919,1.0,92.00560729598666,0.13129363217098175,0.044411690558955434,0.032756846992377936,0.3633733741456922,0.14851985496221193,0.0682595902191365,0.03484412765743814,30.77031502144515,51.0,3
125946,3.873488880460096,0.0,78.7275082130856,1.573269725078865,0.6200563553337668,0.06318652327346878,0.27408364899257415,0.13690638332063543,0.07434469244013149,0.602063981300623,20.64173391365662,42.0,3
83534,4.359420279727952,0.0,114.6207523812519,1.7094653201885666,1.088438717875863,0.06235797169475681,0.1926598498780871,0.0,0.059955501299521215,0.5428290888758212,26.72627512333547,19.0,1
79881,4.824000686513771,0.0,83.89189852309785,2.005688063444212,1.2225035455976938,0.1063065939423024,0.035767003347578576,0.0,0.08030591854684666,0.5446065792778642,29.66625954842783,1.0,1
77404,0.0,0.0,90.12788113734611,1.6041242390834507,1.32222071931342,0.10176588683583664,0.13672143769829853,0.0,0.10958238112235452,0.5694308716311162,25.296585481994615,6.0,1
96539,4.359420279727952,1.0,90.89767470015873,0.9877977162194078,1.2062319625131506,0.09829752883170788,0.29803299985297993,0.0,0.06937729944019633,0.3008358881800992,22.36182421581403,7.0,1
54844,6.117892928831929,1.0,69.71594841317278,1.532661226759913,0.7384885474384946,0.11011320908121598,0.010821767172170031,0.0,0.07523239892816581,0.44504994222165256,29.804286465442214,8.0,1
30805,5.270402895934253,1.0,138.14097144690197,1.1246497122921346,1.6271696146393297,0.10520912552351953,0.1614580741411667,0.0804742532127414,0.1306711400951591,0.19904021217904416,28.051385320858095,28.0,2
49403,0.872923795046736,1.0,80.5819454955279,1.116173191799425,1.0862263751542853,0.10954978063179283,0.025393748523096872,0.0,0.1151478184282261,0.3757642353460366,33.13834817950099,60.0,3
92181,2.234779091684268,1.0,129.27891826204893,1.2953652640842788,1.2108708886987363,0.04071676728200563,0.025948304091180735,0.0,0.13091639863629476,0.6624195015311976,27.717283990846415,48.0,3
22719,0.872923795046736,1.0,83.77381851336116,1.4240785193695762,0.5783000164936618,0.10530426513964988,0.1200332692849557,0.0,0.07434469244013149,0.146299191059229,29.067570712631724,30.0,2
105093,3.873488880460096,0.0,129.33945831202323,1.277094229670491,1.0078998505255499,0.060841266472596564,0.16089867049836257,0.002250442580856329,0.12417503957929378,0.6003049092046717,28.05227431711542,39.0,2
31310,6.117892928831929,1.0,113.6654772550635,1.7238032976844435,0.9844757146265559,0.037174223482640885,0.060595151508046015,0.022276474296144128,0.09718602680360759,0.6510968640924567,26.63139183259478,57.0,3
143547,2.81870192439919,0.0,89.85690345158166,1.789185585833376,0.4704547534652788,0.11086761095635628,0.011788166338059581,0.0,0.09510266620308695,0.3342806431153462,30.99197777946748,19.0,1
3091,0.0,1.0,132.0998351453396,1.347912282370425,0.6466911138682083,0.04557037994341877,0.2589888169513536,0.0711013647450537,0.11843967107822272,0.6789281817495515,25.83983006480039,35.0,2
72026,6.117892928831929,0.0,107.15297389633076,1.3447892366328362,0.7650306132434314,0.09661164643050027,0.22186018419829656,0.0,0.09570786137811908,0.5285881430572061,21.415360366637483,30.0,2
155365,1.5954046671017168,1.0,132.72832148747787,1.563060875323366,1.1129057238060638,0.034005997818489966,0.012366637010684292,0.0,0.052285935053547644,0.2511625677425661,23.041281066077737,23.0,2
1792,4.359420279727952,1.0,124.71652702003978,1.6144853188230401,1.4255484317321425,0.10715144929109219,0.08682041266096152,0.0,0.11122066945651018,0.5116279940761842,23.01049915655352,58.0,3
144872,5.270402895934253,1.0,84.20845084003224,1.2831687122254798,0.6342099553792683,0.10452341798063405,0.339250157636579,0.001984806558653298,0.13139465733721323,0.6108510766913567,25.65214889765151,3.0,1
56569,0.0,1.0,92.18036954645764,1.357305564867754,1.1308513369073827,0.1036956043327662,0.014000086236480662,0.0,0.06717325841193995,0.529479302078413,22.464880859616624,31.0,2
3483,4.824000686513771,0.0,132.44178470263293,0.7118274915660402,0.9654866865759476,0.10621872520381574,0.011208669585202388,0.0,0.10413295990069908,0.22754504202061962,27.658854311694583,53.0,3
2523,3.873488880460096,0.0,120.58884788129477,1.6283596013417518,1.0272417610184217,0.05117544300866493,0.04126698976593212,0.002965912600349943,0.09227673809299898,0.2709078202006909,25.47709328591811,43.0,3
103853,5.270402895934253,1.0,129.33945831202323,1.4208581649724286,1.5299401608787968,0.028812200552599924,0.15637341109399755,0.0,0.09630503739313614,0.5357133001241309,23.619257565814777,16.0,1
131664,4.359420279727952,1.0,97.0339015589022,1.313779393613908,1.1017545099034765,0.09121551619797047,0.28809482449267676,0.0,0.1046199903677044,0.28496036755879967,23.197666522331087,12.0,1
159025,3.873488880460096,0.0,95.10201631833141,1.237995013338512,1.3981349919391537,0.08612600426799331,0.09859728595086668,0.0,0.13083510655997968,0.5809184321198676,22.362564639998176,58.0,3
64344,0.0,0.0,145.84180267857477,0.7185814057543572,1.7054004852858022,0.04263844285355163,0.03817420153010145,0.00027770499120979733,0.050203267509272856,0.38768360549391373,29.543117137305888,16.0,1
90038,3.3619271977508447,1.0,93.15393818321701,1.3604447167824396,0.8688796649587435,0.0614711458158501,0.1360999778061121,0.0,0.0807099107755365,0.3684149667388865,22.901085930495462,11.0,1
36875,3.873488880460096,0.0,124.28029513969739,0.2077507315211093,1.331905210558965,0.04557037994341877,0.13233770064580988,0.1487173288253286,0.1427022859657942,0.006993692540088694,21.894730821634877,52.0,3
118123,5.701060861471607,1.0,116.42548153904839,1.347912282370425,1.6512570269796654,0.05581785744347516,0.18426934876289744,0.12565298513121476,0.09600744425199255,0.602063981300623,28.565701332187576,27.0,2
142084,3.873488880460096,1.0,30.602126452286296,1.351039350458107,0.7900082832763979,0.03880600336970576,0.26623522842521585,0.0,0.1087314302634894,0.6936595288584673,24.613270255370015,37.0,2
159492,4.824000686513771,1.0,79.70144880326792,1.6283596013417518,0.776519017031305,0.09181366582891372,0.17022461334284544,0.0,0.07389614600927014,0.2840248434483561,28.144878648904363,43.0,3
127111,6.117892928831929,0.0,118.64514173253303,1.9051305755612356,1.208550416448057,0.03198347162171691,0.0003358313451445373,0.04035720710546913,0.04296332982869028,0.304563566592905,26.63454954162819,24.0,2
32778,5.701060861471607,0.0,74.78700439574357,0.9693795334875999,1.1694107022410731,0.04257727432062326,0.16914742208479003,0.14672635473194454,0.11812843327074328,0.5348231690526993,22.701871351233994,17.0,1
8466,3.873488880460096,0.0,114.55915618141537,0.8601338152434236,1.6218401523063755,0.05223874875548161,0.02223288089874668,0.0,0.12929029597956693,0.6126068486236221,32.036650178265546,72.0,4
81914,1.5954046671017168,0.0,109.29548581141964,1.6214139493243716,1.4055865716025768,0.028738652914220033,0.020452795184544972,0.0,0.12037265058829381,0.7513632447261314,24.186154167047626,20.0,1
130595,3.3619271977508447,0.0,122.32977943497626,1.408017586653165,1.314978844489941,0.10051148267888103,0.04029831308006696,0.0,0.09917475099732172,0.4004880737342039,30.408838743684964,4.0,1
143605,4.359420279727952,1.0,132.6127120540863,0.38497967590839305,0.08043440177287957,0.03414355059055638,0.3753400103877654,0.1485905385235853,0.07907699494507488,0.31665838257302165,20.475660677249003,16.0,1
112796,3.3619271977508447,1.0,128.5824152695198,0.5995087379969654,0.007037182438171754,0.037503497957860635,0.3753400103877654,0.14836185351286132,0.07207008747600625,0.2755967034714958,18.609249381520268,31.0,2
36934,3.3619271977508447,1.0,121.31212459607511,1.4728761491942823,1.0773968561658953,0.0311310141664868,0.1028847268953419,0.0,0.07113757653068406,0.5809184321198676,24.467092482313532,2.0,1
18747,0.0,1.0,166.2631359613374,1.0523187556135853,1.020776755417497,0.06969534196105091,0.23041492083456172,0.002965912600349943,0.0944893301378407,0.7281767403020308,27.879830015676408,44.0,3
38459,3.3619271977508447,0.0,122.83815221582672,1.1502855016786524,0.8055384298711078,0.026198033914667747,0.027789847142669463,0.0,0.0994514137349725,0.5605779646133879,26.545377844584113,6.0,1
3957,5.270402895934253,0.0,94.45857210600458,1.5903688309600632,1.4785798387800124,0.08754475966298475,0.052063764383831784,2.6199737764642864e-06,0.08995736455673303,0.47394426546045465,25.965062865006978,55.0,3
121054,3.873488880460096,0.0,124.76723747005238,0.5606640996118144,1.3005502950795864,0.040085503505564654,0.0009985074216367666,0.014176275640349664,0.1087314302634894,0.2737217164713884,29.7910032095195,24.0,2
140575,3.3619271977508447,0.0,65.59893550299061,1.2831687122254798,0.7234872037486205,0.080004802065222,0.04302042519222398,0.0,0.06682402732607857,0.4023146165258838,33.989015288902806,21.0,2
31062,3.3619271977508447,0.0,155.95798160311577,0.7459014238100226,1.331905210558965,0.07434357648268704,0.07530484433310232,0.0,0.12845635323811264,0.686731754906846,22.657425193735385,18.0,1
55235,2.234779091684268,0.0,100.14916738529357,0.1664790521552287,0.15034099223757447,0.03134499269087866,0.37483015478170034,0.11468976969721568,0.09600744425199255,0.06151620510720674,25.43421994394342,21.0,2
13056,2.234779091684268,0.0,90.0960074478413,1.9939292486457882,0.4387923199218749,0.1116585814136889,0.0682443374414465,2.149982340988142e-06,0.07948948280021469,0.37851739929939954,23.121879662560186,7.0,1
70874,4.359420279727952,0.0,161.65509294129825,1.6110273795933783,0.9529151814138451,0.04438898378389238,0.15058911051770973,0.016823724306544618,0.09747580878089683,0.6231300200369565,27.371503567800488,49.0,3
42469,5.270402895934253,1.0,64.49158939322773,0.9228387905195625,0.032780357611208975,0.05824462509301763,0.375466997075387,0.14886448617601628,0.06370578415960063,0.5241301357294121,18.40003753511134,47.0,3
20835,2.81870192439919,0.0,128.55716952729574,0.9589353474702558,1.3907019974812584,0.0363111945750574,0.002679223745371752,3.1299625736982874e-06,0.08823206529773955,0.14243836135642088,25.95836915371814,38.0,2
62243,3.3619271977508447,0.0,85.14102784026596,1.50925136242719,0.5392685908845773,0.03482762600454365,0.35373740916090357,0.14823212672171301,0.07948948280021469,0.3175874845356611,27.707167323365333,52.0,3
1551,5.701060861471607,0.0,154.9457746953996,0.7505023214854164,1.5221827970798172,0.05631163987576615,0.051639214901532914,0.1228302628351898,0.12982288277910556,0.3203737089709441,25.292770196984932,24.0,2
100388,4.359420279727952,1.0,60.89477688774584,2.0891506870158856,0.7012100698643479,0.05197465938294587,0.017527096931831115,0.14788764785866743,0.062441153283911706,0.21236501541503539,23.193476577002514,13.0,1
2430,3.873488880460096,1.0,81.04594942041672,0.5809646880805877,1.5926792334280553,0.053799353682425805,0.004962882796202298,0.0,0.12135199042106064,0.6606790044748683,27.67808388325272,5.0,1
103575,0.872923795046736,1.0,96.41861574304784,0.8503073162091651,0.986595383828515,0.08889717616409516,0.11669313372009094,0.0,0.08716837634649345,0.17418739922926474,25.662405154688763,4.0,1
68782,5.701060861471607,1.0,84.98034299016412,1.338555201025666,1.0510985468541778,0.07434357648268704,0.10429869371523375,0.14536778553847993,0.08422295110813957,0.5967851052426851,33.19156482711078,6.0,1
99629,6.117892928831929,1.0,105.29532468137948,1.3604447167824396,0.9197336231387233,0.03338394614955701,0.2791991299722246,9.279671014050927e-06,0.07207008747600625,0.2009461949148218,25.29604046517028,3.0,1
156865,0.872923795046736,1.0,104.82238463028612,1.6457983485520453,1.1286011489630472,0.0851415328131488,0.08614269959477594,0.0,0.06697391089549902,0.329649459445562,28.672561015360305,48.0,3
88857,1.5954046671017168,1.0,108.59750587417373,1.8823565270014346,1.460800869304105,0.10304203740104016,0.03234721238490471,0.05450146477328945,0.13829229377990773,0.23889672081580507,18.96625515455843,36.0,2
86340,3.3619271977508447,1.0,107.14779137495086,1.1617788655968144,0.2923571692648311,0.06093171277971563,0.32858651853078835,0.0,0.07567160824092482,0.11531412862393906,17.456929316730488,31.0,2
104313,0.872923795046736,1.0,112.3385122515783,1.962772026906056,0.7012100698643479,0.10665182007938102,0.19314302867308558,0.0,0.05912700022524942,0.3361318741060772,25.97403060094187,30.0,2
137223,0.872923795046736,1.0,139.05008621569863,0.10517617120572588,1.3734305307687875,0.038157654766122096,0.31110683271702266,0.14504308436870547,0.13984499294119387,0.0019994840278861,22.18691802442728,44.0,3
59689,1.5954046671017168,0.0,136.6956112135335,0.977251050003743,1.395655262877005,0.05631163987576615,0.03505015914588083,0.0,0.08644706391858864,0.7778753850791839,31.830256032694734,28.0,2
59904,5.701060861471607,1.0,89.83564537367218,1.5360221992945484,0.7347269443802338,0.04257727432062326,0.21376733495324746,0.0,0.08892922146119757,0.37117222363207886,25.883319313454045,21.0,2
138879,6.117892928831929,0.0,115.35953843232757,1.5360221992945484,1.0818076464946016,0.07664561864626834,0.07717929220392547,0.0,0.10212019116983716,0.3757642353460366,21.71292975448016,36.0,2
156998,4.824000686513771,1.0,101.1531484290423,1.354170443691811,0.8488750374661344,0.03134499269087866,0.3060809988926816,0.0,0.08858182813778119,0.6936595288584673,23.99377030748792,44.0,3
29086,0.0,0.0,70.47574192520683,1.2172165115891747,0.9321184334126422,0.11097780873747112,0.19838414786356615,0.0,0.09479702346996888,0.5250220325545847,25.86520482785957,21.0,2
91732,4.824000686513771,1.0,139.0550789949077,1.6006790321669766,0.7726819849845797,0.07971180677246352,0.09859728595086668,0.002965912600349943,0.12175920649046457,0.4919223952704212,21.71444017034098,74.0,4
129247,1.5954046671017168,0.0,107.71765441639484,0.42909357585565344,1.4836782886015223,0.07971180677246352,0.008880373055813805,0.12602863839372966,0.1151478184282261,0.30176808255591336,28.946546242208402,16.0,1
89605,2.234779091684268,1.0,44.7484691005473,0.9904435638128387,0.05644709314554525,0.04342872429828728,0.3755937936401596,0.14884683898019796,0.08030591854684666,0.6919283533734552,15.964335107671142,44.0,3
60756,2.81870192439919,0.0,126.03404384658387,0.7996398684795895,0.6956828410527327,0.04438898378389238,0.2916676693694916,0.0,0.08030591854684666,0.2709078202006909,30.09307933783199,44.0,3
132906,3.873488880460096,1.0,109.86373922636416,0.9202876017469687,1.3270588689493945,0.04071676728200563,0.1297971916212612,0.010552014101597989,0.12696665599738943,0.6510968640924567,26.47608647023949,31.0,2
52900,3.3619271977508447,1.0,85.31237738191943,0.4731990747180825,0.8055384298711078,0.05117544300866493,0.24855708884017558,0.14764028303043303,0.1151478184282261,0.16939184884033198,25.53034542082844,22.0,2
33458,2.81870192439919,1.0,152.85447574119993,1.1189948897666122,1.2766659695073987,0.020145947299945618,0.0993166428042023,2.6599729696133675e-06,0.12767794942651947,0.6082163911561125,22.31603395821696,9.0,1
15395,4.359420279727952,0.0,131.833227714956,0.7163267310388866,0.09282158306930205,0.041962598355487504,0.36438587767963854,0.07205360064678425,0.09630503739313614,0.46312771325061475,25.490650606085136,3.0,1
8639,1.5954046671017168,1.0,127.88031861062707,1.7855160893099271,0.6095183704904821,0.11590089074027247,0.1200332692849557,0.0,0.06971386977315287,0.36657593878089856,29.317711931415303,38.0,2
131523,1.5954046671017168,1.0,77.18190971379585,0.8332466137621517,0.17493039519290357,0.029178943760520885,0.33139795782647213,0.14861803168969095,0.10133787158252591,0.06348490294392038,25.679942305701164,60.0,3
2573,6.117892928831929,1.0,109.95668609626226,1.6144853188230401,1.0186256893922574,0.09596252188748704,0.006927442155667886,0.0009961907158109078,0.12417503957929378,0.4658339547302879,29.325228095265757,71.0,4
131359,6.117892928831929,0.0,131.02790571717608,1.1303197887629002,1.1376138905461024,0.11941561728175006,0.32632860808569963,0.0,0.14475587573629733,0.475744849543228,24.475871440558223,6.0,1
9159,3.3619271977508447,0.0,107.38615031048039,0.515172448703798,1.8360040273160725,0.07759212050764247,0.003976213546291906,0.0,0.1299098908721293,0.23795182913777405,28.218053716775053,47.0,3
25960,3.873488880460096,0.0,108.41644354211346,0.9904435638128387,0.6395479508797876,0.041342447356368994,0.12593704731803265,0.0,0.07866163055322024,0.6362565578510048,25.660246173910306,59.0,3
149931,1.5954046671017168,0.0,138.5456829996413,1.8484962499838813,0.6883393129818888,0.11378673119378105,0.20757782895809845,0.0,0.07207008747600625,0.6231300200369565,20.642046414568117,6.0,1
148422,0.0,1.0,113.6860328578309,0.8874490702428841,1.208550416448057,0.05631163987576615,0.04822107664482468,0.09106104626622927,0.11061603839739241,0.24173022192994606,25.360977687108964,26.0,2
73427,4.359420279727952,1.0,94.46384877693599,1.2409790360109807,0.5077466257061825,0.032054095044992494,0.3362515133779401,0.004905852458809698,0.10958238112235452,0.7505060789938793,27.13849795793186,50.0,3
130346,5.270402895934253,0.0,69.37420912497132,1.6809968297595563,1.0186256893922574,0.0769637268850384,0.1133089973400213,8.347337059142545e-05,0.07160547706998972,0.602063981300623,30.98391050453901,33.0,2
120778,0.0,1.0,98.05814334716534,1.955027965828709,1.1923635900503382,0.05133612464894548,0.05299566228004246,0.06959902199964181,0.06028440139859205,0.7470761963978335,25.566075565965072,16.0,1
84264,0.0,1.0,111.0453956454616,1.705891647744118,0.6883393129818888,0.11145548955579519,0.26363808924697757,4.809116263097658e-05,0.1135278727644392,0.8305582689590693,23.333922964454302,22.0,2
64726,3.3619271977508447,0.0,82.9627177698157,1.8075989478811065,0.4139711117068804,0.11863924692621315,0.09642761173667264,0.0,0.06932908154789773,0.3656561673256651,20.939211322547724,17.0,1
100097,0.0,1.0,106.53081488388493,1.8522407310256643,0.8729036385143312,0.11289513551182562,0.1434542782503005,9.479656680908222e-06,0.06727271957900667,0.5853303840742065,20.951589910502026,5.0,1
14156,0.872923795046736,1.0,159.12611543267076,1.347912282370425,1.236529463082332,0.04730387785758131,0.0421449613639152,0.0,0.1282651059706081,0.7255949080509491,23.04070053188088,57.0,3
58372,4.359420279727952,1.0,93.40238822765126,1.274062926972884,1.1421322571741443,0.02770197444137078,0.11870244613380132,0.0,0.07697095147323091,0.5178827095260955,26.197811056629845,58.0,3
4505,2.81870192439919,0.0,115.20055151621406,0.9904435638128387,1.0532791897548954,0.03373015066982788,0.08981251686689971,0.020092730298876604,0.057669506168896024,0.20761071993731683,21.56608257509495,35.0,2
20496,0.872923795046736,1.0,111.68964562177162,1.4532460742582065,0.6007871602881386,0.1132994499859932,0.28528427046142996,0.0,0.07697095147323091,0.5694308716311162,27.57207966563147,5.0,1
79621,6.117892928831929,1.0,119.19146905698663,1.3076254137645986,0.8668705620052803,0.05069086346719,0.2900298579758404,0.008866384901385197,0.11797137715506432,0.48743361513789707,25.02980061617496,29.0,2
107514,1.5954046671017168,1.0,80.28499928818819,1.7855160893099271,1.1308513369073827,0.10247485139026782,0.027330464731949347,0.0,0.13252230774360968,0.6615493185898008,22.463404534837583,22.0,2
133381,5.701060861471607,0.0,114.89274567778745,1.8447562024754598,1.1353577070957022,0.09692880978339921,0.04126698976593212,0.04098372227098399,0.104861145959801,0.5641208390442669,21.98817286970107,30.0,2
138099,5.270402895934253,0.0,94.1154981108636,1.0853850452792237,0.7688525187496839,0.04965525120671698,0.04302042519222398,0.0,0.09630503739313614,0.2009461949148218,30.997671459039523,4.0,1
86772,1.5954046671017168,1.0,73.92982785904954,0.7185814057543572,1.5299401608787968,0.11145548955579519,0.0038081875227960805,0.0,0.12845635323811264,0.6327591102779849,33.86673638411643,19.0,1
17224,5.270402895934253,0.0,117.77129052607238,1.2290664655179893,1.1923635900503382,0.10867092527459508,0.12398442007630957,0.0,0.08823206529773955,0.4105258689230816,28.961335953183656,19.0,1
112485,2.81870192439919,0.0,115.5851434904941,1.1218203956730715,1.7465677416668217,0.07664561864626834,0.02223288089874668,0.1384445480535052,0.12654701746975344,0.6988499935977971,30.997315625090835,26.0,2
1415,6.117892928831929,1.0,92.89481506674777,1.5226033909488335,0.5697331973345253,0.11607573716866305,0.024930878123229857,0.0010458008677358462,0.07567160824092482,0.25775370012333004,35.63481508743227,51.0,3
29576,6.117892928831929,1.0,133.4367429869469,1.249954663221884,1.4785798387800124,0.03034145949899996,0.059355833436364594,0.0655686556887882,0.090631273449164,0.7178426855050967,22.609980577622718,39.0,2
158941,0.872923795046736,1.0,81.13762627996466,1.5664596139965252,1.730043125748694,0.11064263125178254,0.3122750050704796,4.829910878714679e-06,0.1420591859307172,0.5017843279773949,29.050958045344004,9.0,1
98273,0.872923795046736,1.0,124.5035108786468,1.3857033743699478,0.7197556293230039,0.11011320908121598,0.06896625627207055,0.024418278472219074,0.09972625759298626,0.48024360588362286,33.65478696481462,15.0,1
51674,5.270402895934253,1.0,103.84955911031545,0.8503073162091651,1.460800869304105,0.030629476337651843,0.1028847268953419,0.02842257543207075,0.10627575941954966,0.5454951065995263,28.87339170047229,65.0,4
83350,0.872923795046736,1.0,100.55197749301864,0.34269126420661217,0.35094541577501637,0.0431865287142909,0.3132018552457221,0.14309016173429945,0.11407800504076084,0.07723916604445669,22.307728637289205,30.0,2
95272,3.3619271977508447,1.0,74.90155231348304,1.3045544042799484,0.8972092364676427,0.06575768768239226,0.09203541848258019,0.1255263014773452,0.12229085868403589,0.4232724839940975,27.802599253486438,34.0,2
94890,5.270402895934253,0.0,146.50110793695828,1.6179475077937715,1.4105646242891337,0.04071676728200563,0.07842206986670712,0.0,0.09540627374586548,0.7505060789938793,23.80218417701804,1.0,1
46394,4.359420279727952,1.0,147.8530897694934,0.6395173535198868,1.173985195547883,0.06102200408319748,0.10570515998144205,0.14421725665368118,0.06776790858233991,0.3509163440956271,28.335773329043775,20.0,1
86326,5.270402895934253,0.0,143.23011198085595,0.24542568544294574,0.22870190427755221,0.032054095044992494,0.370638584893952,0.14774638962373376,0.06971386977315287,0.1607465310562704,23.337952003021176,44.0,3
141094,5.270402895934253,1.0,117.42865165488676,1.3323372212749316,0.9887170107264152,0.05170941569813888,0.15921216697781893,0.0,0.09355379050258464,0.43417279113429047,24.975827416355422,58.0,3
119284,0.872923795046736,1.0,97.88491791097702,1.5360221992945484,0.5921017208742838,0.06450986144918483,0.17183062586123532,0.0,0.07824336696718033,0.30735740567019904,26.587552301574924,46.0,3
81367,3.873488880460096,0.0,90.83400304250245,1.3076254137645986,1.33675974885698,0.10567800055765059,0.1636819881963965,0.0,0.10650624542551308,0.3564489745952911,22.243588986013883,28.0,2
46946,6.117892928831929,1.0,86.53183057329919,1.0965276954317247,0.7030562129490128,0.10793809036212502,0.1558014307814477,0.004905852458809698,0.08608269509259017,0.3082883206301165,27.885696136216914,46.0,3
50300,4.824000686513771,1.0,102.28092890568327,0.9615409198141054,0.9259172992484815,0.023656107767540582,0.04100310783805979,0.0,0.09323773806836998,0.1732287102697829,22.17083611114916,45.0,3
87217,0.0,0.0,119.80884714576106,1.2984243322312379,0.971798776571637,0.10452341798063405,0.20667737463872096,0.0,0.10696278729458521,0.3287226888922308,29.07984008149294,32.0,2
23607,0.872923795046736,0.0,91.55524364060328,1.7599522449896807,0.9844757146265559,0.10200572894442908,0.1558014307814477,0.0,0.13977831560485432,0.7204278830259115,27.924824580900435,41.0,3
100545,0.0,1.0,90.1225689674412,0.9641501397610845,0.5680252931599925,0.03134499269087866,0.2800839896815336,0.14783814588853675,0.06971386977315287,0.4468605662115773,29.369558974336606,12.0,1
106468,0.872923795046736,1.0,194.0580345515705,2.2622012929733035,0.37907688330725015,0.07821024105866159,0.2080265135636827,0.13160890768332106,0.07344443758622808,0.35829179556682933,25.161860165487806,20.0,1
49303,2.81870192439919,1.0,71.28380868526507,1.274062926972884,0.8809746737279629,0.06776810307407538,0.044850778869961985,9.316682520392491e-05,0.07989911657905567,0.1075322378998024,19.36062991830737,34.0,2
86626,1.5954046671017168,0.0,59.44316054834595,0.5268798488130423,0.4545349207481146,0.03134499269087866,0.33587087999133947,0.1438926333015115,0.07782218133052284,0.09973583900653984,22.409473929717457,45.0,3
124517,3.873488880460096,0.0,108.61302349374868,1.5972380637191486,1.2435697576993787,0.03995857585723361,0.21201895798104362,0.0,0.061639629824901246,0.5401617621376549,28.924538539351065,14.0,1
8877,3.873488880460096,0.0,122.84323442115618,1.670392228724202,0.9259172992484815,0.02844379682282684,0.32756561202397355,0.0,0.09386772939038489,0.7676263476484754,26.499857393139315,58.0,3
62782,3.873488880460096,0.0,99.35332897204174,1.705891647744118,0.4466415085671937,0.0431865287142909,0.3509654956354509,0.004510566727839515,0.05879308108387324,0.17131070112413319,27.291613366296712,6.0,1
44460,5.270402895934253,1.0,128.4006300736005,1.1617788655968144,0.986595383828515,0.025435779189136993,0.009852506517610308,0.0009961907158109078,0.08927426336727629,0.5711997449849593,26.58979154651255,57.0,3
38276,5.270402895934253,1.0,122.96519832454864,1.8335626327890615,1.640530318907042,0.09858915255184081,0.02925539670568832,0.0002417764260991962,0.1252275809854624,0.6606790044748683,29.784421011504755,5.0,1
159664,5.701060861471607,0.0,39.30260725721944,1.4532460742582065,0.3820745262413231,0.08911637209763554,0.22841394966772371,0.0,0.11200919934125854,0.7505060789938793,24.90828399401089,18.0,1
7958,1.5954046671017168,0.0,93.41295847637787,1.7202123044997546,1.3391900932368495,0.0719035626650213,0.27316267531591903,0.0,0.1173334149753333,0.7915140840670115,29.096565336650368,60.0,3
27397,4.359420279727952,0.0,117.62300167896443,0.8503073162091651,1.4684079384441668,0.11392850201734943,0.07056408099918726,0.0,0.14190038371582642,0.6388782359477272,26.451772293894727,13.0,1
8859,1.5954046671017168,1.0,42.12671710481329,1.7418233789384563,0.716031549250245,0.042943474147672495,0.3323855330835508,0.0,0.05923798564063614,0.2980382035009999,29.81354578706532,44.0,3
159921,0.0,1.0,68.79491025281513,0.9825170437964712,1.0078998505255499,0.033661034023204424,0.2280111046994741,0.14861803168969095,0.11651353817190897,0.7864031279468107,35.51463720462703,9.0,1
25107,1.5954046671017168,1.0,95.1389163647862,0.7006382405716461,0.6646784571795217,0.0689341804959577,0.21506826913802218,0.14864509091371522,0.062121579541474924,0.15401045902161728,29.17082041544863,28.0,2
63893,3.3619271977508447,1.0,138.01102803409242,0.5406808071146674,0.19253140681836964,0.03482762600454365,0.3227515960828559,0.06866208836877775,0.07610775407689287,0.2028513616900528,21.832487744859417,4.0,1
93558,6.117892928831929,0.0,103.63609207403965,1.7346023120600809,0.43254475308730655,0.10698728321032973,0.017527096931831115,0.0,0.08307607176161669,0.379434781026071,28.822930878567362,17.0,1
92186,2.81870192439919,1.0,147.88773260874328,0.44177827531720376,0.33061589901214944,0.029178943760520885,0.3283830537838016,0.0,0.07697095147323091,0.22091007236670035,25.28731911272872,38.0,2
28253,3.3619271977508447,1.0,101.05385980445288,1.2350149125555943,0.20145259986694777,0.04480484684514999,0.3629360322594781,0.14839298975671497,0.0700010335231844,0.7005791303777831,33.7660768786912,27.0,2
136731,4.359420279727952,1.0,151.45964106250628,1.4176418973042995,1.6593243330522978,0.04971018753578825,0.008860901005917942,0.1473544828317745,0.06952174827474746,0.49371684008158656,28.806596055882462,16.0,1
92697,0.0,1.0,112.71934278592444,1.2260981136938247,0.5309102739761682,0.057189753444873856,0.3477747674240067,0.0,0.07479010183432175,0.22754504202061962,24.593137993468982,37.0,2
100820,4.359420279727952,1.0,130.69046670066848,1.0251752790418884,0.46725657598435466,0.02844379682282684,0.3516246407894022,0.1328516398667037,0.0875253578926078,0.5472717260619129,27.073105633172965,21.0,2
122796,1.5954046671017168,1.0,110.23545936282943,0.26951123030858104,0.08502912138158229,0.03577509228302261,0.3728906279665226,0.1486383663644192,0.05502269754756687,0.046127321703185856,17.742328891679545,52.0,3
16815,4.359420279727952,1.0,111.88539219299754,0.3460081396049776,0.1824343649085685,0.032756846992377936,0.3752128331966564,0.0,0.0692325431781873,0.1933173511187911,24.811084513121102,13.0,1
117664,6.117892928831929,0.0,111.47839033725985,1.0010637611083457,0.9760166024735442,0.05680116751690537,0.18973683608982944,0.0,0.07019179955184995,0.4350801015157789,24.357105155452217,34.0,2
5388,1.5954046671017168,1.0,128.6934881061818,0.1624789420630379,0.3597615049766524,0.029178943760520885,0.36609606149188056,0.12859288017807205,0.08927426336727629,0.15882300898583238,19.974180083097295,4.0,1
106410,0.872923795046736,1.0,137.34104119477283,0.49018984423203915,1.7714992544604575,0.08115311709967152,0.002986602388962986,0.11796375845620094,0.13853502772633525,0.22470267675408148,28.710453927542293,46.0,3
125213,5.270402895934253,1.0,121.17973990148533,1.1303197887629002,0.8055384298711078,0.09141646816813875,0.3227515960828559,0.0,0.11889944029238214,0.4468605662115773,33.32107730012749,18.0,1
25377,0.872923795046736,1.0,116.53814369988085,0.7185814057543572,0.8429110412156785,0.06492934472932263,0.21636042191977492,0.0009961907158109078,0.11566792219410234,0.42054376079082423,29.863706828842606,43.0,3
130854,4.824000686513771,0.0,112.93026425724825,1.310700409278527,1.4836782886015223,0.03550559855419764,0.007905355412165744,0.1363888249246051,0.0560111652642022,0.7753147408630994,23.907097433373675,60.0,3
45067,5.701060861471607,0.0,105.6277600447091,1.071541642188199,0.6755598265644066,0.11518852292788895,0.24566192079379473,0.0,0.09355379050258464,0.388599298650405,26.01228716364603,34.0,2
80812,3.873488880460096,0.0,110.98351957044436,1.1077309178046657,1.2388742016849947,0.03880600336970576,0.14645328997075285,4.809911615367157e-06,0.04574849590219573,0.3610547290259492,30.20647233409163,43.0,3
107210,5.270402895934253,1.0,134.37043363024844,1.7023222984191564,0.4032532494108121,0.08171337117473375,0.07143911734224725,2.4699766932247264e-06,0.07567160824092482,0.19045314646990968,21.720481128899777,20.0,1
136584,6.117892928831929,0.0,108.7423246706626,0.6610483277676394,1.8473386702586734,0.09829752883170788,6.789311007275382e-05,0.018555850659359212,0.12567774876200102,0.2680922205501752,24.041470185259293,8.0,1
22764,1.5954046671017168,1.0,131.15378390519854,1.1531530780227583,0.811393604128813,0.023890353676344383,0.1529201254059554,0.0009961907158109078,0.10080771222471868,0.5008885459395205,28.420068298404633,44.0,3
26463,5.270402895934253,1.0,90.08538252723697,1.8975213518964196,0.47366004718920107,0.11223590741304879,0.23551596238262423,0.0,0.061639629824901246,0.13470623423522704,25.558634581026833,10.0,1
57576,6.117892928831929,1.0,142.1606346442946,0.7413141514439969,1.5953196693962126,0.036909743172268895,0.013904227484345454,0.10419795979212136,0.12175920649046457,0.25775370012333004,29.17885695466714,24.0,2
130227,5.270402895934253,0.0,124.47814834049852,0.9485494790226465,0.9217929097588613,0.10293027132491821,0.25454890318941586,0.0,0.08823206529773955,0.2802808782739762,23.55153931001392,44.0,3
49031,3.3619271977508447,0.0,127.31419878330036,0.6459421267605535,1.7327918798529205,0.06288283098020886,0.0001889466261210333,0.00957309712533333,0.13545220119030235,0.2615158354360752,29.55831469211108,28.0,2
28500,5.701060861471607,0.0,86.6974435993198,1.6598262815654952,0.6253501522484253,0.09998279941324975,0.11936872550991845,0.0,0.07866163055322024,0.5053659477481252,30.186788537833284,21.0,2
72477,5.270402895934253,1.0,106.32331323435353,1.338555201025666,1.6191785944337034,0.07331527306353508,0.0009985074216367666,0.1370323600818471,0.14085427040181012,0.5703153792725135,30.605620037672125,25.0,2
43818,1.5954046671017168,0.0,84.87855351865707,0.9537351345706274,1.0315616104748004,0.06322975991368103,0.07294428524369923,0.14199182456460208,0.06627170617944157,0.4023146165258838,27.63486867228081,3.0,1
3862,6.117892928831929,1.0,116.63543030085773,2.0571171201967116,1.5041555271287885,0.054665787241964255,0.19932274257607036,0.0006016133277898852,0.05984555154985277,0.7161185947953245,25.01552531091489,61.0,4
58662,3.873488880460096,0.0,170.89170430443903,0.702869376209742,0.4017291313143787,0.029178943760520885,0.3143509173901573,0.008698409363821236,0.09510266620308695,0.1751458780795015,26.30251492602164,49.0,3
22613,5.270402895934253,1.0,141.8619703202577,1.6388100440527043,1.257705099064472,0.03134499269087866,0.030532185089493704,0.015947865155063325,0.0642263303982092,0.29337171326094935,26.901769697141685,47.0,3
61675,2.81870192439919,1.0,113.77338824092642,1.1704392993079824,0.3177246618719395,0.05571858678347133,0.35690217537331775,0.0,0.07739805058592603,0.0886984483946016,18.908997918402218,45.0,3
102620,2.81870192439919,0.0,140.45205098607644,1.486045460471644,1.5847705774637866,0.07821024105866159,0.10918885741547443,0.0,0.12441380069370117,0.7152563614657733,20.9461748806968,29.0,2
4370,5.701060861471607,0.0,94.18940603298013,0.6480902820411296,1.656633108457273,0.07226092540897922,0.008880373055813805,0.004905852458809698,0.13641425280078556,0.475744849543228,29.5374779739569,18.0,1
138803,5.270402895934253,0.0,153.11057159463107,0.8625992772181287,1.0100410881731547,0.03414355059055638,0.23858402162324605,0.0,0.1031396955853106,0.3831026140507271,25.06162566427041,40.0,2
3294,5.701060861471607,0.0,131.85838265593796,0.9719997127794917,0.9529151814138451,0.030629476337651843,0.25454890318941586,0.002965912600349943,0.09417957066797655,0.5879758736035932,29.06174462092983,76.0,4
48566,6.117892928831929,0.0,115.25696981875954,1.1445618616011808,1.5041555271287885,0.06204930777128733,0.039680290650443456,0.0,0.08030591854684666,0.42054376079082423,22.465914248129486,50.0,3
148488,0.872923795046736,1.0,123.3614615619596,1.7454404380504511,1.0467431886384175,0.034280856815077226,0.0036994194693979643,0.14602604955034296,0.12622580018510962,0.5250220325545847,26.501177574745974,10.0,1
119729,5.270402895934253,1.0,148.12030441979033,1.3604447167824396,1.4155509487585505,0.07468068007540363,0.04038650080234692,0.09658827078456002,0.09747580878089683,0.16555160761465107,28.532949933633272,6.0,1
122103,5.270402895934253,1.0,90.45183916861349,1.7599522449896807,1.1831582989482943,0.1069043158630909,0.16643138894708484,0.048319307351867236,0.06776790858233991,0.51341580185349,26.799580244691608,37.0,2
90988,5.270402895934253,1.0,107.40687359852771,0.9719997127794917,1.1648442414606313,0.04557037994341877,0.1786570689416453,0.001984806558653298,0.07019179955184995,0.5650062005971751,29.871980288774516,39.0,2
95581,0.0,1.0,116.512540032008,1.249954663221884,1.8218843084598937,0.030988040265888892,0.02824856281115648,0.14426958221684688,0.04665787747085241,0.529479302078413,27.02741022582926,46.0,3
768,4.824000686513771,1.0,152.89880442357213,1.104924423867234,1.2016011071995636,0.03345331143459896,0.18677221769714705,0.1255263014773452,0.10107366171887236,0.5490477660515011,25.16418479892954,73.0,4
64348,2.81870192439919,0.0,158.7146751481476,0.8356733126244692,1.2553441352295662,0.030629476337651843,0.02129722678586382,0.0,0.10533879505897356,0.31386999284176065,25.80341659150843,55.0,3
36668,2.81870192439919,0.0,119.91594899876343,1.837289396713911,1.3489319860322233,0.0997124288993236,0.21025463587619359,0.00020084574695350234,0.06494886800397695,0.6641594742783927,28.54663084205862,23.0,2
14591,4.359420279727952,1.0,124.20925991831223,0.6036650358901219,0.9675887642154379,0.04730387785758131,0.18726924343725465,0.13598585179506156,0.1110204011529758,0.3352063471934248,23.509470738812702,36.0,2
70780,4.824000686513771,0.0,131.923782286473,1.2290664655179893,0.903329043187519,0.08171337117473375,0.0067805047112484175,0.0,0.06632209626065663,0.5321518963893909,23.637664536749657,49.0,3
96237,4.359420279727952,1.0,90.05881944358029,1.684540299697343,0.9696927940084842,0.11241821689671337,0.09570049597102921,0.0,0.08892922146119757,0.3426056156966485,25.992628602783327,47.0,3
11244,4.359420279727952,1.0,135.04753037996602,1.3447892366328362,0.8330093229215549,0.05328367386024081,0.029620722255763815,0.1396412586439127,0.12707004766187593,0.49371684008158656,26.061322708849822,2.0,1
16608,0.872923795046736,0.0,89.0485901981414,1.0826088263724851,1.0078998505255499,0.04456752565515649,0.2892037810752459,0.0,0.11828452903796835,0.35829179556682933,27.2721985041608,21.0,2
51424,3.873488880460096,0.0,99.75659729121912,1.705891647744118,1.0554618093302919,0.07261531317345733,0.20349305848707883,0.0,0.07866163055322024,0.6815305328788934,24.00732471365059,33.0,2
19217,0.872923795046736,0.0,108.42679112497734,2.1093213954162473,1.5144442747914244,0.0853906261142464,0.11262682189264288,0.13860887459070986,0.12654701746975344,0.4359872512326654,27.115889304705693,39.0,2
65952,3.3619271977508447,1.0,88.10067987859006,1.0881650388686348,0.2432677692739327,0.027552803013641613,0.30085444038956244,0.14824048470688458,0.0681124523302435,0.18376276966746116,20.1652337217543,40.0,2
186,0.0,1.0,139.13995231251383,1.7309982986371468,1.1557353982549923,0.040338682581073836,0.023445151604939436,0.0,0.03847854762465185,0.8567336732943355,30.04487735872646,35.0,2
11148,6.117892928831929,1.0,106.68121745896552,0.9382217518481557,0.6773798878749421,0.09477728604255982,0.1028847268953419,2.7699706877960062e-06,0.07654086052747315,0.47124222729765775,29.579386321831418,32.0,2
28864,3.873488880460096,1.0,100.4055278050832,1.2409790360109807,1.0164765902676833,0.11155772458091937,0.17762069843415543,0.0,0.12293774418845033,0.6624195015311976,26.6077008903926,56.0,3
127981,2.81870192439919,0.0,150.1962943833451,1.116173191799425,1.0250847906186369,0.11180732738915318,0.3345283130822474,0.0,0.05038912197314285,0.5463834888224122,28.266975775961136,67.0,4
14608,4.824000686513771,1.0,96.2081331471785,1.4305314995612604,1.0337244907542096,0.10051148267888103,0.1796884828622201,0.0,0.0994514137349725,0.4910249444225651,25.138058481400662,6.0,1
40568,1.5954046671017168,1.0,150.3246723485405,1.2559580752183774,0.6395479508797876,0.029178943760520885,0.25034175762720245,0.00681651852218226,0.08030591854684666,0.39683299385755855,26.15148065364492,32.0,2
106815,3.3619271977508447,0.0,138.27089734916635,1.2260981136938247,0.5392685908845773,0.047871617065426426,0.12787458610078709,0.1353564655945731,0.07739805058592603,0.6310095803516407,17.89291942500392,30.0,2
3489,3.873488880460096,1.0,107.91441597271248,0.7690426018513223,0.9887170107264152,0.041962598355487504,0.019417686065019802,0.0,0.07479010183432175,0.3407568569568942,27.700763067445827,55.0,3
97820,6.117892928831929,1.0,147.94711762693737,1.4208581649724286,0.7460343185053053,0.038157654766122096,0.19458579580402588,0.0,0.06370578415960063,0.7048997520634385,28.674562816775104,36.0,2
53870,5.701060861471607,0.0,166.81291608077814,1.1105412085910351,0.7141723179935984,0.09442669630209094,0.17129658598427597,0.0,0.0807099107755365,0.3748461739260816,28.034490737369417,21.0,2
76622,4.824000686513771,1.0,131.61686682743047,1.0605346314265924,0.7669406212233013,0.023968293756205534,0.32858651853078835,0.0,0.07389614600927014,0.4784445662216481,28.574230052025502,4.0,1
19598,4.359420279727952,0.0,119.12511199161895,1.6075736872862627,0.5903701182783821,0.08731300249953422,0.07341796172572304,0.005807480908998741,0.11583914795584942,0.3748461739260816,22.906623232685625,14.0,1
15503,0.872923795046736,1.0,130.56956268121402,0.8284037357211327,0.1887327083154206,0.039063729311291664,0.3602681406755159,0.0,0.07523239892816581,0.34168132433451065,24.92232562178135,68.0,4
123040,3.873488880460096,1.0,99.22234745809459,1.9127577036644625,0.9591921604105726,0.10549248652952234,0.1071041786982304,0.001984806558653298,0.12037265058829381,0.5196684304319891,29.521905152678816,23.0,2
21216,4.824000686513771,1.0,128.97111018355233,1.9744220162276542,1.0100410881731547,0.08911637209763554,0.02502350614647099,0.0,0.05366577368042376,0.4775448150825342,26.28446445542396,17.0,1
15470,4.359420279727952,0.0,116.0669071605622,1.232038730877049,0.7745995549638897,0.033661034023204424,0.06001745175361135,0.0016297733692249503,0.0846000186739813,0.31665838257302165,32.393126844250396,26.0,2
120355,6.117892928831929,1.0,69.51203594647409,1.1246497122921346,0.9115158496685433,0.03822275004970231,0.3252877160088613,0.14826535491985524,0.07989911657905567,0.08527380314907729,33.32886410439363,6.0,1
96049,1.5954046671017168,0.0,178.8971684014246,0.8874490702428841,0.33638992661846345,0.03482762600454365,0.35643393693268677,0.14788764785866743,0.07389614600927014,0.2521047362767937,24.943102902896833,21.0,2
32711,5.701060861471607,1.0,177.10447880102004,1.0468602170294494,0.9053728438287705,0.03345331143459896,0.17710064452048874,0.0,0.10212019116983716,0.7005791303777831,21.84663067672434,21.0,2
13569,4.824000686513771,1.0,130.48391263363163,1.3604447167824396,1.0642120665634267,0.027999508729725647,0.014765940356248917,5.709875445821753e-06,0.07066635954166857,0.3858517145013685,23.758283269225235,68.0,4
34612,1.5954046671017168,1.0,137.66609315145487,1.3888789288233903,1.0294007007666441,0.09915929004532116,0.22060518339361856,0.0009961907158109078,0.10829773278800112,0.47664490956611383,28.267860138784616,52.0,3
53942,4.824000686513771,0.0,77.17104792643265,1.4728761491942823,0.3656734882374335,0.039448600807730404,0.34359820437596617,0.14861119938559042,0.07298954199416931,0.19045314646990968,27.172386906571393,61.0,4
60708,3.873488880460096,1.0,100.3009022045132,1.7818509781400034,1.4105646242891337,0.03919224834750007,0.056192763791756715,0.07205360064678425,0.07697095147323091,0.3693342235535494,26.248603967999998,54.0,3
117396,5.270402895934253,0.0,88.84102559465312,0.8139590618663869,0.3451025488963846,0.041962598355487504,0.37341213421007735,0.12859288017807205,0.10829773278800112,0.3250138217148678,24.801557517214942,31.0,2
91656,5.270402895934253,0.0,95.75537264027405,1.0305741753174436,1.699947820491657,0.10974151508476628,0.30211763121333013,0.0,0.14407014008053634,0.7530772108816399,22.021106387243965,30.0,2
15750,6.117892928831929,0.0,104.74959758420334,1.4240785193695762,1.5118689516687127,0.04730387785758131,0.1529201254059554,0.0,0.11979409945598393,0.7005791303777831,25.202861750395083,36.0,2
128306,1.5954046671017168,1.0,155.579742999184,1.2054289960576283,1.0773968561658953,0.06322975991368103,0.26429137748300496,0.10521694201161472,0.12381154675558945,0.6936595288584673,26.466045499655724,15.0,1
135932,6.117892928831929,0.0,126.965249128543,1.3045544042799484,0.7460343185053053,0.09460267036318325,0.17342500988932696,0.0,0.09861591438912895,0.35460545987661984,20.4996871099591,3.0,1
71837,5.270402895934253,0.0,115.5646365442787,0.5288420113742089,1.6620176809780942,0.06322975991368103,0.08150525731732736,0.14141397414380352,0.1176543571357466,0.5107338658349185,27.239171609801573,36.0,2
92344,6.117892928831929,0.0,108.55095111329496,1.0605346314265924,1.1286011489630472,0.025588783791389107,0.228815907594239,0.0,0.12644056977927082,0.8617873707738007,28.049226249900524,33.0,2
28564,6.117892928831929,0.0,127.59730365040895,0.9202876017469687,1.1648442414606313,0.05680116751690537,0.1373413159554467,0.04304271098624339,0.07824336696718033,0.3757642353460366,28.442593613767016,4.0,1
136056,1.5954046671017168,1.0,80.88413067136773,2.1418351341507593,0.6920073491138415,0.10401173324475396,0.3092152367522777,0.00025175757413623483,0.07434469244013149,0.43054194018397496,22.90283464966792,4.0,1
146278,2.234779091684268,0.0,72.40305702052721,1.9127577036644625,0.3850791304369432,0.07007114572550133,0.24529654364002723,0.0004641750691764907,0.08644706391858864,0.4586141796681728,26.511473456682022,32.0,2
45305,1.5954046671017168,1.0,135.4635780640022,0.6697530468859387,0.8349858419672646,0.036177528458350545,0.237821988557352,0.12792544665594097,0.090631273449164,0.4223630722672164,26.199274615406637,54.0,3
99316,5.701060861471607,1.0,98.93410113076277,2.2579849171200572,0.7517134112457518,0.04432936460452302,0.26099785296917244,1.839870668114861e-05,0.06396652297891238,0.3101496044938338,25.703941535442766,22.0,2
25696,2.81870192439919,0.0,95.65003573652554,1.6951965578252368,0.8094399761009098,0.0461533086282955,0.2180697686246851,0.0,0.10979175009966557,0.22185852236336234,23.187407475386184,21.0,2
66283,0.0,1.0,70.61326082122065,1.9319040049871248,0.12758094272457277,0.07296675335244636,0.29983526196182336,0.14861119938559042,0.07907699494507488,0.11239761144098635,30.999094766806532,51.0,3
52185,4.359420279727952,0.0,127.29902990897281,1.0605346314265924,1.3270588689493945,0.0689341804959577,0.28357130992224394,0.0,0.11812843327074328,0.7092172109919126,29.27172372888514,46.0,3
135012,3.3619271977508447,1.0,113.98916632053898,1.0117429819484791,1.2719135502914645,0.11943337096638361,0.3368200216584678,0.0,0.143577243778483,0.4004880737342039,23.566694454900375,38.0,2
5911,4.359420279727952,1.0,186.54998975388105,1.1246497122921346,0.524256092697968,0.11341562392299441,0.2982919353356223,0.0,0.12268131026148278,0.5223458982041329,28.037412853843055,57.0,3
21926,3.3619271977508447,1.0,111.30315960267733,1.071541642188199,0.9675887642154379,0.04257727432062326,0.02409600998560086,0.0,0.09600744425199255,0.531261178626178,22.221289179251393,57.0,3
87040,2.81870192439919,0.0,109.09908199311506,0.9984031852273931,1.4105646242891337,0.0711798012622476,0.0018946182256644186,3.119628153954374e-05,0.14023131554033424,0.12502128870570975,27.261581064538525,16.0,1
159642,0.0,1.0,59.71923826473573,1.955027965828709,0.4592922305015822,0.11638118009990876,0.24345789896605846,0.0,0.08422295110813957,0.2596351508210209,20.49309349281112,28.0,2
6010,0.0,1.0,67.82233462634171,0.9693795334875999,0.7384885474384946,0.032054095044992494,0.07686774310307744,0.1477670802730824,0.065765824499414,0.5623496876972396,27.07362607583594,24.0,2
49230,1.5954046671017168,1.0,96.22392162071635,1.684540299697343,1.0598329809424267,0.08867623283039489,0.15864721974158413,0.0,0.11634650289624089,0.44323868162207153,28.35771404243328,48.0,3
130336,0.872923795046736,1.0,134.7767501691461,1.1388535531640749,0.7422576704438388,0.029178943760520885,0.2659129107407421,0.0,0.08716837634649345,0.482042029581441,25.38259837806578,61.0,4
147018,0.872923795046736,0.0,83.09708375998453,0.4882897127387084,1.3808202212133387,0.05223874875548161,0.005946621798604477,0.0009961907158109078,0.12973537823509393,0.37300954001041753,25.605826117761243,5.0,1
43785,0.0,1.0,94.93857724512742,1.443486624022477,0.9115158496685433,0.09829752883170788,0.13547693088861773,0.0,0.100270542490563,0.31201016143727445,22.71315691618,56.0,3
117807,4.824000686513771,1.0,103.44339714822341,0.8503073162091651,1.0532791897548954,0.025893961398768567,8.279897536347646e-06,0.13095014562991805,0.11828452903796835,0.19617970441626129,23.77079136930932,59.0,3
24398,2.81870192439919,0.0,95.38135161010915,0.9356488839762348,1.6298375202430835,0.09141646816813875,9.748579415021702e-05,0.009136531138034363,0.09570786137811908,0.4667357229045698,21.73814446435289,16.0,1
79818,1.5954046671017168,0.0,57.22223375601108,0.3328090542398401,0.23133524060775695,0.032756846992377936,0.3710402486225331,0.14843876050703148,0.06971386977315287,0.08605683009437633,24.030891417603694,32.0,2
104298,4.359420279727952,0.0,112.96626960742334,1.752687621763492,0.7086058516452183,0.041777130381945686,0.09277239074984024,0.0,0.104861145959801,0.4856370331868439,27.286307572007797,35.0,2
157177,5.701060861471607,1.0,169.91699185288093,0.8503073162091651,0.7574094640680615,0.023890353676344383,0.27590901786834404,0.0,0.11407800504076084,0.3867677441611076,21.702657056112074,23.0,2
58257,5.270402895934253,0.0,127.32431122242926,1.3230403074748542,0.9612883852905215,0.09998279941324975,0.02176539574795683,0.00010495789435948806,0.06840641496750414,0.3564489745952911,25.953415052482796,17.0,1
18844,2.81870192439919,0.0,121.50048256618412,0.8799567951318898,0.9341893605956845,0.036177528458350545,0.22516613192824542,0.1188112932445284,0.12148854744236103,0.4622253199987333,21.93571023915392,19.0,1
68247,3.873488880460096,0.0,174.6086867468794,0.7830919477975231,0.8628581206184712,0.032054095044992494,0.06001745175361135,0.1485484678378855,0.07344443758622808,0.12405157644659484,25.3423385070704,43.0,3
56380,1.5954046671017168,0.0,90.19693528291684,0.8799567951318898,0.41704913999794835,0.08029540932132537,0.3315961599830793,0.1446466453551033,0.07907699494507488,0.27840777189583293,21.880458501664958,36.0,2
70509,2.81870192439919,1.0,133.49700927100147,0.8478595149544487,1.3246387704294853,0.026953409443536608,0.004962882796202298,0.014176275640349664,0.0944893301378407,0.25869452132756765,25.746644116417176,56.0,3
47,1.5954046671017168,1.0,38.57271298296065,0.49782115714739317,1.3029499461191854,0.058717534870942424,0.012751715278126845,0.009628717289747853,0.1340154924426626,0.3940899342910126,27.679493693308235,11.0,1
63170,4.824000686513771,0.0,67.22454617439924,1.0251752790418884,0.2798798920988196,0.08489042627422848,0.36721859571827453,0.14221115890829372,0.0846000186739813,0.15978487678331918,24.86047471730134,27.0,2
133476,2.234779091684268,0.0,117.78662922649936,1.437000860302872,1.420545549682991,0.037503497957860635,0.007905355412165744,0.11864383254650614,0.10673525114395638,0.5941437966272379,27.545470888968303,44.0,3
9772,6.117892928831929,0.0,134.7115507061768,0.8824506569237538,0.9362622300425101,0.02770197444137078,0.04736046046136347,0.012377812595437692,0.11843967107822272,0.22849210047277335,26.847240535057285,64.0,4
16972,4.824000686513771,1.0,85.17851474975114,1.8522407310256643,1.1376138905461024,0.07790245322973517,0.1988539897807107,0.0,0.12892496155362296,0.6099729853020663,26.640074919691564,50.0,3
117603,4.359420279727952,0.0,161.01971723763324,1.5528898930012174,0.7347269443802338,0.055966441356183075,0.1614580741411667,0.13570989269086825,0.10627575941954966,0.35276125013630455,24.887900326498055,41.0,3
24740,4.359420279727952,1.0,149.78636704946638,0.8405372437315713,1.6059025151258526,0.04557037994341877,0.017527096931831115,0.009628717289747853,0.12807164233603202,0.5205610680472806,25.225120327611133,61.0,4
52230,0.872923795046736,1.0,125.74030779100083,1.116173191799425,0.7517134112457518,0.09220467864151599,0.2886503818235435,0.038095985548351606,0.07523239892816581,0.3849355163638353,33.32028726445786,39.0,2
148674,5.270402895934253,0.0,88.91022147328397,1.489348138354589,1.4939002107471904,0.02844379682282684,0.27192601356089097,0.0511562331999858,0.07253143383276514,0.4910249444225651,26.627312748067947,53.0,3
44137,5.270402895934253,1.0,88.32447468199422,1.5698625629767227,0.7958178421299469,0.09200993864114734,0.2678369711125156,0.0,0.07389614600927014,0.5623496876972396,27.718948517643337,31.0,2
29161,2.81870192439919,0.0,117.02446075316107,1.232038730877049,0.8290620173475927,0.036177528458350545,0.2665568873392643,0.0,0.08111111514562246,0.5428290888758212,23.428194674520956,30.0,2
50922,0.0,1.0,72.7591621748245,1.347912282370425,0.7958178421299469,0.07331527306353508,0.03325079712840182,0.12043151118854074,0.09386772939038489,0.3157291000839103,29.883536172150826,12.0,1
115078,3.873488880460096,1.0,122.29418202830576,1.2984243322312379,1.1218625664872488,0.11069945647795845,0.15058911051770973,0.0,0.06515398295072336,0.3564489745952911,21.24630347427682,70.0,4
83,3.3619271977508447,1.0,135.83435783813417,1.068784255159413,1.2225035455976938,0.09220467864151599,0.10359265120566807,0.0,0.14290885161779845,0.8373236460381878,28.72520166007055,44.0,3
140333,1.5954046671017168,0.0,160.58452186238546,1.5903688309600632,0.5973074966131857,0.028885681770251494,0.3051012612299239,0.14442361780710447,0.09999929605428569,0.28776582155373864,28.56595220171592,23.0,2
155037,6.117892928831929,0.0,45.91385191060482,0.6653940706483308,0.4704547534652788,0.09495055493920068,0.37483015478170034,0.005864813330088342,0.1429452837490557,0.470341237512751,23.416855395913792,5.0,1
128679,5.270402895934253,0.0,87.65817996797496,0.8284037357211327,0.34802053343545675,0.036177528458350545,0.2850001772440109,0.1413336012658936,0.062121579541474924,0.17802005621458933,23.87168861008586,25.0,2
48654,4.359420279727952,1.0,132.80371117368665,1.2710355796097998,1.4305595995732223,0.0719035626650213,0.006927442155667886,0.004905852458809698,0.07610775407689287,0.4495753109342876,27.699610194154882,53.0,3
159472,3.3619271977508447,1.0,113.91210943266874,1.4048176378816764,0.33061589901214944,0.11029334661670147,0.21157937986456504,1.7599881663821054e-06,0.07989911657905567,0.304563566592905,27.171348592586135,27.0,2
605,1.5954046671017168,1.0,139.0201290009787,0.9615409198141054,1.257705099064472,0.03684347528477961,0.011788166338059581,0.003939573289650818,0.08384328428839721,0.5017843279773949,26.594006247856576,78.0,4
62883,1.5954046671017168,1.0,136.38524926901977,0.8091720843236079,0.03498645598094738,0.04239344321751032,0.35357646934594433,0.14798361083700573,0.08111111514562246,0.03642966224739904,29.055297801498327,6.0,1
37092,4.359420279727952,1.0,130.9876210398113,0.8924617548512922,0.9633865604732803,0.09844389461644934,0.36860238188452427,0.01769303436637822,0.1254539880533494,0.8153093455915745,26.654936948780893,13.0,1
70377,5.270402895934253,0.0,142.83727468142877,1.1791344541649518,1.1308513369073827,0.02770197444137078,0.232394038701296,0.0,0.08716837634649345,0.5897388344096739,24.696873430300787,57.0,3
104682,3.3619271977508447,0.0,114.9748387557418,0.9851555438001129,1.6432088154910538,0.036644315941649026,0.048650468459405787,0.00011994500725293128,0.07610775407689287,0.12696004704742558,19.36617383339207,45.0,3
145989,5.701060861471607,0.0,117.009107799001,1.232038730877049,0.9300494478737024,0.07296675335244636,0.10003407720918936,0.0,0.11634650289624089,0.388599298650405,26.536673692907065,51.0,3
67409,2.234779091684268,1.0,104.8379809146472,1.3888789288233903,0.8310347149247238,0.03482762600454365,0.23041492083456172,0.009628717289747853,0.08150955334797905,0.5765029649516105,25.681695573692895,43.0,3
107638,5.701060861471607,0.0,89.88347504019804,1.1133552989984767,1.0186256893922574,0.0719035626650213,0.025948304091180735,0.10261970860420891,0.11296729991626979,0.6693762543425813,28.13562757912769,8.0,1
3065,0.872923795046736,1.0,147.92732300061374,1.713043318578456,0.6883393129818888,0.04843439090520536,0.0421449613639152,0.016823724306544618,0.11061603839739241,0.639751861069095,25.39618990048637,46.0,3
7915,5.270402895934253,1.0,112.02959517348631,0.9511404885049599,1.2671692686441056,0.022157607755491655,0.0014070342200150068,3.069963994736811e-06,0.0878799146864748,0.563235334781676,23.767380510183273,61.0,4
70759,4.824000686513771,1.0,88.09535044344842,1.6006790321669766,0.9259172992484815,0.10337243046019386,0.010821767172170031,0.0,0.06776790858233991,0.43417279113429047,28.00487670000245,21.0,2
52414,1.5954046671017168,1.0,135.5738250577578,1.0909488099104507,0.9529151814138451,0.026576577269376928,0.23551596238262423,7.129805793741199e-06,0.07207008747600625,0.42054376079082423,28.56858624090474,31.0,2
86456,4.359420279727952,1.0,91.9526396895559,1.3857033743699478,1.2108708886987363,0.11255177811980693,0.11936872550991845,0.0,0.10829773278800112,0.5035754392914052,26.387213132182865,48.0,3
64349,6.117892928831929,1.0,89.52732249620438,0.7783950615769446,0.9781284470444853,0.06056899457987591,0.06248535294461734,0.011468359494094787,0.11041192561352685,0.6606790044748683,27.154602046407078,1.0,1
96555,5.701060861471607,1.0,105.55505260081095,1.3168623695632067,0.47848134249935176,0.03041356110871576,0.0219524717909494,0.0,0.0912961293942096,0.2737217164713884,26.37079163917462,1.0,1
50508,1.5954046671017168,1.0,180.1245386754395,1.338555201025666,1.5900409064989947,0.07851550707857491,0.007905355412165744,0.14726883638737148,0.13215685807976912,0.4014014281029086,32.403137444760915,2.0,1
7783,0.0,1.0,96.06075621248785,1.814995089313839,0.6755598265644066,0.03482762600454365,0.3166178575193311,0.08129859283466698,0.07479010183432175,0.4041404961216831,26.639285627703757,49.0,3
115260,6.117892928831929,0.0,155.67308684641324,0.9719997127794917,0.6466911138682083,0.05918638842682127,0.21376733495324746,0.12602863839372966,0.08229821707572699,0.48024360588362286,24.89423700166202,33.0,2
112745,3.3619271977508447,0.0,133.5673150108913,1.50925136242719,0.8749185103672998,0.06776810307407538,0.1482346753096205,2.4097781308447024e-05,0.07019179955184995,0.43144989461358074,28.544246418891163,28.0,2
138858,0.872923795046736,1.0,75.74081201326067,0.44177827531720376,0.01465974797524305,0.032896640880451446,0.3753400103877654,0.14814663838183756,0.07113757653068406,0.13664057928942153,23.738090360490453,50.0,3
27562,0.872923795046736,1.0,63.30334017007876,0.19096286448886896,1.691784810850091,0.04071676728200563,0.11056948609566525,0.1478281207680936,0.14566687985133212,0.0,22.620121430254464,49.0,3
89247,4.359420279727952,1.0,94.83838505929528,1.5461302380608775,0.3895991011099556,0.05276348676969412,0.3106365471241815,0.1485905385235853,0.08571582562284803,0.17610414704469207,20.167614243186947,7.0,1
106455,4.824000686513771,1.0,109.54350275541039,1.1246497122921346,1.5611583427172575,0.06106709170048389,0.012077529782783506,0.0,0.12405459357167793,0.5419401255638323,25.69935858837445,37.0,2
9133,5.701060861471607,1.0,129.0922275397468,1.1966292274711101,1.319804715011444,0.02770197444137078,0.03144101174407487,0.0,0.12162428428057229,0.6414987105437209,28.392492798319594,62.0,4
150748,1.5954046671017168,1.0,86.40892718764454,1.8710297385230998,0.3049719219434852,0.11931010300010653,0.23551596238262423,0.0,0.08497450704940865,0.372090967206333,28.571470950627127,19.0,1
7836,1.5954046671017168,1.0,137.31103084536622,0.8527586441232778,0.5527359021169996,0.03414355059055638,0.3472617649024948,0.0009961907158109078,0.09417957066797655,0.2709078202006909,27.512281777043096,23.0,2
15783,3.3619271977508447,1.0,173.22583767598454,1.7309982986371468,0.7328489612337938,0.03345331143459896,0.131070708116066,0.14824048470688458,0.10894620868502075,0.8601032523396019,22.40237519068423,28.0,2
43898,3.3619271977508447,1.0,83.5322172809828,1.2083700310814445,0.6271184303094184,0.07007114572550133,0.2300164851229946,0.09780148013539323,0.08307607176161669,0.22375482435312113,27.71971673779111,37.0,2
27714,6.117892928831929,1.0,113.8607340322357,1.4663162944046058,0.13232421621990417,0.0689341804959577,0.32381489060734037,0.14831419246295957,0.07654086052747315,0.2511625677425661,20.421414174873576,12.0,1
131745,0.872923795046736,1.0,87.27406650176911,1.4467356640090427,0.9259172992484815,0.11069945647795845,0.07135967865258865,0.0,0.13641425280078556,0.39043018103571125,28.72082787243563,13.0,1
134456,6.117892928831929,0.0,70.75074165524441,0.8924617548512922,0.6025297380460697,0.1152946772387566,0.28037777348200726,0.0,0.12787593330562827,0.3472244379771469,24.694242092600355,29.0,2
82298,4.824000686513771,1.0,120.2473680601192,1.0660306262012467,1.1694107022410731,0.03134499269087866,0.14764237027396704,0.0,0.11389577405950702,0.5446065792778642,24.191491187730968,42.0,3
82933,4.824000686513771,0.0,112.67303539857177,2.2369738869011435,0.4450681356611424,0.05197465938294587,0.3163930134310159,0.0017087538976432416,0.06291794151879873,0.2624558909370821,26.244484521624244,25.0,2
97623,5.270402895934253,1.0,86.50511456428653,1.1417057923154803,0.5955704093858848,0.05631163987576615,0.34743304895058974,0.14682824890277488,0.09227673809299898,0.39317524704291157,19.876111946889406,42.0,3
4403,5.270402895934253,0.0,121.11863229304612,1.6951965578252368,1.5351222119478976,0.10038079826288383,0.2044080949271225,0.0,0.04958079604023858,0.6571964343496536,27.277506168071046,19.0,1
133622,5.270402895934253,0.0,142.8870094732421,1.3857033743699478,0.9696927940084842,0.025128935598260807,0.04450298537833419,0.0,0.0559533571002635,0.7376339196406687,28.620731155998474,43.0,3
47912,1.5954046671017168,1.0,101.18972493887526,1.0414166221981487,0.02651463304945561,0.03516737135838585,0.375466997075387,0.14862483687317665,0.054964171503017314,0.35737047171995895,20.15840852076336,15.0,1
48673,6.117892928831929,0.0,139.79372774242145,2.0611052313033036,1.042395729804522,0.10558557925566092,0.10003407720918936,0.001303468708439864,0.05873728712785969,0.6728515002130602,28.56118542328614,40.0,2
66548,0.872923795046736,1.0,142.73282353860708,0.7459014238100226,1.6593243330522978,0.061916456303725574,0.0,0.0900194552819806,0.12051510801643173,0.3361318741060772,29.72171829756303,42.0,3
71396,0.0,1.0,33.69335789782286,1.5427567021324977,0.48817207662737105,0.040085503505564654,0.2889273505092688,0.14224708538862296,0.09323773806836998,0.7135315184130544,28.57084385674329,9.0,1
51563,5.270402895934253,0.0,112.41057541455163,1.1360051413715428,0.9612883852905215,0.09844389461644934,0.13919151447689318,0.0,0.07782218133052284,0.5694308716311162,32.13707540609849,64.0,4
35761,2.81870192439919,0.0,111.78752503422706,1.6075736872862627,0.5834619703150993,0.0415290707388654,0.16201610323787796,1.729885669123965e-05,0.07610775407689287,0.58621235383743,24.895889867661207,20.0,1
108275,4.824000686513771,1.0,132.87909473064906,1.3698863849283012,0.49792712282742835,0.04444855031782293,0.19217553698332104,7.447880114665604e-05,0.04329944618246154,0.43144989461358074,20.161265769257003,27.0,2
67730,6.117892928831929,0.0,135.6389649717796,1.6563128757565557,1.4130567522589161,0.04770181886559934,0.12787458610078709,0.0,0.11041192561352685,0.47124222729765775,23.769654452995333,51.0,3
135615,0.0,1.0,123.02109265987286,1.3014873780326923,1.178567726183657,0.05824462509301763,0.15694397548208475,0.0,0.11600931508282333,0.6971203482380626,28.183001571511404,24.0,2
148057,0.872923795046736,0.0,124.0570219978801,0.6939649337958178,0.9550055590897916,0.08280689613768356,0.006702111315518117,0.0,0.05161778448463973,0.3370572240184057,27.09001653397482,39.0,2
132431,5.701060861471607,1.0,97.02864507026432,0.7413141514439969,0.014557549460022282,0.042085969832141766,0.375466997075387,0.14868488297490098,0.07567160824092482,0.1443692107658123,26.89941747450959,49.0,3
25147,6.117892928831929,1.0,110.13222177074657,0.7073417138831405,0.8094399761009098,0.05181565204652488,0.25831355985763427,0.0,0.062334781593264214,0.4667357229045698,30.641740019999457,10.0,1
80620,0.872923795046736,1.0,80.35520067146888,1.978314396768651,1.1900592475800453,0.060341027895466415,0.03035010374323756,0.0,0.05336777299748834,0.12889791880300963,24.61174337111617,17.0,1
64007,2.81870192439919,0.0,74.21388929506568,1.3762010353347607,0.7422576704438388,0.08612600426799331,0.0421449613639152,0.0,0.1046199903677044,0.37300954001041753,29.595060868994473,51.0,3
69431,1.5954046671017168,1.0,117.26495277872073,1.4959659338530724,1.4355790578709804,0.032756846992377936,0.07215307736630519,0.0009961907158109078,0.07697095147323091,0.677192634794403,25.43109750199467,54.0,3
27425,4.359420279727952,0.0,129.09727374304725,1.035987948999315,1.3636064357556406,0.06322975991368103,0.22310681446648367,0.0,0.10186112363500793,0.3240861578407269,28.931005266354642,48.0,3
74745,4.824000686513771,0.0,92.46094944767646,1.5293044363985917,0.14429505088213274,0.03789669224235712,0.2655899324840549,0.00017787902088633876,0.07344443758622808,0.29243786124942284,22.385657599490365,1.0,1
42335,4.359420279727952,1.0,155.57482994267792,1.6006790321669766,1.4280529796370869,0.05328367386024081,0.1680649782500538,0.0,0.0571585712331885,0.5641208390442669,24.93072050526697,47.0,3
109077,5.270402895934253,0.0,124.92949109195172,0.5486362213143707,0.23662190264723806,0.026198033914667747,0.3570577544941999,0.14034861760014505,0.07389614600927014,0.15689863189189093,21.57230308157737,9.0,1
84329,5.270402895934253,1.0,131.28467886935172,1.2142637860645362,1.7548589521511095,0.05978989723063145,0.07341796172572304,0.0007528270826231555,0.1085152749541968,0.5178827095260955,28.81208326712566,8.0,1
101101,5.270402895934253,0.0,66.8976577747908,0.27257088459193435,0.1613257379612461,0.03134499269087866,0.36721859571827453,0.1486979383007315,0.07654086052747315,0.11045214003547281,19.528274597355754,38.0,2
120272,2.234779091684268,0.0,118.17000398257059,0.9459621033695175,1.0664045786492466,0.09546239530113286,0.1912034946595629,0.11544880796978638,0.09600744425199255,0.581801103291445,35.508372494557136,13.0,1
65198,2.81870192439919,0.0,107.33433958907324,0.8405372437315713,1.824703936572628,0.030197061090221734,0.010434406921574664,0.12339515794623954,0.10604378231919075,0.45409671780157784,29.183925377809977,18.0,1
83297,0.0,1.0,78.64085293633863,1.5562760176399235,1.0186256893922574,0.04046493489461378,0.25069643121022134,0.0,0.08229821707572699,0.4892295852117562,23.190731163677697,11.0,1
38440,3.3619271977508447,1.0,111.60205890737734,1.2083700310814445,1.0995302396656046,0.030773095804082808,0.002003977913113377,0.0,0.056758869328244754,0.684131723091564,26.766026341422513,38.0,2
34533,0.872923795046736,0.0,111.35985621307235,0.5249208133713501,1.0510985468541778,0.02844379682282684,0.06330339403872892,0.13827762306552632,0.13042169024990238,0.5250220325545847,25.47953396471619,50.0,3
493,5.701060861471607,1.0,109.58483110381897,1.0770677015296135,1.2201729728079924,0.05117544300866493,0.2370566471492302,0.0,0.0834609979772711,0.7547906905198852,29.18207114650181,15.0,1
142597,6.117892928831929,1.0,149.80118649946778,1.2831687122254798,1.2933635885898236,0.10326311031119288,0.12463698198191898,0.0025449531809544697,0.13599807026133018,0.5107338658349185,33.32107730012749,24.0,2
149687,3.3619271977508447,1.0,106.90935662369327,0.6204196326368729,1.7714992544604575,0.038287787309064854,0.0012974785472601887,0.0,0.11828452903796835,0.4865354007105218,32.165414850773935,11.0,1
1836,2.234779091684268,1.0,124.61509726313311,0.9330796361672831,0.3731024592325629,0.10139935755464843,0.3287896266763531,0.12488166899894099,0.1357832242966237,0.3610547290259492,25.007699003208884,24.0,2
1350,5.270402895934253,1.0,109.66748111693417,1.3604447167824396,0.8911068094754843,0.026198033914667747,0.18973683608982944,0.008698409363821236,0.06776790858233991,0.7031718835524514,24.212129538876503,59.0,3
119957,4.359420279727952,1.0,102.52087443427267,0.6675719032394865,0.5783000164936618,0.041342447356368994,0.24308780253403353,0.12735141084815144,0.10388706186522997,0.2690309433417808,25.08205059055568,52.0,3
135236,0.872923795046736,1.0,98.56706857944869,0.4436023788930477,1.0358893422160114,0.029834923427193325,0.11936872550991845,0.005011695246071077,0.06850412453748891,0.5967851052426851,32.172121267868405,10.0,1
145241,6.117892928831929,1.0,96.68162678822522,1.4144297135629609,0.9259172992484815,0.11532079873085721,0.0850851760984166,0.0,0.10557531116723944,0.48114289466383386,27.26844387790013,38.0,2
93029,6.117892928831929,0.0,128.92063981204444,0.8043990271576443,0.22738773227913406,0.029907481693841425,0.3691499569589991,0.14844628185416234,0.07253143383276514,0.14726385588242943,27.238394177947974,32.0,2
58981,5.270402895934253,1.0,93.50279870118784,1.1937037408317457,0.15764955306624195,0.0462113194824791,0.36101684529083516,0.14768326310243535,0.07479010183432175,0.05284252852223029,24.38854438912952,23.0,2
140644,1.5954046671017168,0.0,105.38883726836231,0.7344587426213406,0.44035862382797525,0.04673112473458526,0.35325380501230214,0.1097187703044099,0.07989911657905567,0.677192634794403,35.567964347213206,40.0,2
55437,0.872923795046736,1.0,127.31925501723946,2.187027436278164,0.8153065731672732,0.11228194452486069,0.0011779222306249246,0.0,0.07253143383276514,0.31665838257302165,28.430514513166344,37.0,2
97515,3.3619271977508447,0.0,97.71164868986696,1.2559580752183774,1.2271707574696977,0.041342447356368994,0.2460265192220273,0.0,0.1261174700059207,0.7281767403020308,26.91039331592508,21.0,2
73471,5.270402895934253,1.0,136.2750965232079,1.1588997572047788,1.1286011489630472,0.07226092540897922,0.1642345639618373,0.0,0.09386772939038489,0.48294101076463797,24.04499574205879,16.0,1
20690,0.872923795046736,0.0,41.49886195753803,1.0332792011007887,1.5847705774637866,0.0363111945750574,0.0014070342200150068,0.0,0.11334218617191304,0.3536834419639886,22.910848461988365,22.0,2
122959,0.872923795046736,1.0,193.39627893486792,0.3443482734679498,1.5559343178098457,0.05824462509301763,0.010821767172170031,0.11600597990351828,0.09355379050258464,0.17897769686555445,23.59327155923075,43.0,3
109482,5.270402895934253,1.0,174.48787118453393,0.41122628964620644,0.9362622300425101,0.03550559855419764,0.25661306681080637,0.12902527453437898,0.13475720148807846,0.12599077882340193,24.551727659414635,5.0,1
32631,5.270402895934253,0.0,121.67862056875326,0.4959087055025309,0.1912635312528145,0.038157654766122096,0.37328205313473023,0.009628717289747853,0.0692325431781873,0.15882300898583238,22.99611507777413,28.0,2
32755,0.872923795046736,1.0,156.23789168361208,1.3014873780326923,1.1286011489630472,0.026953409443536608,0.19506447347566547,0.14798361083700573,0.07389614600927014,0.27465930423277096,26.50262972285502,27.0,2
93625,0.0,1.0,121.3783091895977,1.5259518253987494,0.9259172992484815,0.04843439090520536,0.31818041246442436,0.0005388877422941745,0.08384328428839721,0.41325998704410216,23.617402062640217,29.0,2
71305,0.0,1.0,134.76170454031904,0.9641501397610845,1.2225035455976938,0.03134499269087866,0.07842206986670712,0.051465821131267325,0.12892496155362296,0.7889591378426426,24.609383514772098,52.0,3
7976,4.359420279727952,0.0,90.84461542751586,1.6214139493243716,0.9993545321705947,0.053799353682425805,0.09570049597102921,0.0,0.104861145959801,0.51341580185349,28.346366845344363,72.0,4
91405,2.81870192439919,0.0,110.12705952802264,1.433764130961678,1.0751944363573847,0.09844389461644934,0.2292169810837569,0.0,0.07298954199416931,0.5169896259943355,27.936670442892147,16.0,1
146044,5.270402895934253,0.0,125.10692145836403,1.0090676336197404,0.7997003756155685,0.039448600807730404,0.28125563818496374,0.0,0.06776790858233991,0.7316174461161188,28.87899473751009,43.0,3
933,4.824000686513771,1.0,66.17659197674355,1.6006790321669766,0.7216204794212896,0.10999102442631178,0.237821988557352,1.3299932422772305e-06,0.11200919934125854,0.21046390307817353,29.24272453435395,18.0,1
44920,5.270402895934253,1.0,40.58430349472695,0.28026797556529187,0.1347054969338301,0.03516737135838585,0.3753400103877654,0.14854135749879283,0.07160547706998972,0.09671080589902291,19.561008433017086,22.0,2
30873,2.234779091684268,1.0,104.87437095555474,0.6246407414236833,0.09623309519463974,0.029907481693841425,0.3659547628917664,0.09406430598007999,0.07567160824092482,0.3008358881800992,29.21086445092348,60.0,3
107710,4.824000686513771,1.0,115.86193637496345,0.1937348163193579,0.044411690558955434,0.036177528458350545,0.3626433241814785,0.1481025603478846,0.0692325431781873,0.04177618440531738,21.209652795587445,46.0,3
39237,5.270402895934253,1.0,155.8401031772091,0.9851555438001129,0.449793561881308,0.03345331143459896,0.354058506913551,0.14508769224433146,0.07866163055322024,0.5125219727084062,26.058251478085733,26.0,2
37869,2.81870192439919,0.0,150.96632676778106,0.6246407414236833,1.0532791897548954,0.05009339799691467,0.29382210221966804,0.0,0.12717284007352847,0.2980382035009999,28.091878646358758,24.0,2
116721,1.5954046671017168,1.0,102.52608974980224,1.6248846462339144,0.5275795784089966,0.09389050618719966,0.25763548768408095,0.010552014101597989,0.06627170617944157,0.3370572240184057,28.39589350573453,6.0,1
33546,4.824000686513771,0.0,145.56903284238913,0.977251050003743,1.8303496651633075,0.038157654766122096,0.0009985074216367666,0.0,0.11081886050973534,0.5044707688151407,24.60896705363358,46.0,3
81147,4.824000686513771,1.0,123.89968138086444,1.886141037519727,0.9570978852161511,0.11058541423287303,0.07420568102693714,0.0,0.030452561621300566,0.7384929225256075,20.32163246059198,51.0,3
112701,5.701060861471607,0.0,146.1690299969799,1.3354442055656686,1.160285808401269,0.02844379682282684,0.19458579580402588,0.0,0.08422295110813957,0.6711141375205762,25.51070646708466,14.0,1
107273,4.824000686513771,1.0,140.30745733133182,1.7855160893099271,0.8310347149247238,0.05992821307386076,0.3233907084761867,0.14845377296858217,0.06006529268604362,0.18280617176269412,26.76458393078157,30.0,2
156407,3.873488880460096,0.0,100.38983495808633,1.6633439737814455,1.044568472103753,0.037503497957860635,0.0019940376062208094,0.09470779463649132,0.061046331132959944,0.0880137468287464,22.611450456064876,26.0,2
57730,4.824000686513771,0.0,152.7264047457782,0.48260774743591484,1.2506282976724197,0.06056899457987591,0.32858651853078835,0.001984806558653298,0.12737664277608474,0.45319275256535035,22.002098805881708,29.0,2
117835,4.359420279727952,1.0,93.55035618544125,1.6318388174675127,1.486230640455675,0.10948497434873768,0.027789847142669463,0.0,0.06318149722485808,0.4150819119420289,27.612024228737997,27.0,2
109354,0.872923795046736,1.0,120.17089835225654,1.0660306262012467,0.5325783271168508,0.031416190501524055,0.2684731067739852,0.0,0.07004877567117059,0.1999933056484613,20.70994039730459,17.0,1
58005,1.5954046671017168,1.0,179.02236725257546,0.6459421267605535,1.4080745642651042,0.030629476337651843,0.1827532997044595,0.14861119938559042,0.13208253970582007,0.03959883734464437,32.86180648729372,32.0,2
32782,6.117892928831929,1.0,128.91559261930087,1.2862118976616896,1.3709714197337277,0.040085503505564654,0.018473777957743368,0.016823724306544618,0.09600744425199255,0.5196684304319891,25.437206384244462,41.0,3
111893,5.701060861471607,0.0,128.42083024766413,1.347912282370425,0.3760861961379488,0.08889717616409516,0.16697724760173577,0.0,0.08608269509259017,0.3684149667388865,21.871290873582836,25.0,2
132684,3.3619271977508447,0.0,132.41161777350953,0.9025300258404296,1.777063188483045,0.0708133464056408,0.0009985074216367666,0.0009961907158109078,0.1125876738958727,0.5410510166898501,28.185533408869752,2.0,1
119365,0.0,1.0,64.59186176895233,1.2054289960576283,0.6628713893276507,0.11739968553413803,0.14645328997075285,0.14651288878424606,0.0571585712331885,0.18854264528804643,30.981300195237484,13.0,1
25969,0.872923795046736,1.0,127.31419878330036,0.8924617548512922,1.3907019974812584,0.03345331143459896,0.056694445884583236,0.0,0.104861145959801,0.5062609762137036,26.617705482296742,23.0,2
58339,3.873488880460096,0.0,93.62432763743767,1.8112948160060567,1.0818076464946016,0.09596252188748704,0.019040454878118153,0.0,0.14526190420404758,0.5463834888224122,22.903854694316152,36.0,2
74986,3.3619271977508447,1.0,122.12634569745128,1.4208581649724286,1.0707955444139763,0.029178943760520885,0.1827532997044595,0.0,0.12022932698877,0.6336336735553394,26.091888084318096,28.0,2
78458,2.81870192439919,0.0,62.28551718254551,1.1246497122921346,0.6042741472907891,0.11697827856533251,0.3210304668545022,3.9499403950346955e-06,0.09804963764136568,0.5383828155329159,33.29680602860493,40.0,2
10528,5.270402895934253,1.0,97.10748813219918,1.3920585419964056,1.1331035227505035,0.11276851657666974,0.008958249719601182,0.0,0.08190524688566762,0.5348231690526993,28.68557101826532,52.0,3
3741,4.824000686513771,1.0,121.54629304908318,0.8429744814568473,1.752093072887597,0.054817363853910714,0.0009985074216367666,0.0,0.07298954199416931,0.5454951065995263,30.758392296895046,69.0,4
93651,3.3619271977508447,0.0,176.41466127464886,1.2142637860645362,0.971798776571637,0.02844379682282684,0.21506826913802218,0.13026494040826553,0.11617843095528736,0.6823977251492471,25.45186364286322,52.0,3
108397,0.872923795046736,0.0,126.08974134728916,1.3920585419964056,1.7410509764195912,0.050636785623080244,0.045631865334373974,0.14765109619313957,0.13833327278249974,0.7573599992273963,24.851512162679878,15.0,1
152742,5.270402895934253,0.0,112.48777861586161,1.3014873780326923,1.1106714973128837,0.05009339799691467,0.14465841868461957,0.0,0.12037265058829381,0.5809184321198676,28.421578756651584,20.0,1
133596,0.0,1.0,156.7042487893173,0.8308234223741906,0.41090010214946837,0.024666575841302687,0.3145794733439592,0.0,0.07824336696718033,0.23511597741337825,24.77572550734224,11.0,1
41519,5.270402895934253,1.0,118.81878001072106,1.2350149125555943,1.1671264680853237,0.029178943760520885,0.02409600998560086,0.12615240624428958,0.07207008747600625,0.5116279940761842,26.53904774501606,50.0,3
134924,0.0,0.0,95.19162717341727,1.3199493399191744,1.0467431886384175,0.06102200408319748,0.26623522842521585,0.004925103185917901,0.06928082946967935,0.4159926286676566,23.1869739271457,53.0,3
84519,2.234779091684268,0.0,121.73459908789853,1.3667351240154904,0.9508267515704789,0.093155845558655,0.14764237027396704,0.0,0.10107366171887236,0.563235334781676,22.997713608103698,49.0,3
2750,0.872923795046736,1.0,98.56182384473068,1.8039074821054202,0.895173163886735,0.0997124288993236,0.18726924343725465,0.0,0.07479010183432175,0.3693342235535494,22.09075654802985,12.0,1
74054,0.0,1.0,107.2410712799857,0.9025300258404296,0.4914166057609313,0.03134499269087866,0.2713039252323279,0.0,0.09999929605428569,0.22470267675408148,26.619679770543815,60.0,3
13221,2.234779091684268,1.0,99.6256915879891,0.9050560474853104,0.4930415516733339,0.029178943760520885,0.3494665287383906,0.0,0.07567160824092482,0.43689424042349,23.856806320114828,51.0,3
51111,5.701060861471607,0.0,112.01414612429954,1.2984243322312379,0.6377667747259554,0.04214757357992072,0.30211763121333013,0.0,0.05901585450163812,0.2793444188864179,21.709002343224167,8.0,1
77652,0.872923795046736,1.0,72.89058445648158,2.326016129115966,0.7631224941741739,0.10152244608703388,0.13857634901143603,2.0399841017327654e-06,0.12464975206108977,0.5809184321198676,27.29057814454956,14.0,1
127453,0.872923795046736,0.0,91.4439286756046,0.5229649023558965,0.9362622300425101,0.11011320908121598,0.030623186214899293,0.0,0.10937167434329613,0.14340389481984422,19.15295020811461,16.0,1
56671,2.234779091684268,1.0,182.90215373811924,0.6480902820411296,0.10080396775144336,0.10452341798063405,0.3677746731213747,0.12353430773619678,0.09776367429658296,0.3849355163638353,23.597556296433485,40.0,2
125127,2.81870192439919,1.0,91.45983199663978,0.9825170437964712,0.668298156335253,0.0814343853848159,0.19932274257607036,0.08639291508720771,0.1254539880533494,0.490127341111776,26.776383918729447,4.0,1
135475,1.5954046671017168,1.0,151.68648825597313,0.7231008787618839,0.5275795784089966,0.03482762600454365,0.3138925520714904,0.0,0.07113757653068406,0.3821859095722139,26.255778728605655,31.0,2
83867,4.359420279727952,0.0,113.22340299304211,0.8454152376174606,0.11934197262109546,0.029907481693841425,0.3710402486225331,0.14528338822632902,0.07697095147323091,0.17418739922926474,22.996405725221326,55.0,3
72430,0.0,1.0,135.278133668995,1.1445618616011808,0.5544274649064301,0.0431865287142909,0.3386941269429667,0.13065979317438875,0.08961697180144913,0.7316174461161188,23.214854406436526,63.0,4
8243,5.701060861471607,1.0,122.8838909805455,1.0909488099104507,0.6701107889329828,0.029178943760520885,0.2619930523580206,0.0,0.07989911657905567,0.2915038241674874,29.038804369138116,28.0,2
40177,2.234779091684268,0.0,104.43757115005468,1.4048176378816764,0.9529151814138451,0.10127534682474977,0.18426934876289744,0.0,0.09386772939038489,0.7281767403020308,24.410047001532792,30.0,2
108967,5.270402895934253,0.0,107.41205433123523,1.7635911034941345,0.8668705620052803,0.06395916717781647,0.18677221769714705,6.479839588637093e-06,0.07523239892816581,0.599425165844399,28.183254762233574,13.0,1
18331,0.872923795046736,0.0,136.09982722165768,0.8405372437315713,1.1946699466487898,0.03414355059055638,0.1786570689416453,0.0,0.07019179955184995,0.529479302078413,27.327829289919652,36.0,2
3929,6.117892928831929,0.0,88.56949053040881,1.6110273795933783,1.496460907685237,0.03462304693822591,0.1416366259819575,0.0,0.062334781593264214,0.40779027040891674,29.79051567344652,19.0,1
147770,4.359420279727952,1.0,190.3737635765293,1.0523187556135853,1.7548589521511095,0.03983142220934665,0.007172192560759054,0.139493130543902,0.1306711400951591,0.24361824637685142,27.0294943514528,17.0,1
25655,5.701060861471607,0.0,112.59070443273166,0.3560274796766916,0.3451025488963846,0.030629476337651843,0.34017060173897096,0.14079098886830635,0.090631273449164,0.35552730403390576,28.592285132713368,34.0,2
152798,0.872923795046736,1.0,44.454990311679246,1.3698863849283012,0.3597615049766524,0.06776810307407538,0.16914742208479003,0.14836968489759983,0.07523239892816581,0.1491925360676931,27.276082229747544,28.0,2
9615,0.872923795046736,1.0,159.6353064169657,1.4728761491942823,1.1106714973128837,0.0719035626650213,0.2180697686246851,0.0,0.08995736455673303,0.8102180588519682,23.16268649586853,21.0,2
143151,3.3619271977508447,1.0,112.03989437035679,1.670392228724202,1.2039155262962848,0.10401173324475396,0.1781395052452503,0.00032459686237629556,0.11081886050973534,0.5160963935823022,28.57096927627226,14.0,1
16834,4.824000686513771,1.0,80.20938801922546,0.6141123480098922,1.3077553750603137,0.029907481693841425,0.10003407720918936,0.1487428283688967,0.1228099104642298,0.8836404764239773,28.188191671028967,33.0,2
112894,4.359420279727952,1.0,90.56863585952361,1.6563128757565557,1.5170216896823014,0.05025691368938432,0.004578430983012373,0.14339962963345917,0.06697391089549902,0.599425165844399,27.28837820949888,21.0,2
70494,1.5954046671017168,0.0,143.0262536958315,0.4094558895082161,1.6512570269796654,0.07226092540897922,0.04649739313307388,0.002965912600349943,0.1426440802997026,0.24833490189782328,20.69372182238402,32.0,2
138949,1.5954046671017168,1.0,104.51038921967178,1.6457983485520453,0.4341039988334495,0.11516156137698857,0.09055548875425853,0.0,0.07253143383276514,0.18280617176269412,25.295767953771964,30.0,2
123134,0.872923795046736,1.0,130.66527968465883,1.0117429819484791,0.9950936437439697,0.029398196082016312,0.20847417397657522,2.9996562062366968e-05,0.07654086052747315,0.2332244270349452,22.460746985739746,6.0,1
46981,4.359420279727952,0.0,150.20617016981421,1.3261352750235784,1.0186256893922574,0.027253648886448583,0.07302328584630585,0.028186482127216028,0.07523239892816581,0.4023146165258838,25.705289355492425,28.0,2
100133,0.0,1.0,96.67110830934062,2.360489203240425,0.8369642726908375,0.07600145917456508,0.13857634901143603,0.0002607399555240929,0.07344443758622808,0.4041404961216831,27.29510704219695,15.0,1
8012,2.81870192439919,0.0,140.95048640187088,1.0224814030232345,0.7977581590258924,0.037503497957860635,0.03861793216455963,0.0009961907158109078,0.06874779249788905,0.5561461496395317,24.865161951055473,31.0,2
52396,0.872923795046736,1.0,82.44108350000258,1.0937363611747035,0.9508267515704789,0.09829752883170788,0.28809482449267676,0.0009961907158109078,0.07298954199416931,0.3656561673256651,23.15227233968386,26.0,2
43283,4.359420279727952,0.0,87.06590441133139,1.1907821343351075,1.550718696885937,0.03177121969776521,0.0023517019260328163,0.0024861049217741915,0.12065670517582489,0.30921905351352663,27.033532033502254,30.0,2
12022,0.872923795046736,0.0,99.09134124583909,1.1820405678953774,1.3513725909920593,0.09800143618007766,0.17605677935381134,0.0,0.06546055882929112,0.6910625738607122,28.560056369847395,18.0,1
17160,0.0,1.0,97.10223221249406,2.0332846826395863,0.8133491362738893,0.10698728321032973,0.32979984747365504,1.9899848713683897e-06,0.07567160824092482,0.38951482378095875,28.799112343657267,31.0,2
41665,4.359420279727952,1.0,140.5417880429138,1.1878644052004304,1.5196011969191976,0.02844379682282684,0.07686774310307744,0.12367263895685356,0.1225519383900256,0.5259137815807644,26.235446776916024,27.0,2
21282,4.359420279727952,1.0,126.83372524693254,2.045180298001813,1.1106714973128837,0.041962598355487504,0.05752870250965461,0.002965912600349943,0.09630503739313614,0.8356329859662347,27.972696468228964,39.0,2
139128,6.117892928831929,1.0,163.83708690193296,1.1360051413715428,0.9591921604105726,0.030844808525263702,0.20667737463872096,2.4097781308447024e-05,0.12121460761967925,0.6380044771041449,20.165868545804678,6.0,1
79306,1.5954046671017168,0.0,29.721700333521326,1.1966292274711101,0.556120840764112,0.054817363853910714,0.2905779107542213,0.14852705119053974,0.07523239892816581,0.2952388627866774,25.070811422489736,9.0,1
135742,4.359420279727952,0.0,100.58335560411255,1.6006790321669766,1.6755162905062593,0.03317547616112335,0.11194284909103239,0.00017188703737134976,0.1087314302634894,0.49551067655190706,27.023241646258708,35.0,2
132812,2.81870192439919,0.0,108.91813901120787,0.9101188546911463,0.8389446157210648,0.1136042213312547,0.15465320359065973,0.0,0.07697095147323091,0.41325998704410216,26.696599486698002,15.0,1
133616,2.81870192439919,0.0,118.20577653967064,1.0197912380668752,0.6025297380460697,0.054513815382196025,0.009104218732465625,1.8799864976421764e-06,0.0807099107755365,0.42963382439383313,33.321303022235035,52.0,3
55138,0.0,1.0,115.04666332169181,0.5486362213143707,0.9259172992484815,0.03684347528477961,0.2616620044246371,0.06915675674899666,0.08497450704940865,0.29243786124942284,29.458206514232923,26.0,2
60099,3.3619271977508447,1.0,102.33309781196736,0.9563334199741291,1.0100410881731547,0.0415290707388654,0.1997904096162951,0.0012341468831652564,0.11443906789033216,0.6038225012683465,25.926758995626464,42.0,3
17203,1.5954046671017168,0.0,134.64634672262295,1.3261352750235784,1.2201729728079924,0.05009339799691467,0.2855678070131954,0.0,0.08190524688566762,0.832250298026632,28.364646914608844,45.0,3
72413,3.873488880460096,1.0,43.3667259965936,1.246958858166756,0.35094541577501637,0.03373015066982788,0.36424191240932374,0.032357081046768724,0.0626534392312979,0.16939184884033198,25.97590419057855,27.0,2
139238,3.3619271977508447,1.0,73.83146274289258,1.698757269387999,0.3941347654998352,0.10682075272588769,0.0187572410526497,0.1472187256702987,0.0636012269960141,0.22185852236336234,29.174900693801362,7.0,1
140840,4.824000686513771,1.0,140.42712256795787,1.277094229670491,1.6085535048877457,0.06102200408319748,0.03861793216455963,0.050845532228205655,0.10999979085255757,0.7410691930752554,26.674525170080653,4.0,1
21395,2.81870192439919,1.0,142.9864716154855,0.8650682795653099,1.0751944363573847,0.029544034728669014,0.09055548875425853,0.0,0.12393343090235127,0.4793441631124205,30.27969617325845,28.0,2
150889,0.872923795046736,1.0,136.7556696015232,1.8484962499838813,1.2459205763017733,0.06816008079340606,0.0019940376062208094,0.13954276129820778,0.10581030322960991,0.7744609539463155,24.327457272404367,44.0,3
151414,6.117892928831929,0.0,78.36996746290836,0.8429744814568473,1.3173907569336416,0.03697595187732207,0.059024466947554206,0.14497539012073252,0.12973537823509393,0.36657593878089856,25.97001545684847,29.0,2
27362,1.5954046671017168,1.0,112.25614625517348,0.6057480280565445,1.4055865716025768,0.03964026701337921,0.004262649980871598,0.0,0.07479010183432175,0.10168630609411251,27.260027056590143,27.0,2
3070,5.701060861471607,0.0,135.533736728328,1.837289396713911,0.6484815224571175,0.10941971488836727,0.07191528815798365,8.259739358961133e-06,0.10627575941954966,0.19236282222973636,22.758993199660253,58.0,3
155051,5.270402895934253,1.0,116.49205651817459,1.1474217637968984,0.6112701122260614,0.09754875144648864,0.05333381640356864,0.0,0.12441380069370117,0.36657593878089856,25.02019284487039,1.0,1
38368,0.0,0.0,101.1165700298404,2.117422027987917,0.9823580025054448,0.09873331191373055,0.23160499351003486,0.0,0.08995736455673303,0.7470761963978335,24.48005114804116,1.0,1
61048,0.872923795046736,1.0,98.78731148425524,1.7781902494919293,1.262433119818314,0.06270847559058232,0.024745541088410733,0.13335539425568077,0.047940852345962244,0.3129401677457382,22.901085930495462,10.0,1
30705,4.824000686513771,0.0,93.67715928221388,0.6309968373439115,1.7054004852858022,0.0614711458158501,0.0009985074216367666,0.005864813330088342,0.0994514137349725,0.6849985289500192,32.62180465060058,56.0,3
86801,0.872923795046736,1.0,142.95166099392515,1.5159190404539722,0.8931390217637617,0.08226457702046334,0.03737387823890016,0.0,0.07866163055322024,0.6414987105437209,20.169835894033643,29.0,2
90661,0.872923795046736,1.0,130.58971446413557,1.2201731395132756,1.4658701681640962,0.10164462000814617,0.18020234098276874,0.0,0.07567160824092482,0.34168132433451065,28.92379231494458,45.0,3
90271,6.117892928831929,1.0,147.65015833194212,0.434511896914128,0.5510461517347672,0.04438898378389238,0.31862323659454755,0.14348958676172113,0.0807099107755365,0.329649459445562,27.5363401707996,40.0,2
26237,3.3619271977508447,1.0,128.86511913539303,0.870016916351664,1.2742887424067721,0.02844379682282684,0.08455490089482158,0.003939573289650818,0.11549563035956101,0.551710741535826,23.16080639565643,19.0,1
29585,5.701060861471607,0.0,159.909389667993,1.1560244956058299,1.3464934343650294,0.032756846992377936,0.003976213546291906,0.14794570384085043,0.0846000186739813,0.2999035103297946,26.19368618289874,30.0,2
102410,2.81870192439919,1.0,145.9855973270523,1.2559580752183774,1.6085535048877457,0.032054095044992494,0.06655282238106731,0.0,0.11828452903796835,0.6537117577120378,24.93085811035218,41.0,3
1272,4.359420279727952,0.0,130.30754893892603,0.7830919477975231,1.1376138905461024,0.05531977924046881,0.1912034946595629,0.0,0.08384328428839721,0.5410510166898501,22.906186110034245,80.0,4
114001,0.872923795046736,1.0,78.52709724582957,0.9615409198141054,1.5247664907417113,0.04438898378389238,0.21245753954102564,0.012377812595437692,0.07739805058592603,0.6257577563290178,29.221857629112577,9.0,1
7966,3.3619271977508447,0.0,137.17097011863686,1.6214139493243716,0.5578160303508729,0.05276348676969412,0.21201895798104362,0.0,0.0571585712331885,0.6693762543425813,28.16603425461215,48.0,3
87747,0.0,0.0,167.79020205292292,1.7382106712178036,1.4532125165491048,0.04954523409962817,0.056694445884583236,0.0,0.0929195560165614,0.7881072528363212,25.113967663889376,50.0,3
93174,5.701060861471607,0.0,137.230998652024,0.8235748656635028,1.79660463980821,0.09708557810085501,0.0019145044746599336,0.02482543219768276,0.07066635954166857,0.31665838257302165,28.55980546494258,22.0,2
25624,4.359420279727952,1.0,175.35747588150767,1.1274828423974343,0.8769353064372962,0.10852846367617025,0.17022461334284544,0.0,0.12855115469138523,0.4041404961216831,30.11703952341081,53.0,3
20303,3.873488880460096,0.0,99.57855952200428,1.6492989120715298,1.7465677416668217,0.04976507577742113,0.0026990631979200925,0.14830613545063218,0.12175920649046457,0.6858652061907988,26.4999894133128,21.0,2
46774,4.824000686513771,1.0,106.80566563834772,2.081114692943841,0.9053728438287705,0.1069043158630909,0.17553296004468336,0.0,0.057612899810003226,0.29897094882889713,27.2824248381407,12.0,1
83630,6.117892928831929,1.0,111.6432774087041,0.8067838170617007,1.5196011969191976,0.05009339799691467,0.0009985074216367666,0.0,0.12665284588910405,0.5773863402581226,27.798382458696505,45.0,3
31478,4.359420279727952,1.0,29.473041074817573,1.4273029632982537,0.41090010214946837,0.061916456303725574,0.24566192079379473,0.14538864290523457,0.08150955334797905,0.6003049092046717,28.129670312149692,9.0,1
15733,3.3619271977508447,0.0,126.52001251542083,0.9000075885026969,0.19634489859941956,0.026425365750075997,0.08019902976976555,0.1478679710128337,0.13666552586755118,0.16459101751161073,20.17158136229202,6.0,1
113386,0.872923795046736,1.0,110.91132458109904,1.1849505506472449,0.6901723993940194,0.032054095044992494,0.17917339349527653,0.14626896722824653,0.09417957066797655,0.11628585138727694,27.163041107562563,30.0,2
27652,4.359420279727952,1.0,151.09461068984317,1.0523187556135853,1.1534632002710248,0.10859994509028802,0.18173656703380087,0.0,0.12189331958493682,0.44323868162207153,28.256488319396833,14.0,1
70863,0.0,1.0,128.20870571169195,1.0660306262012467,0.8055384298711078,0.06969534196105091,0.19169008643354407,0.0,0.10696278729458521,0.553485336862008,30.40282927213263,52.0,3
83953,0.0,0.0,66.93091100916998,0.3971457665070668,0.288182827141673,0.036177528458350545,0.31087190645524865,0.14828992278854083,0.11843967107822272,0.26433542927204406,25.270688381970732,22.0,2
106938,0.872923795046736,0.0,131.91875171054116,1.0197912380668752,1.0337244907542096,0.027552803013641613,0.34691834404738436,0.10994108762794899,0.13050531086363082,0.17897769686555445,25.968409281143025,8.0,1
204,4.824000686513771,1.0,100.59381466375257,0.8774664929240397,1.1580096007646004,0.040085503505564654,0.012751715278126845,0.0009961907158109078,0.0834609979772711,0.5276968367130614,30.32246446863717,74.0,4
137661,4.824000686513771,1.0,103.60484772822336,0.8454152376174606,1.7081300168957543,0.1038017549402223,0.08379560804947994,0.035267599177157063,0.14248479321981056,0.470341237512751,21.977537252024835,47.0,3
144246,1.5954046671017168,1.0,94.9280314102471,2.0412105181439637,0.8608547809331345,0.10980454318077999,0.23081248243290878,0.0,0.06642276875193981,0.6423719350959114,29.7907594421659,24.0,2
10309,3.873488880460096,1.0,73.24635082421364,0.8675408250285294,1.8218843084598937,0.03964026701337921,0.0024112753206475615,0.14061673185062884,0.132877752641432,0.5160963935823022,29.794050186211592,19.0,1
127128,6.117892928831929,0.0,120.21168306271956,0.23072262969116245,1.319804715011444,0.04899224740895944,0.03144101174407487,0.14508769224433146,0.1393638175001956,0.019948787854519527,20.326684563843422,2.0,1
34337,5.701060861471607,0.0,101.07998974039849,1.0332792011007887,1.3173907569336416,0.09596252188748704,0.12915797286804528,0.0009961907158109078,0.13420548908334992,0.6117290310971855,23.583700415774985,42.0,3
72625,4.359420279727952,1.0,152.41108741609798,1.8112948160060567,1.3416224885557462,0.10816339972175154,0.23041492083456172,0.0,0.1031396955853106,0.5588056688922406,28.306500986874205,39.0,2
31934,4.359420279727952,1.0,134.06934493836567,1.4959659338530724,0.9993545321705947,0.07366089915094279,0.030532185089493704,0.0009961907158109078,0.06474316603131854,0.5844482742465293,22.135517735237773,69.0,4
99737,0.872923795046736,1.0,132.6127120540863,1.338555201025666,1.2529852016303604,0.06534527571603274,0.15694397548208475,0.0,0.09479702346996888,0.6893306308342276,23.47896072635591,58.0,3
138489,4.824000686513771,1.0,123.61030297715726,0.41122628964620644,0.3850791304369432,0.026198033914667747,0.3168422941571802,0.12150916954141164,0.06727271957900667,0.14533430943290376,22.178282415680336,42.0,3
50620,3.3619271977508447,0.0,113.14627175467943,0.7854455645604872,0.2208418052825745,0.03684347528477961,0.3587527883203148,0.1445486878845403,0.09689431395432624,0.3082883206301165,25.440464047875995,48.0,3
80700,0.872923795046736,1.0,63.84485677258098,0.4564555043992068,0.4139711117068804,0.044090360401503007,0.37036978544523835,0.14858359650791927,0.07824336696718033,0.03633058485711972,32.18587797772823,6.0,1
35006,0.0,1.0,132.64789906138375,0.6895327855205698,0.9972231075729378,0.029178943760520885,0.012751715278126845,0.0,0.0834609979772711,0.6632895533953425,29.14101017537473,20.0,1
112918,0.0,0.0,96.23970972441973,0.755116866294833,1.6674107491010164,0.07600145917456508,0.09350737751597628,0.018297684346138543,0.0846000186739813,0.5870941836445066,25.819813688190624,4.0,1
10516,4.359420279727952,1.0,99.27998236460677,1.5125831187873215,0.9487402689416761,0.05675240505934864,0.1434542782503005,0.00024377271670087325,0.07610775407689287,0.351838884233596,27.937052510416166,31.0,2
57986,1.5954046671017168,1.0,154.13926186265226,1.8785764755549763,1.2529852016303604,0.0708133464056408,0.009852506517610308,0.09106104626622927,0.03840784547668215,0.31665838257302165,26.893144196182078,1.0,1
133175,5.701060861471607,0.0,154.97526983129143,1.767234330366132,0.7272262776524988,0.03743776061128075,0.08906753062547003,0.0018961396228793302,0.05652955654759033,0.7470761963978335,27.417452406834425,23.0,2
11047,4.824000686513771,1.0,159.92407079686114,1.5562760176399235,1.1854566026281719,0.03345331143459896,0.1252878557882259,0.0,0.1323042586793445,0.6754565700006173,24.74434340303912,61.0,4
139683,2.81870192439919,1.0,156.23789168361208,0.8020177118754851,1.2838098666500841,0.0756753591574628,0.054177532011139076,0.013280431973232367,0.08608269509259017,0.3619753613456227,28.623487012599057,15.0,1
79015,0.0,1.0,80.75464246505393,0.8503073162091651,1.4913416009490772,0.09141646816813875,0.014670307255570792,0.06025753825061772,0.11161742520075171,0.13180306839931838,26.13229313053733,16.0,1
50795,0.872923795046736,1.0,120.06892790792618,1.1588997572047788,1.7190694846582937,0.04815362164232017,0.03817420153010145,0.0,0.12675805909983276,0.5044707688151407,29.183060079893597,32.0,2
72098,1.5954046671017168,1.0,142.2800751901169,1.8484962499838813,1.2039155262962848,0.10808882738822913,0.2916676693694916,0.0,0.11334218617191304,0.39043018103571125,27.527078742844413,16.0,1
6820,2.234779091684268,1.0,111.84933729611592,1.0937363611747035,0.8074882515588501,0.09495055493920068,0.2362879782028371,0.0,0.11020651288205074,0.553485336862008,21.946809358444717,65.0,4
77121,3.873488880460096,0.0,121.84145694243071,1.7382106712178036,1.0100410881731547,0.10948497434873768,0.22760737007515214,0.0,0.06757025544188588,0.5205610680472806,28.301830641994762,15.0,1
16090,6.117892928831929,0.0,135.6840592101347,0.9485494790226465,0.5028288081559448,0.03570780928036591,0.29382210221966804,0.0005189685466706756,0.061046331132959944,0.23227835647910366,25.46692208297129,35.0,2
63207,0.872923795046736,1.0,85.2641902859592,1.0278728688856018,0.9612883852905215,0.04937984661545867,0.010531289946026881,0.06751117332228708,0.09195206939260495,0.22185852236336234,28.556794488627244,57.0,3
96921,1.5954046671017168,1.0,125.83654247975744,1.0171047814103484,1.8303496651633075,0.06575768768239226,0.10780091166141967,0.12297274213462288,0.10627575941954966,0.6038225012683465,29.39441348246869,13.0,1
52094,2.81870192439919,0.0,135.56881410945343,0.5667208372492745,0.9929661400695023,0.03414355059055638,0.03861793216455963,0.016823724306544618,0.090631273449164,0.29243786124942284,26.23145886382497,57.0,3
4796,6.117892928831929,1.0,91.29017621410141,1.8635008037178689,0.8192271637225136,0.10888089716477334,0.005995732038086599,0.0,0.12654701746975344,0.3922603925171521,29.17626069985793,39.0,2
27688,6.117892928831929,0.0,120.45125327789917,1.3857033743699478,1.2459205763017733,0.029178943760520885,0.3163930134310159,0.0,0.1199400574388863,0.8034231654125819,29.478590504639435,64.0,4
5247,4.824000686513771,1.0,110.26642794444322,1.408017586653165,0.5527359021169996,0.07501499474701619,0.2886503818235435,0.0,0.10237756976806238,0.3315024662333718,19.34121789451502,83.0,5
113234,4.359420279727952,1.0,151.9576547693235,1.4695941574011762,0.8890765263984753,0.03414355059055638,0.18376520063227575,0.0,0.09630503739313614,0.7744609539463155,27.19522298143662,28.0,2
140324,5.701060861471607,0.0,114.01485029404076,1.0826088263724851,1.1762754558995927,0.09943794886500139,0.07842206986670712,0.0,0.0607750943259681,0.33335476170646205,28.425354662455685,32.0,2
39775,0.872923795046736,1.0,90.5420930447762,1.6598262815654952,0.7216204794212896,0.04661596813141037,0.27681350142334965,0.002250442580856329,0.07989911657905567,0.2943053803806194,28.562314446236755,25.0,2
90606,3.873488880460096,1.0,123.12778993619625,1.9511627062983132,0.8035905104059599,0.1036956043327662,0.04170628963480416,0.0,0.1293803312247751,0.4332653199494439,28.559178196092812,3.0,1
5236,0.0,1.0,91.59764426151833,0.23657173826506164,0.02651463304945561,0.03482762600454365,0.37328205313473023,0.147715025666469,0.0626534392312979,0.05659026636171216,18.0532695472613,57.0,3
38544,3.873488880460096,1.0,129.3495479258109,0.7574292631964193,0.16748523226641907,0.06616661355998277,0.37302130041070103,0.0009961907158109078,0.10958238112235452,0.35829179556682933,26.53350806536386,16.0,1
138929,2.234779091684268,0.0,145.67318996419183,0.2741048169024571,0.1347054969338301,0.03345331143459896,0.34845482333339056,0.14707637421252515,0.08422295110813957,0.07036783745392333,22.129254832126453,46.0,3
34955,0.872923795046736,1.0,110.08576034052916,1.1937037408317457,1.319804715011444,0.11255177811980693,0.13296876435285718,0.0,0.12717284007352847,0.5017843279773949,24.9378752875386,30.0,2
9524,0.0,1.0,104.11500382068913,0.4237021425873922,1.1511930062111049,0.05576824361275641,0.0003937681114753625,0.0,0.13008243038714398,0.25775370012333004,32.78083692755655,39.0,2
8672,0.0,0.0,148.105460975422,1.1246497122921346,0.48817207662737105,0.032054095044992494,0.3170663243293415,0.12239772377456234,0.06627170617944157,0.44323868162207153,22.992191094937343,50.0,3
145731,5.701060861471607,1.0,120.20148707076318,0.4129996505815559,0.449793561881308,0.02844379682282684,0.37050428781081524,0.1480116311050532,0.09386772939038489,0.2840248434483561,22.979398684145686,36.0,2
6120,3.873488880460096,1.0,136.7556696015232,1.382531875836705,0.8648633807671563,0.0997124288993236,0.23357115209643636,0.0,0.09804963764136568,0.4050531875874435,27.375894209698412,79.0,4
7056,1.5954046671017168,1.0,95.21271033019278,0.9101188546911463,1.042395729804522,0.07759212050764247,0.26396506912166884,0.13728033190226302,0.11407800504076084,0.49371684008158656,28.155141106095865,24.0,2
3685,0.872923795046736,1.0,125.99859814779501,1.4467356640090427,1.2178444213202304,0.0689341804959577,0.08303424155368089,0.0,0.06971386977315287,0.329649459445562,27.585313260944016,37.0,2
159544,6.117892928831929,0.0,156.66498429438158,1.0798363793789911,0.34802053343545675,0.05343884909580955,0.24159944956993276,0.0048095549037142585,0.09162520541474937,0.2755967034714958,26.389993503478074,35.0,2
46382,4.359420279727952,1.0,102.67210320554017,0.5646987472473326,0.7422576704438388,0.03105955941405482,0.16697724760173577,0.04208743885492891,0.13420548908334992,0.1751458780795015,30.98640202266269,45.0,3
122544,0.0,1.0,92.48212035470095,1.874800880341669,0.4093672276915117,0.11289513551182562,0.028889647077204258,0.0013826483254247449,0.06617081820143467,0.17897769686555445,19.603572676847552,2.0,1
107104,3.873488880460096,0.0,149.40592915353957,0.18682435798557015,0.08379379135792173,0.03134499269087866,0.3721024229341608,0.14784812917141846,0.0682595902191365,0.03484412765743814,20.489011019404504,41.0,3
71121,2.234779091684268,1.0,135.26810861058544,0.9407982425356697,0.9466557329092349,0.026198033914667747,0.14041716978012045,0.0,0.1085152749541968,0.6571964343496536,26.88582411225944,31.0,2
7189,0.872923795046736,0.0,106.38556980164141,0.7436060858271775,1.799404877793913,0.07821024105866159,5.8494885628816023e-05,0.0007995484579585059,0.13099723383694759,0.23700674147691309,25.28391178039644,25.0,2
18905,4.824000686513771,1.0,92.97414941203479,1.767234330366132,0.5646149391973504,0.10520912552351953,0.08981251686689971,0.0,0.08307607176161669,0.470341237512751,21.96345097295025,15.0,1
68761,0.872923795046736,1.0,91.49693821155748,2.174646281691434,1.079601259342487,0.09121551619797047,0.08531212762005844,0.14479017562031374,0.09660065570186806,0.4793441631124205,26.323607378328294,1.0,1
11621,4.824000686513771,0.0,124.28029513969739,0.8211656767816108,1.1534632002710248,0.026953409443536608,0.00045069618654951606,0.14876169108165535,0.10718886451071041,0.039895818298304,21.71232556839346,21.0,2
104368,3.3619271977508447,0.0,97.66438583571123,1.6075736872862627,1.0973079588623809,0.0964512307573751,0.005573145421547692,0.0,0.11979409945598393,0.6292595119241615,30.757438341992174,31.0,2
66769,4.824000686513771,1.0,111.54537991320248,0.7972654942346424,0.7479254660277699,0.037503497957860635,0.06166502125087374,0.14172753676779876,0.09570786137811908,0.18089235141197046,27.499024235909275,6.0,1
28316,4.359420279727952,0.0,102.98488937196295,1.2439669833584739,1.1808620069999787,0.07759212050764247,0.2616620044246371,0.0,0.10212019116983716,0.8305582689590693,24.073328533121128,6.0,1
41031,0.872923795046736,1.0,104.56239768776882,1.4728761491942823,0.9972231075729378,0.06969534196105091,0.014287493065718436,2.789702650986018e-05,0.07160547706998972,0.3858517145013685,23.19130916364002,20.0,1
57589,0.0,1.0,85.4408573453038,0.6246407414236833,0.06691862890291708,0.048825403940717715,0.3752128331966564,0.14788764785866743,0.07113757653068406,0.28121715024146815,18.46170370764096,40.0,2
131767,5.270402895934253,0.0,92.74669840841854,1.2680121847925503,0.3092074781166739,0.04379041442699696,0.3630820417718151,0.14766186378149912,0.10807879371529658,0.09876026245068067,24.543106145129073,40.0,2
132264,5.270402895934253,1.0,55.985013451112536,2.1787686595395814,0.9823580025054448,0.11549910645789782,0.043980550326223125,6.42842080948566e-05,0.07298954199416931,0.7221507233753106,22.17098505371122,24.0,2
36498,2.81870192439919,0.0,154.788453700618,0.8824506569237538,1.7742801479019172,0.05918638842682127,0.0,0.0,0.0929195560165614,0.49461383429655437,27.078309753261937,43.0,3
25833,4.824000686513771,0.0,107.32915832034223,1.1878644052004304,0.5680252931599925,0.11204863260618833,0.23160499351003486,5.839869709941469e-06,0.07434469244013149,0.14050664092053686,20.860492683798462,1.0,1
88006,1.5954046671017168,1.0,108.1473567819583,1.670392228724202,1.4380918973981762,0.10421865593665172,0.0114985463733897,3.3199578919895024e-06,0.0875253578926078,0.6283842755198784,31.000518029732685,32.0,2
45237,0.0,1.0,121.84654507706269,1.8224088628135273,0.744145053523369,0.07331527306353508,0.004962882796202298,0.13793579055402838,0.065765824499414,0.3619753613456227,26.679913500700142,5.0,1
120950,2.234779091684268,0.0,160.4328972454011,1.0495876169697003,1.1625640217662516,0.10326311031119288,0.004390972282041895,0.0,0.1125876738958727,0.6178708851250911,28.268997148946532,21.0,2
94426,0.0,1.0,134.65136257422338,0.2063373850386011,0.11700238927665027,0.03482762600454365,0.3698297147628703,0.14845377296858217,0.09386772939038489,0.0929019844258551,20.757144253890957,38.0,2
28288,5.701060861471607,0.0,98.48839337267084,1.8224088628135273,1.4456428644832313,0.10224203121314437,0.0005475515035117804,0.0,0.05862557826422581,0.6257577563290178,32.06528238445212,57.0,3
118844,2.234779091684268,0.0,89.02198321093151,1.4926549618789116,0.5886403425809775,0.10164462000814617,0.10429869371523375,0.0,0.040298465691989326,0.7616397573195653,20.003713480139314,10.0,1
70278,3.3619271977508447,0.0,153.50444535432052,1.4597729435754092,0.9341893605956845,0.04257727432062326,0.3018659450426701,0.0,0.09540627374586548,0.8076708475842831,22.275228914964792,30.0,2
50549,4.824000686513771,0.0,125.13733447456728,1.408017586653165,0.6975233845593646,0.03983142220934665,0.07262806447603967,0.00010895462572752477,0.07113757653068406,0.39317524704291157,27.145771577820202,54.0,3
24497,4.824000686513771,1.0,133.30112958885292,0.7760517866541442,0.6975233845593646,0.05581785744347516,0.10429869371523375,0.018555850659359212,0.07479010183432175,0.21046390307817353,27.996865800671532,57.0,3
124519,6.117892928831929,0.0,114.79011752955454,1.2559580752183774,1.4355790578709804,0.1061302215723794,0.18173656703380087,0.0,0.1173334149753333,0.6650292642763783,28.611209528875786,38.0,2
57229,3.873488880460096,1.0,109.24897368082902,1.3888789288233903,1.2016011071995636,0.11005232819260728,0.3434205233568624,9.206760357609942e-05,0.1274776608148665,0.7505060789938793,20.468590494230785,5.0,1
18543,5.270402895934253,0.0,150.06296215071282,1.0144220302914997,1.7245520312708758,0.09220467864151599,0.030532185089493704,0.0,0.12777722757972032,0.563235334781676,29.56113300544011,62.0,4
135804,5.701060861471607,0.0,90.89236897177207,0.7972654942346424,1.420545549682991,0.06322975991368103,0.09424038591331747,0.0,0.09029545927515505,0.44052059468949495,16.8060508327333,40.0,2
113610,3.3619271977508447,1.0,133.36642739421728,0.8259875510638431,1.4230459552752195,0.05328367386024081,0.14465841868461957,0.0,0.0846000186739813,0.4123487785843696,30.646282850359103,34.0,2
95886,6.117892928831929,0.0,67.05281947167714,1.408017586653165,0.8231553808396798,0.07434357648268704,0.29983526196182336,0.0,0.0626534392312979,0.30735740567019904,28.023689807382734,32.0,2
134407,3.873488880460096,1.0,140.65145551952702,1.7346023120600809,1.2766659695073987,0.05431056943270107,0.16914742208479003,0.0,0.11667954399222695,0.7479338501661067,24.703520174918744,35.0,2
38378,1.5954046671017168,1.0,86.53183057329919,1.1733338226503915,1.6138618224161947,0.0397040421163237,0.012462949201906487,0.10445515233286916,0.12982288277910556,0.4990965284816648,27.287601732984488,19.0,1
144734,3.873488880460096,1.0,75.40853705502147,1.2260981136938247,0.9217929097588613,0.039448600807730404,0.19071575807816873,0.13944324308140393,0.08268848505094586,0.32223029241841084,23.873814139859906,57.0,3
155671,5.270402895934253,1.0,84.56235937875182,1.1907821343351075,1.139872073704656,0.08086954562732294,0.2655899324840549,0.0,0.12633349872524277,0.29243786124942284,26.86202446416048,4.0,1
140248,0.872923795046736,0.0,131.41555514581262,1.035987948999315,1.4031006457171435,0.041962598355487504,0.1146679813352171,0.001984806558653298,0.0909648244230264,0.5481598184332552,27.162521832290174,39.0,2
57504,3.873488880460096,0.0,98.98651846529215,1.4305314995612604,1.2933635885898236,0.030988040265888892,0.014861545300356743,0.0,0.07948948280021469,0.6988499935977971,26.496292679355225,64.0,4
44517,0.0,1.0,69.39626402970211,0.9667630100669081,0.5359198474324859,0.036177528458350545,0.3227515960828559,0.14517567566149628,0.07610775407689287,0.15015655190271257,22.708467269806167,22.0,2
66090,3.3619271977508447,0.0,112.8325271717026,0.6502417239435571,0.6484815224571175,0.025435779189136993,0.24566192079379473,0.01941222798933369,0.0807099107755365,0.46853879156411365,25.303533748656854,44.0,3
6458,0.0,0.0,95.30230631433999,0.6588804120467933,1.4155509487585505,0.10715144929109219,0.11936872550991845,0.0,0.07298954199416931,0.48114289466383386,19.51643605641888,44.0,3
3307,4.824000686513771,1.0,135.4736010489664,1.955027965828709,0.8035905104059599,0.10326311031119288,0.27651261005460964,0.0,0.09718602680360759,0.6414987105437209,22.99829487329742,30.0,2
152076,1.5954046671017168,1.0,131.36018669260957,1.6214139493243716,0.9487402689416761,0.09080883719607807,0.09424038591331747,0.0,0.06318149722485808,0.5303703138952661,27.417839393141517,16.0,1
32516,0.0,1.0,129.27891826204893,1.3604447167824396,0.5476720855465492,0.02770197444137078,0.21376733495324746,0.0009961907158109078,0.08680895131871912,0.643245026323755,25.84547036291521,23.0,2
28211,0.872923795046736,1.0,187.2582300429144,1.7309982986371468,1.2388742016849947,0.09477728604255982,0.1014632060448643,0.0,0.09162520541474937,0.509839587862524,31.700207512143674,36.0,2
73789,4.359420279727952,1.0,119.47725449882877,1.767234330366132,0.9321184334126422,0.04071676728200563,0.08606729572137231,0.0,0.08858182813778119,0.6082163911561125,21.56365473389789,58.0,3
108963,2.81870192439919,1.0,59.46006848092978,1.2953652640842788,1.2861952396200695,0.11333843021810176,0.16257276229220186,0.027633553338831628,0.12633349872524277,0.591501237117933,24.823921327986486,14.0,1
97457,3.3619271977508447,0.0,113.60894660562715,1.573269725078865,1.2933635885898236,0.036644315941649026,0.1146679813352171,0.0,0.07113757653068406,0.6099729853020663,23.188708087316748,12.0,1
44022,0.0,1.0,157.20965329850006,1.3635879022326585,1.1625640217662516,0.07400365818851558,0.09277239074984024,0.0,0.1422982595179943,0.4649320304843778,27.623063040055033,36.0,2
50926,4.359420279727952,1.0,186.5739230846789,1.573269725078865,1.420545549682991,0.029398196082016312,0.001655890653456347,0.12311438068917709,0.01758336240279959,0.6449908092028069,23.91587333917398,1.0,1
60546,3.3619271977508447,1.0,93.78809189937112,1.7094653201885666,0.7938794242950211,0.09334166241755217,0.2861332159338602,0.14772552432777777,0.07389614600927014,0.4910249444225651,26.660853886541577,11.0,1
30905,1.5954046671017168,1.0,154.96052236398057,0.515172448703798,1.0598329809424267,0.05328367386024081,0.13170501708479113,0.03816745169302313,0.10696278729458521,0.146299191059229,27.949913370855178,54.0,3
55517,0.872923795046736,1.0,94.50606063010557,1.5026003343861656,1.1969783179741296,0.05354207446940765,0.10074959601613999,0.0,0.06612032024679311,0.47664490956611383,23.19867781199985,1.0,1
108443,6.117892928831929,1.0,122.84323442115618,1.2172165115891747,1.1580096007646004,0.08115311709967152,0.002986602388962986,0.11250321231581391,0.07610775407689287,0.4232724839940975,32.47050984276474,17.0,1
72144,5.270402895934253,1.0,99.80895270184816,0.8899536272626166,0.9094662464472685,0.11779948738696847,0.24234522406641582,0.0,0.13170466233255063,0.4378010692265794,25.057237631231512,37.0,2
43144,0.872923795046736,1.0,75.33224785630728,1.818699770638293,1.0928693631362019,0.10852846367617025,0.05027661026230409,0.0,0.07434469244013149,0.7324773129381172,28.689073022544413,21.0,2
23006,3.3619271977508447,0.0,114.10216961568915,0.6873217200952351,0.7555088942782333,0.06455197058580371,0.327975051138946,0.0,0.07160547706998972,0.646736059972371,18.268836732845458,2.0,1
156090,0.872923795046736,1.0,65.97671530196723,1.246958858166756,1.1331035227505035,0.10656644096509568,0.023165805092240477,0.0,0.10915962010817792,0.44323868162207153,27.761051185225668,49.0,3
119058,4.359420279727952,1.0,94.02574163825018,0.8724965562789044,0.9529151814138451,0.02844379682282684,0.1220165471564242,0.08251428425476516,0.10829773278800112,0.2737217164713884,22.169495597827883,36.0,2
12226,6.117892928831929,1.0,125.39580242543434,0.8824506569237538,0.6828512271475592,0.024666575841302687,0.2908511417260666,0.0,0.08229821707572699,0.4910249444225651,23.272133548815546,25.0,2
5452,0.0,1.0,83.69329581611514,1.5528898930012174,0.6466911138682083,0.06657208594270177,0.26133027192518365,0.11291192165026746,0.08229821707572699,0.6919283533734552,25.39387968979888,33.0,2
38930,0.872923795046736,1.0,153.39614453178407,1.6633439737814455,0.971798776571637,0.032054095044992494,0.03325079712840182,0.1381648732007385,0.0682595902191365,0.12986652282760713,22.901377389937352,10.0,1
83394,5.701060861471607,1.0,104.0629634671408,0.4844986670267884,0.5176307295664182,0.03867679555860176,0.27192601356089097,0.14659064762779658,0.07479010183432175,0.18280617176269412,29.137545392745913,58.0,3
6195,3.3619271977508447,1.0,67.73935334854174,0.8601338152434236,0.023402517599283235,0.054817363853910714,0.3755937936401596,0.1487044273562236,0.07344443758622808,0.1818493657511305,25.806508388520484,58.0,3
22813,4.359420279727952,1.0,140.66640922589758,1.1246497122921346,0.8310347149247238,0.030629476337651843,0.24711566424780276,0.14434714655798636,0.09417957066797655,0.7152563614657733,25.59663583703925,21.0,2
117771,2.81870192439919,1.0,74.21935049744428,1.5393873568146128,1.1331035227505035,0.11792695365117496,0.286415091197947,0.0,0.1176543571357466,0.4278171081723786,24.660849158616408,21.0,2
102773,0.0,0.0,170.14498140313887,1.1303197887629002,0.811393604128813,0.02792522605990291,0.29699231392938064,0.0,0.08229821707572699,0.07017134369811275,26.762616921924845,15.0,1
42494,0.0,1.0,126.26187499981056,0.9641501397610845,1.3053516392490825,0.041342447356368994,0.04993499265901868,0.001984806558653298,0.12982288277910556,0.482042029581441,29.88767121842508,62.0,4
63495,0.872923795046736,1.0,74.50325436635696,0.14930965042205094,0.00100075804411848,0.040085503505564654,0.37157295153865,0.14853421865942973,0.07567160824092482,0.036825947133042346,22.890737500882963,73.0,4
16214,2.234779091684268,1.0,141.57815572778804,1.2439669833584739,0.7726819849845797,0.03880600336970576,0.237821988557352,0.0009961907158109078,0.07782218133052284,0.5143094816331635,25.615554563938755,1.0,1
156412,3.3619271977508447,1.0,151.2080796046396,1.13316055416276,0.6413309722210081,0.032756846992377936,0.1955420346167789,0.0,0.07907699494507488,0.3647362240112409,23.04897221383548,39.0,2
14048,6.117892928831929,1.0,94.61157849337538,1.573269725078865,0.5680252931599925,0.11510712233699172,0.28809482449267676,0.0,0.10741349334001439,0.7066271145340868,19.523085688124308,38.0,2
39543,2.81870192439919,0.0,84.45513669953861,1.3604447167824396,1.6138618224161947,0.03441791698119191,0.34794520309859733,0.12195741211779408,0.12654701746975344,0.8777643017856138,31.0019412478228,17.0,1
2210,6.117892928831929,0.0,98.40970918999123,1.2113149601562354,1.2553441352295662,0.07400365818851558,0.010628144321741403,0.0,0.11081886050973534,0.44504994222165256,21.485258286654066,1.0,1
16830,1.5954046671017168,1.0,171.86561961328536,1.0577922600757719,1.0818076464946016,0.07664561864626834,0.016577632105374596,0.03672814674600689,0.10696278729458521,0.475744849543228,24.33948718863511,59.0,3
21698,2.234779091684268,1.0,92.50329057017973,1.2113149601562354,0.7216204794212896,0.06279572776316904,0.21506826913802218,0.0009961907158109078,0.09718602680360759,0.8288657823573593,26.126828265261008,51.0,3
157803,5.270402895934253,0.0,75.69180090436993,1.3168623695632067,0.3760861961379488,0.02672751500031876,0.36707903837705214,0.0,0.06850412453748891,0.2426743316518963,27.033011065344894,41.0,3
78981,1.5954046671017168,0.0,105.80949737928272,1.274062926972884,1.1173801565958892,0.11255177811980693,0.021203510818620357,0.0,0.12229085868403589,0.3601339240615556,25.91778015417635,37.0,2
81809,2.81870192439919,1.0,121.85163318128605,1.3920585419964056,0.8192271637225136,0.0393845982534776,0.3087379533602607,0.0,0.052043591762904316,0.3849355163638353,29.79770627662462,4.0,1
88112,3.873488880460096,1.0,53.43587762043309,1.4305314995612604,0.6810255875210611,0.04626927926115054,0.10640559698907252,3.7294685480402095e-05,0.10133787158252591,0.6275089041868975,25.306530640732575,17.0,1
5372,6.117892928831929,1.0,102.92755541350623,1.1021217240069057,1.1580096007646004,0.05117544300866493,0.05585783783563089,0.002965912600349943,0.12964737404116164,0.16363021503347241,22.1611534016802,40.0,2
129142,0.0,1.0,89.09647991811008,0.7854455645604872,1.6863534561629305,0.055018853139154895,0.0001799515877392313,0.14828992278854083,0.07654086052747315,0.18089235141197046,26.89811062365572,4.0,1
5358,2.81870192439919,0.0,110.83396534940202,1.1360051413715428,0.5259169346537883,0.0708133464056408,0.28443031496949606,0.0,0.10237756976806238,0.2596351508210209,27.070633437476975,79.0,4
8595,2.234779091684268,1.0,191.96691864635525,0.22491614296194534,0.22476437703283975,0.030629476337651843,0.3677746731213747,0.04439064878958389,0.0834609979772711,0.07625825463492976,24.92645449236897,5.0,1
37574,4.359420279727952,1.0,161.05882765299665,1.8597430050557224,1.4255484317321425,0.030629476337651843,0.0009985074216367666,0.08487279545671522,0.051251070043230505,0.7005791303777831,26.633233860483735,32.0,2
88307,5.701060861471607,0.0,104.65600361719522,0.7925271422579314,1.5273522784822862,0.03516737135838585,0.04284553258906948,5.4288737760742864e-05,0.10829773278800112,0.38126903601002826,32.7428136190169,40.0,2
16093,5.270402895934253,1.0,177.93367895031304,1.1077309178046657,1.3981349919391537,0.03550559855419764,0.21891869809742429,0.0,0.10718886451071041,0.7530772108816399,28.91035802432402,56.0,3
5243,5.270402895934253,0.0,111.82873375170642,1.1077309178046657,1.496460907685237,0.04379041442699696,0.03594595641034841,0.0,0.09227673809299898,0.5959048078477117,29.386663372346575,49.0,3
143913,1.5954046671017168,1.0,127.02594587876692,0.8824506569237538,0.6359874431092684,0.03359185530961047,0.14465841868461957,2.049839463018988e-05,0.06561335504490168,0.1942716743024051,19.370738618037045,24.0,2
22317,0.0,1.0,189.46662371574783,0.9693795334875999,1.1854566026281719,0.0431865287142909,0.29139601967277307,0.14079098886830635,0.09417957066797655,0.6650292642763783,28.412766977215725,49.0,3
10795,5.701060861471607,1.0,86.86301153073802,1.8635008037178689,1.3513725909920593,0.10200572894442908,0.20211257541611768,0.0,0.09747580878089683,0.599425165844399,23.9157318095703,26.0,2
149725,1.5954046671017168,1.0,79.09564187209746,2.0690952261837947,0.46088154821066385,0.07600145917456508,0.12398442007630957,0.1386630805856226,0.08268848505094586,0.4990965284816648,25.967472314151973,35.0,2
49752,5.270402895934253,0.0,104.36474582461088,2.1705285737127054,0.8016444925314857,0.11446010645760211,0.055018869509493924,0.0,0.06776790858233991,0.47484463488452405,26.06172328603842,42.0,3
1103,3.3619271977508447,0.0,125.64406255699815,1.0063959825440436,0.5342481847143612,0.0719035626650213,0.21245753954102564,0.026838662246328037,0.08644706391858864,0.2802808782739762,26.05037197871208,74.0,4
43339,1.5954046671017168,0.0,107.1788859658619,1.0197912380668752,1.3101611541437503,0.02581777077266814,0.3101645249866143,4.259306799416259e-05,0.11181393054084698,0.6275089041868975,24.32857650410997,67.0,4
98259,4.359420279727952,1.0,117.86843080346078,1.6006790321669766,1.0707955444139763,0.04040183679378418,0.1014632060448643,0.00500207683142448,0.11277808358501228,0.5791526678427404,27.031187622955464,20.0,1
38163,2.81870192439919,1.0,164.05651900751764,0.47507469484593656,1.0014879181509468,0.030629476337651843,0.011788166338059581,0.002965912600349943,0.0692325431781873,0.24361824637685142,29.319437069172956,42.0,3
21185,6.117892928831929,0.0,129.45548206870114,1.4926549618789116,0.6993657939488159,0.028073724243569836,0.03594595641034841,0.06025753825061772,0.06855292732719263,0.5446065792778642,27.28863703165865,16.0,1
2399,4.824000686513771,1.0,123.77277295205414,1.2529544013102096,1.0707955444139763,0.11840440668208736,0.11870244613380132,0.0,0.12393343090235127,0.4999926128156961,28.353553763545275,17.0,1
115425,0.0,1.0,74.94518305776897,1.670392228724202,0.3701256670861469,0.11458463290479251,0.3724974215112106,0.0020930946554343632,0.09776367429658296,0.7143940027013405,27.29109575876737,49.0,3
142071,4.359420279727952,1.0,167.64439043319996,0.5912348122088464,1.656633108457273,0.06348840631484602,0.008675858975127283,8.429728520203162e-06,0.14313972610806594,0.17802005621458933,23.769654452995333,45.0,3
100723,2.234779091684268,1.0,170.20318447417947,0.6395173535198868,0.4995592265814947,0.027627422474071267,0.3441294643385888,1.3799927247751448e-06,0.13131606348807848,0.2530467117592156,31.456620689230764,46.0,3
9579,5.701060861471607,1.0,100.62519091078694,1.4240785193695762,0.9238541349219103,0.10770794092542646,0.04302042519222398,0.0,0.0682595902191365,0.25493008433871256,25.540905584476562,8.0,1
8764,0.0,1.0,123.7524658753545,1.0387004217770066,1.329481015462743,0.05328367386024081,0.03234721238490471,0.06562043953028128,0.10263327184459343,0.4910249444225651,27.322916190081664,51.0,3
22445,6.117892928831929,0.0,157.6559819026095,1.752687621763492,0.6755598265644066,0.07534654601913696,0.05836061652265536,0.0,0.08680895131871912,0.6441179843263861,21.402247009033974,32.0,2
133563,0.872923795046736,1.0,109.48667263605118,1.5226033909488335,0.7574094640680615,0.11537254932925099,0.18527405936558464,0.0,0.12777722757972032,0.6143620734538914,24.08699351096569,30.0,2
79250,2.81870192439919,0.0,103.31837842185033,0.9000075885026969,1.4734897236080668,0.08731300249953422,0.1028847268953419,0.1467411036455671,0.1005400101632899,0.26339575548611793,27.106400241501998,50.0,3
8064,3.3619271977508447,0.0,113.24911173573558,1.2953652640842788,1.3053516392490825,0.04379041442699696,0.04126698976593212,0.12297274213462288,0.08608269509259017,0.384019149597404,28.310539779835363,43.0,3
140813,0.872923795046736,1.0,126.03910740133036,1.6388100440527043,0.6574613049083465,0.047871617065426426,0.003610400919810928,0.1469821876529933,0.07697095147323091,0.03662780962471658,23.905398619558515,11.0,1
117916,3.3619271977508447,0.0,93.78280981858315,2.021430197171811,0.7422576704438388,0.11175808059298264,0.1071041786982304,1.6199899740789498e-06,0.07610775407689287,0.7384929225256075,21.27127526624488,31.0,2
31835,5.270402895934253,1.0,92.87365760863538,1.0090676336197404,0.7253558029455678,0.04673112473458526,0.3277705115616283,0.015065401060720823,0.08384328428839721,0.5196684304319891,25.57973609431383,18.0,1
140741,5.270402895934253,1.0,177.6155632181412,1.4112216109464688,0.9529151814138451,0.058717534870942424,0.35690217537331775,0.1467704075936858,0.0807099107755365,0.49640736697300886,26.108962065694982,19.0,1
122186,4.824000686513771,1.0,104.81718579514288,1.6809968297595563,1.1900592475800453,0.0611121406770758,0.01856829337071956,1.2699383852770319e-05,0.07654086052747315,0.8457701312909116,27.159146378192517,6.0,1
113596,6.117892928831929,1.0,82.93584085177265,1.7818509781400034,0.46088154821066385,0.09258961304742667,0.2629821075691872,0.0,0.09195206939260495,0.44142678332063784,27.277376721225185,20.0,1
29056,5.270402895934253,0.0,102.08787087687485,0.5055018581840881,1.0862263751542853,0.037503497957860635,0.1765793395003656,0.1376425709870549,0.06677399494927812,0.1971334117769646,25.212968522551712,42.0,3
129542,4.359420279727952,1.0,150.40860328858489,0.8115638316796402,0.8310347149247238,0.04438898378389238,0.09350737751597628,0.1334377433402856,0.08892922146119757,0.1894979991654187,20.80210027704303,1.0,1
13510,0.0,1.0,123.11762886115969,2.02537712708786,0.9115158496685433,0.04474559510509961,0.0044600483451268215,0.14833020860305846,0.06637245044186935,0.3231583147981585,26.766288592219578,4.0,1
72696,5.701060861471607,0.0,93.31253421815153,0.6653940706483308,1.1062090211057984,0.10011646490093588,0.03243768840813622,0.0,0.07654086052747315,0.6563254629183313,24.7082275531489,1.0,1
45995,6.117892928831929,1.0,126.965249128543,1.5528898930012174,0.9844757146265559,0.09529309823863626,0.03772983306760561,0.0,0.05186136939192016,0.4223630722672164,28.002460879178184,19.0,1
22197,2.234779091684268,0.0,190.16374441165436,1.705891647744118,1.3005502950795864,0.093155845558655,0.010046588110102056,1.0799554418735879e-05,0.0638623394299166,0.5366032848165226,26.236775989724606,1.0,1
2890,0.0,0.0,101.31511578361605,1.6041242390834507,0.6701107889329828,0.05694720219850187,0.17183062586123532,0.0,0.11812843327074328,0.7031718835524514,29.806114119134232,71.0,4
144118,5.701060861471607,0.0,122.84323442115618,1.874800880341669,0.8528606142967284,0.10176588683583664,0.27316267531591903,0.0,0.09917475099732172,0.7940679687734105,29.930336615086894,10.0,1
36731,0.0,1.0,83.94556342352469,1.3076254137645986,0.9217929097588613,0.026953409443536608,0.2985503789253701,0.0,0.1005400101632899,0.7195662755401635,26.235712623139488,28.0,2
115647,2.81870192439919,0.0,93.91484910825719,0.9126556457501946,0.2702700593198571,0.028812200552599924,0.3427068096617039,0.14829804560960919,0.06742164623006794,0.43235768782226963,29.798924905172054,35.0,2
31211,2.81870192439919,0.0,46.34614352649637,0.2942962661319116,0.015170969635738246,0.036177528458350545,0.3651023417513228,0.14872374146642076,0.0652563208801996,0.08703540456465482,22.091055157685428,53.0,3
77016,0.872923795046736,1.0,78.57585255581294,2.0891506870158856,0.5077466257061825,0.039895027311060795,0.2832838458935142,0.11761748361776994,0.09510266620308695,0.07576771074954522,24.17913055798331,9.0,1
8714,6.117892928831929,0.0,127.40520659675761,1.8298402910541283,1.173985195547883,0.041342447356368994,0.008880373055813805,0.0,0.11181393054084698,0.6449908092028069,26.49655674341311,33.0,2
81526,6.117892928831929,0.0,181.64865729123045,1.310700409278527,1.5196011969191976,0.03684347528477961,0.19932274257607036,0.14820684681572685,0.062121579541474924,0.11239761144098635,26.567788695030725,5.0,1
79007,6.117892928831929,1.0,92.61442286375672,0.9719997127794917,0.7460343185053053,0.05328367386024081,0.2922093969814438,0.0,0.061046331132959944,0.5738519916568867,24.272432058711146,26.0,2
4554,3.3619271977508447,0.0,67.06390049742241,1.5698625629767227,1.2271707574696977,0.04214757357992072,0.1523395503043589,0.0,0.12344151675057939,0.646736059972371,26.63191813512168,25.0,2
40696,0.872923795046736,0.0,141.986424728704,0.5728062043937142,0.5110341419887489,0.026953409443536608,0.28837287361916497,0.06816395946697361,0.08268848505094586,0.15015655190271257,20.147770831023088,3.0,1
63259,6.117892928831929,0.0,91.67183861105241,1.8002204158456978,0.744145053523369,0.10076992777346946,0.02129722678586382,0.0,0.07782218133052284,0.2671533079347595,28.199582285573232,7.0,1
57699,1.5954046671017168,0.0,100.17009827703914,0.5486362213143707,1.0664045786492466,0.04673112473458526,0.20211257541611768,0.12311438068917709,0.07344443758622808,0.43689424042349,26.039551722761313,66.0,4
159215,4.359420279727952,1.0,120.46144624181817,0.9957462955575801,1.3808202212133387,0.08058365006988354,0.13672143769829853,0.0,0.10437726552568219,0.7109433115136713,25.63527399762614,29.0,2
141356,3.873488880460096,1.0,142.1506806164565,0.9228387905195625,1.5637735081033628,0.036177528458350545,0.0019940376062208094,0.04505732222996,0.09660065570186806,0.6231300200369565,31.033003676221817,46.0,3
110245,2.81870192439919,0.0,76.36666909468036,0.5891743712319182,1.824703936572628,0.04843439090520536,0.0009985074216367666,0.004905852458809698,0.13605106825188348,0.7005791303777831,27.218564555555854,40.0,2
105551,2.81870192439919,1.0,137.32103439956938,1.0037280259604542,1.2482734227611447,0.032054095044992494,0.04822107664482468,0.0,0.0929195560165614,0.5196684304319891,26.236510150824547,55.0,3
69349,0.872923795046736,1.0,93.55035618544125,1.456507450130662,0.5834619703150993,0.030557569463256933,0.35373740916090357,0.0,0.12356559458620506,0.6090947568251034,25.424444475687558,39.0,2
30176,0.0,1.0,144.29347968329532,0.3101469331799408,0.1100219716449971,0.032054095044992494,0.36651864368255516,0.1486979383007315,0.07207008747600625,0.053631815712302196,18.676302679715917,31.0,2
97266,0.0,1.0,85.98124270841953,1.792859470542298,1.5900409064989947,0.08253683745040954,0.1410276701496655,0.0,0.1421475736561659,0.5383828155329159,28.56168721502799,27.0,2
57296,5.270402895934253,0.0,84.8142564664977,1.5528898930012174,1.234186749955301,0.03543807420676252,0.17289483365382932,0.14695474598007935,0.07739805058592603,0.10168630609411251,25.972156919500513,35.0,2
45054,2.234779091684268,1.0,116.58422827436068,1.6492989120715298,0.9591921604105726,0.05776762020712451,0.17289483365382932,0.0009961907158109078,0.047493955172189815,0.8271728376179924,28.165147710498392,11.0,1
20201,2.81870192439919,1.0,148.89187032560378,0.15192335038244428,0.16748523226641907,0.03345331143459896,0.3698297147628703,0.148828983874177,0.08190524688566762,0.04375456099840894,18.855774657773523,53.0,3
125555,6.117892928831929,0.0,89.70276612044643,1.580096699910016,0.5275795784089966,0.056507959226749484,0.2951518841877521,0.1284832283665244,0.05862557826422581,0.3064263084600735,21.716856689083816,30.0,2
93563,1.5954046671017168,1.0,133.4718987929987,1.1937037408317457,0.9550055590897916,0.08954958276534362,0.3046086394461067,0.0,0.12331669781090818,0.5339328914848354,26.42651703493196,39.0,2
91287,4.824000686513771,1.0,103.73502362600657,0.6141123480098922,0.6938441627854506,0.03414355059055638,0.25729539104543686,0.0,0.11874712021012017,0.5941437966272379,26.01937246908042,48.0,3
74657,0.872923795046736,1.0,140.2027382516621,0.6309968373439115,0.24460195495145892,0.031487324236659966,0.370638584893952,3.869427907131892e-05,0.07298954199416931,0.1942716743024051,22.314995906768793,5.0,1
92653,0.872923795046736,1.0,52.47912749709148,1.3762010353347607,0.882997246197953,0.04071676728200563,0.11398938173084487,0.14861119938559042,0.07989911657905567,0.6169938866974617,29.791246975507345,10.0,1
21069,4.359420279727952,0.0,89.14436596692151,1.440241690388494,0.6288885490015691,0.11058541423287303,0.25315830735000466,0.0,0.11634650289624089,0.7829934564155167,20.1372882473909,43.0,3
15681,2.81870192439919,1.0,133.31117570321473,1.2984243322312379,0.6938441627854506,0.046327188014090345,0.053080236648718124,0.0,0.06561335504490168,0.8727232799003789,28.562690780445607,4.0,1
135741,3.873488880460096,0.0,134.52595825160876,0.9877977162194078,0.7012100698643479,0.02851761080959776,0.0063981609594606316,0.14823212672171301,0.06727271957900667,0.33890739350112375,27.280095017107588,4.0,1
117687,3.3619271977508447,1.0,78.34287158925122,1.3730416877687452,1.103980770181698,0.10076992777346946,0.026870414285047127,0.0,0.11181393054084698,0.4694400923118106,27.189774650424187,22.0,2
121626,2.81870192439919,1.0,142.9267955204429,1.0577922600757719,1.2790452321863144,0.029178943760520885,0.04380620638882941,0.0,0.11200919934125854,0.5178827095260955,24.740608936350043,14.0,1
96486,1.5954046671017168,1.0,136.33518141970706,1.6283596013417518,0.5527359021169996,0.10852846367617025,0.11056948609566525,0.14796473604214241,0.06727271957900667,0.23227835647910366,24.752640851808298,44.0,3
102734,2.234779091684268,0.0,91.03560813958045,1.6951965578252368,0.9053728438287705,0.10747283603763581,0.06330339403872892,0.0,0.10741349334001439,0.4468605662115773,24.197389073979938,28.0,2
47140,6.117892928831929,1.0,89.36246713592705,1.0937363611747035,0.7977581590258924,0.04943502408239586,0.20667737463872096,0.0009316692061944882,0.0807099107755365,0.0788081357807908,30.53676760635198,1.0,1
64697,4.824000686513771,1.0,186.18136074158292,0.915196032112578,1.4785798387800124,0.03134499269087866,0.020358832082419225,0.14372321092574114,0.09861591438912895,0.23889672081580507,25.757816977102305,42.0,3
55018,1.5954046671017168,1.0,112.52895055809813,0.9407982425356697,1.0229297889556126,0.11618070136234164,0.24085046066065832,0.0008243934239160277,0.07697095147323091,0.7298973410881702,21.038874762250472,13.0,1
108144,1.5954046671017168,0.0,120.10971757216755,0.6675719032394865,1.0164765902676833,0.0689341804959577,0.3092152367522777,0.045719184925385015,0.12488293093845737,0.7333370560811653,28.356453395873707,32.0,2
73135,3.3619271977508447,1.0,80.268797727546,1.3667351240154904,0.7086058516452183,0.11029334661670147,0.15000270958900153,0.0,0.11684452751132064,0.5383828155329159,24.08995121820659,26.0,2
60869,3.873488880460096,1.0,96.11865814096744,1.2892590495900826,1.2131933798627534,0.03503165581756767,0.026132940816025817,0.00046118567207899,0.12767794942651947,0.2313320887455652,24.61479707550786,14.0,1
88989,6.117892928831929,0.0,46.88279624164397,1.2409790360109807,0.46725657598435466,0.11364120324581317,0.1098800831673712,0.0,0.08644706391858864,0.5223458982041329,23.132447788156558,38.0,2
59984,2.81870192439919,0.0,119.30375358981055,0.6829095930719221,0.5309102739761682,0.036177528458350545,0.2684731067739852,0.0395858627494188,0.09570786137811908,0.1894979991654187,24.69188757688678,38.0,2
35838,4.824000686513771,1.0,124.39191017630421,1.1907821343351075,1.1331035227505035,0.032756846992377936,0.018473777957743368,0.06816395946697361,0.0929195560165614,0.553485336862008,26.14881629203926,19.0,1
7523,1.5954046671017168,1.0,132.78863372692678,0.7505023214854164,0.8890765263984753,0.051068087757705695,0.16860685887279303,0.00046816082543512825,0.048448786482228556,0.2718459746407351,33.298273939917685,1.0,1
50407,3.3619271977508447,1.0,148.12525218719273,1.499281057085816,1.3981349919391537,0.06151584867126355,0.17183062586123532,6.398435509599588e-05,0.0700964840406363,0.19045314646990968,26.774941887823527,20.0,1
26948,4.824000686513771,1.0,76.45912505134005,0.8799567951318898,0.4529526963721108,0.028591358109303147,0.03522952514767057,0.0447245893182229,0.07160547706998972,0.22470267675408148,17.944073786890772,41.0,3
149972,3.3619271977508447,0.0,99.05989607516884,1.5226033909488335,0.4047791174136846,0.0964512307573751,0.07080299166752929,0.0,0.13426813323762224,0.12502128870570975,23.911344111140785,5.0,1
4563,0.872923795046736,1.0,151.09461068984317,1.0224814030232345,1.3005502950795864,0.10881139747315668,0.15751312861954064,0.0,0.12901708090428082,0.5481598184332552,20.652357171048422,44.0,3
156356,4.824000686513771,1.0,115.18003478999132,1.586940561014816,0.593835151024814,0.03854735724850431,0.09277239074984024,0.0,0.11389577405950702,0.7804349562007139,28.79212634626313,40.0,2
108743,0.872923795046736,1.0,68.35307426002264,1.826122368673923,0.3971672696281201,0.10390712915025974,0.07749049892923121,0.01479936545329019,0.12381154675558945,0.17418739922926474,23.91077791688121,50.0,3
17668,2.81870192439919,0.0,77.70302033373021,1.5259518253987494,0.7784403718217229,0.04730387785758131,0.29568023772375085,0.1487044273562236,0.07948948280021469,0.6589379823386252,26.057316706865517,5.0,1
49557,0.872923795046736,1.0,134.87704821451192,0.8824506569237538,0.8153065731672732,0.11306008200418462,0.29699231392938064,0.006693204963730674,0.07160547706998972,0.07498271814621628,20.14650040866126,27.0,2
7278,6.117892928831929,0.0,143.31462638947102,2.1953049267990923,0.5309102739761682,0.05833953340702714,0.30583674985983916,0.0,0.06742164623006794,0.832250298026632,28.30915148912909,46.0,3
78663,1.5954046671017168,0.0,93.57149173752782,1.382531875836705,1.095087666887929,0.06102200408319748,0.1744815277128284,0.0,0.11425910032408468,0.4159926286676566,28.184140917534585,7.0,1
62907,6.117892928831929,0.0,113.23368659029225,1.3604447167824396,1.2062319625131506,0.03763479673457211,0.06452617944928855,1.859986783516919e-06,0.11717145598614156,0.4622253199987333,26.499593351450436,14.0,1
156223,5.701060861471607,0.0,110.98351957044436,1.499281057085816,1.645889431984084,0.03338394614955701,0.005445280320443662,5.6087978779496776e-05,0.06185421441045832,0.6380044771041449,25.968543131695775,50.0,3
85393,0.0,1.0,112.73992297364657,0.9025300258404296,1.5015885652972079,0.1119048278669858,0.10849580240222706,0.0,0.11200919934125854,0.8220912485173626,30.699805660709075,35.0,2
7652,2.81870192439919,1.0,110.15803246546861,1.2801294904916005,0.8448971249366763,0.04146691814450317,0.02769802404126529,1.1299512206718057e-05,0.04857530462566982,0.5428290888758212,23.19607729279276,34.0,2
9641,1.5954046671017168,0.0,147.83824248219102,1.0117429819484791,1.6006068707433185,0.04438898378389238,0.006927442155667886,0.0,0.11566792219410234,0.6849985289500192,29.51430063047216,45.0,3
123853,0.0,1.0,109.62099158077213,1.4467356640090427,0.3731024592325629,0.026576577269376928,0.32979984747365504,0.0,0.09195206939260495,0.38768360549391373,24.046687885227048,10.0,1
51710,5.701060861471607,1.0,114.03026028092789,0.372956702739835,1.7548589521511095,0.07911856488323085,0.05752870250965461,0.0,0.1199400574388863,0.219012573347335,28.078173769785813,44.0,3
19811,0.872923795046736,1.0,152.95790646703506,1.5528898930012174,1.3636064357556406,0.07400365818851558,0.04493766526157905,1.2499940308167596e-06,0.14466410452156556,0.3463010242500451,21.25810241421341,19.0,1
10622,3.3619271977508447,0.0,124.73174046491104,1.0278728688856018,1.7355427726221995,0.041342447356368994,0.0,0.012377812595437692,0.08927426336727629,0.4232724839940975,23.597699111962203,54.0,3
31510,0.0,1.0,98.13686773410502,0.41122628964620644,1.1762754558995927,0.04597896911406768,0.02409600998560086,3.13962337162411e-05,0.07253143383276514,0.326868612631449,29.80282428723274,17.0,1
16000,3.3619271977508447,0.0,100.29043878731326,1.6006790321669766,1.0532791897548954,0.09984812356667594,0.0028478213964035592,0.0005926543772460482,0.13738074596517424,0.654583124696766,20.942615922357394,62.0,4
137490,3.3619271977508447,0.0,124.16866575238232,1.246958858166756,1.178567726183657,0.05506911630049679,0.07048439997906662,0.0,0.08422295110813957,0.4169031817689732,22.60512952239789,46.0,3
27671,1.5954046671017168,1.0,156.6159016909334,0.5667208372492745,1.6485721689567856,0.0814343853848159,0.0,0.06613628695326,0.09479702346996888,0.2605755887938996,26.504081816852516,21.0,2
19128,6.117892928831929,1.0,112.35395491431424,0.6162115293567928,0.036988310190462684,0.03684347528477961,0.3684649610805605,0.0,0.10581030322960991,0.35829179556682933,24.33375249777993,1.0,1
68040,5.701060861471607,0.0,62.358296676891236,0.5486362213143707,0.034460577821447035,0.030916456657733713,0.375466997075387,0.1487301288625842,0.07207008747600625,0.329649459445562,22.802867475838298,44.0,3
78226,5.701060861471607,1.0,147.74420469756845,0.6480902820411296,1.4155509487585505,0.03550559855419764,0.02223288089874668,0.0,0.10785844760529659,0.5419401255638323,26.279286662763045,42.0,3
1066,3.873488880460096,1.0,116.43060288460472,1.3984299557000819,0.8016444925314857,0.08412484604572,0.2606647456595814,0.0,0.07160547706998972,0.6047015544677911,26.893405602666082,60.0,3
94560,0.0,1.0,157.37643467516085,0.511294898436353,1.7054004852858022,0.05728648091811103,0.0009985074216367666,0.05509567954286297,0.09630503739313614,0.42054376079082423,28.453411500502444,39.0,2
141828,4.359420279727952,1.0,137.86107154080116,1.0414166221981487,1.5067245784156227,0.0719035626650213,0.050788310921096536,0.12758300963765337,0.1125876738958727,0.4658339547302879,28.24915815775638,34.0,2
75407,5.270402895934253,0.0,100.59904413532325,1.0278728688856018,0.8608547809331345,0.03550559855419764,0.24009823882222112,0.0009961907158109078,0.11828452903796835,0.567661430117058,24.436698036199846,38.0,2
20458,3.3619271977508447,1.0,176.5594102821575,0.6204196326368729,0.14912856914224387,0.029907481693841425,0.3691499569589991,0.14831419246295957,0.10937167434329613,0.27653391437213615,25.27123376949689,21.0,2
101788,3.3619271977508447,0.0,148.17472855832753,0.7643869846402107,1.8050118109561257,0.09708557810085501,0.0,0.002965912600349943,0.08892922146119757,0.29897094882889713,30.67818919973731,31.0,2
98000,2.81870192439919,0.0,85.79403542399982,1.0441365530273317,0.6520678855900447,0.04707538101428019,0.08432733032579871,0.01717223111155458,0.07697095147323091,0.3110799737441455,22.179771474956024,72.0,4
46046,2.81870192439919,1.0,109.5538350514704,0.576879057113873,0.46725657598435466,0.026953409443536608,0.2382034174387412,0.0,0.08150955334797905,0.3647362240112409,27.946730365608026,38.0,2
67887,5.270402895934253,0.0,114.53348970011503,1.2409790360109807,1.3077553750603137,0.10928782236190884,0.19506447347566547,0.001984806558653298,0.12757809509702486,0.3564489745952911,25.425394980317392,30.0,2
42411,1.5954046671017168,1.0,142.99144446226904,0.755116866294833,1.079601259342487,0.03414355059055638,0.21069722185364373,0.0,0.1252275809854624,0.30735740567019904,27.36737076050118,49.0,3
108164,0.0,0.0,43.007053154082186,0.5486362213143707,0.08604126546187375,0.03184203401148653,0.3645296181750358,0.14804845413788578,0.09386772939038489,0.7143940027013405,19.44156415398007,27.0,2
89384,4.824000686513771,1.0,194.28647916022572,0.48639265456573033,1.6006068707433185,0.0756753591574628,0.0009985074216367666,0.0416750504807666,0.13123702703825046,0.09973583900653984,27.784578987961808,32.0,2
13483,2.81870192439919,1.0,117.62300167896443,1.1733338226503915,1.4887850777116909,0.04379041442699696,0.004962882796202298,0.02110588240330083,0.07019179955184995,0.7530772108816399,28.057734872406925,67.0,4
56154,0.872923795046736,1.0,126.58580021020359,1.3261352750235784,0.4849346932821102,0.03198347162171691,0.3687395914417553,0.1370323600818471,0.07160547706998972,0.4892295852117562,27.029754859462066,28.0,2
146629,3.3619271977508447,0.0,98.67719880679807,1.3952422166886544,0.716031549250245,0.02770197444137078,0.34288568786942675,0.11059973741301266,0.0875253578926078,0.6362565578510048,22.7661632211721,43.0,3
61133,0.0,1.0,134.53097474593497,0.6141123480098922,0.1347054969338301,0.039448600807730404,0.3753400103877654,0.1485126298438773,0.08644706391858864,0.09192479917998644,24.080232115213324,30.0,2
62925,4.359420279727952,1.0,112.89940122181477,1.0909488099104507,0.7403721686283902,0.032054095044992494,0.17605677935381134,0.0,0.10388706186522997,0.6641594742783927,24.217883692308174,22.0,2
34048,3.3619271977508447,1.0,68.24807864787903,1.035987948999315,0.5375933159347819,0.038157654766122096,0.07215307736630519,0.1480936353641807,0.0642263303982092,0.5897388344096739,27.287731146782242,24.0,2
27469,5.701060861471607,1.0,163.6078572341688,0.9305140056689871,1.8644054985234333,0.07971180677246352,0.0023517019260328163,0.11145892708385836,0.11425910032408468,0.19617970441626129,29.17551888374756,7.0,1
36883,6.117892928831929,1.0,46.27024170102472,0.4454294914141913,1.329481015462743,0.025741511009059373,0.16860685887279303,0.028501156735251186,0.13646504172415788,0.7470761963978335,23.68798460655461,27.0,2
36993,0.872923795046736,1.0,185.05088262319737,1.752687621763492,0.7253558029455678,0.09708557810085501,0.13857634901143603,0.0,0.07298954199416931,0.4883316765960209,27.457292464494778,4.0,1
30687,4.359420279727952,1.0,81.16458725344707,1.0197912380668752,0.6520678855900447,0.050636785623080244,0.2946215020022468,0.0,0.1231911327681001,0.4919223952704212,26.916663857275765,49.0,3
90426,1.5954046671017168,1.0,117.03469589584464,1.1704392993079824,0.8409268716865445,0.03134499269087866,0.3060809988926816,0.0,0.09510266620308695,0.4350801015157789,26.621259129424182,57.0,3
121264,3.3619271977508447,1.0,120.77227241488278,0.9904435638128387,1.1353577070957022,0.08386550447689363,0.30825889883223306,0.00031362367795815106,0.12929029597956693,0.5241301357294121,22.418640896435658,11.0,1
118298,0.0,1.0,123.78292631156428,0.3165654838115098,1.3857569851549003,0.04438898378389238,0.0,0.14679945516821774,0.10160035464617702,0.25022020596358363,23.799912333757756,25.0,2
85367,2.81870192439919,0.0,85.25883592458572,1.499281057085816,1.6085535048877457,0.04971018753578825,9.608619915828095e-05,0.14823212672171301,0.05583761488162731,0.7479338501661067,30.998264509392172,25.0,2
42171,4.824000686513771,1.0,99.1385063301141,1.6214139493243716,0.817265915439901,0.05631163987576615,0.020546730784321666,0.0003006541804012481,0.07160547706998972,0.2009461949148218,23.19145366211302,30.0,2
92913,3.873488880460096,0.0,106.6397301222328,1.1274828423974343,0.9802422468499067,0.029178943760520885,0.03772983306760561,0.0,0.0909648244230264,0.283089132646496,23.481110194299845,14.0,1
128722,1.5954046671017168,0.0,91.17881516008472,0.546642639354966,0.14791776419475403,0.037503497957860635,0.35936182252310406,0.14802089407464414,0.13691023836234864,0.37025330913284016,24.481165655146732,38.0,2
51142,3.3619271977508447,0.0,99.89271320185972,0.9746235506992239,1.637853941661252,0.06408679225719048,0.07373331035081927,0.029205777483379724,0.11797137715506432,0.3739279421988962,29.432774393355473,40.0,2
103294,0.872923795046736,1.0,115.13899976911476,1.3635879022326585,1.2695403925683402,0.05208043333747921,0.0021927874172266238,0.14872374146642076,0.052708337704347206,0.5623496876972396,33.30583862239201,16.0,1
98113,3.873488880460096,0.0,122.11617273800584,0.5974354268582583,1.3513725909920593,0.06408679225719048,0.003976213546291906,0.0,0.11566792219410234,0.40779027040891674,28.66267572078854,49.0,3
8130,3.3619271977508447,0.0,101.81645786623787,1.9395939776160442,1.3391900932368495,0.030844808525263702,0.2499863334884807,0.0,0.11797137715506432,0.6858652061907988,23.1897196403716,45.0,3
9501,2.81870192439919,1.0,106.03790390498763,0.9511404885049599,0.339287251038444,0.03414355059055638,0.3195041081777926,0.13776078708605485,0.0692325431781873,0.2199614227629816,25.955691340913294,63.0,4
76940,0.0,0.0,170.98864691752036,0.2007101649540725,1.314978844489941,0.07007114572550133,0.1964938211855431,0.14906607085342136,0.12417503957929378,0.0328613191217961,25.478042457632583,20.0,1
56033,1.5954046671017168,1.0,177.06589780694344,0.9433783587917097,1.057646406189738,0.05531977924046881,0.006927442155667886,0.1476185191077602,0.09417957066797655,0.3407568569568942,33.31159602046061,4.0,1
104129,2.234779091684268,1.0,108.29743618730109,0.536721986690365,0.22870190427755221,0.043307733668804936,0.3659547628917664,2.089983312774133e-06,0.13773979706821,0.11239761144098635,29.350477683866355,10.0,1
93509,0.0,1.0,182.9069540301808,0.7140754272172378,1.582138574210083,0.08171337117473375,0.060842390389807495,0.0,0.1432248914557322,0.4910249444225651,28.288195273321694,35.0,2
144363,2.81870192439919,0.0,119.64051654404231,0.5308073037484302,1.7410509764195912,0.06235797169475681,0.0009985074216367666,0.0,0.09570786137811908,0.46312771325061475,29.38678640088999,26.0,2
78728,0.872923795046736,1.0,114.43594956597697,1.7346023120600809,1.0840160182295047,0.07881827414418355,0.2850001772440109,0.0,0.07389614600927014,0.4513843481564584,27.29264856129118,1.0,1
79411,2.81870192439919,0.0,125.19308892310838,1.382531875836705,1.5351222119478976,0.0756753591574628,0.2596612745405304,0.0,0.0498303318138394,0.666768452000647,23.18827455547148,5.0,1
42900,1.5954046671017168,1.0,122.87880901592266,1.5698625629767227,1.0057605767148683,0.0769637268850384,0.022792962324377972,1.6798921821817424e-05,0.12707004766187593,0.6362565578510048,21.11206867523206,3.0,1
154211,4.359420279727952,0.0,183.66517339252286,0.8308234223741906,0.8016444925314857,0.03134499269087866,0.2722361158306361,0.0,0.08422295110813957,0.15401045902161728,27.06829121551652,31.0,2
24349,0.0,1.0,72.23861682040959,0.8824506569237538,0.5309102739761682,0.06102200408319748,0.29193879468905093,0.12781195674789525,0.100270542490563,0.3008358881800992,26.233851661123577,67.0,4
8867,0.0,1.0,122.90421853824073,1.1588997572047788,1.095087666887929,0.028221954072082344,0.030896031522461346,0.0,0.11566792219410234,0.2521047362767937,30.043180847317704,18.0,1
57738,0.0,0.0,90.16506507627967,1.4695941574011762,0.7086058516452183,0.10152244608703388,0.1304347681620652,0.0,0.06874779249788905,0.33798239709523725,29.181453051492202,39.0,2
108069,5.270402895934253,1.0,134.26004567525797,0.8899536272626166,0.6719252777395165,0.029907481693841425,8.658879272394368e-05,0.14263080117173976,0.13433043687704121,0.03979682710488328,20.945865422124594,15.0,1
64335,6.117892928831929,0.0,50.06187016289869,1.3447892366328362,0.34948211203382207,0.04775846799935489,0.20211257541611768,0.1485126298438773,0.07567160824092482,0.27465930423277096,23.19708862917439,19.0,1
64643,0.0,0.0,80.19858558081378,0.25738169717345977,0.057314228853199534,0.03345331143459896,0.3509654956354509,0.14495261451667973,0.0909648244230264,0.17418739922926474,24.643655799580348,41.0,3
87303,0.0,1.0,132.49206073107942,0.9433783587917097,0.8409268716865445,0.025435779189136993,0.2460265192220273,0.0009961907158109078,0.09917475099732172,0.5008885459395205,27.457421332754567,5.0,1
1691,5.270402895934253,0.0,138.82538454746782,0.870016916351664,1.1308513369073827,0.08933383591792979,0.14224404248746633,0.0,0.0807099107755365,0.38126903601002826,25.708254390752515,78.0,4
86518,0.0,1.0,63.98431710442494,1.0224814030232345,0.8789540273492653,0.08463728846781318,0.11262682189264288,0.0,0.07782218133052284,0.20570758564253153,25.768179219849117,17.0,1
59565,1.5954046671017168,1.0,131.57157554611302,1.237995013338512,1.7548589521511095,0.09352603656759394,0.002986602388962986,0.14682824890277488,0.12807164233603202,0.3287226888922308,28.061163222551418,5.0,1
68382,4.824000686513771,1.0,133.23582720168574,1.7273986281211327,1.2695403925683402,0.037503497957860635,0.2300164851229946,0.02603785273729381,0.05772607159203345,0.8727232799003789,28.805847744456166,32.0,2
132767,4.359420279727952,0.0,146.21860072896922,0.7163267310388866,0.8548562783934225,0.02844379682282684,0.27621111607351606,0.0,0.07610775407689287,0.3444536710269561,25.408010512787342,63.0,4
25324,6.117892928831929,1.0,110.74628221895466,1.3354442055656686,1.0036232661278224,0.10763012901892503,0.2599964583587398,1.3299932422772305e-06,0.11797137715506432,0.6797957612726563,25.280913070355783,11.0,1
23535,4.824000686513771,1.0,87.15665044780579,1.684540299697343,1.2648001779253042,0.06248969162613255,0.06687577780537064,0.0,0.07253143383276514,0.25869452132756765,23.19708862917439,16.0,1
12803,0.872923795046736,1.0,48.58621409049429,0.6741252782109894,1.173985195547883,0.10152244608703388,0.0019940376062208094,0.13197391490275998,0.1295588669753996,0.5463834888224122,26.446616793462503,30.0,2
107748,4.824000686513771,1.0,142.96160700975264,1.5528898930012174,1.85017773398087,0.04121775540709883,0.05894156717585289,0.1482817668352984,0.10510074374136276,0.12405157644659484,27.02780100771894,8.0,1
95219,3.3619271977508447,1.0,166.60373840359364,1.277094229670491,0.42477495344457195,0.041342447356368994,0.26232341760931527,0.002965912600349943,0.09570786137811908,0.4550005252381872,22.223519836737974,38.0,2
30825,4.359420279727952,1.0,152.0710310973141,1.4499888131526906,0.9053728438287705,0.03345331143459896,0.23081248243290878,0.0,0.09029545927515505,0.8347874850681226,23.835676871134133,52.0,3
132704,4.359420279727952,1.0,134.1044769394316,1.0798363793789911,1.6972246861723046,0.036177528458350545,0.04736046046136347,0.0,0.07654086052747315,0.6003049092046717,29.18713918788532,26.0,2
85051,0.0,1.0,126.41372973759682,1.313779393613908,1.2062319625131506,0.041342447356368994,0.015625372543004,0.12699896453563442,0.1323042586793445,0.3601339240615556,26.500517489533717,29.0,2
146691,1.5954046671017168,0.0,120.49712064366557,0.26951123030858104,0.10080396775144336,0.03482762600454365,0.36101684529083516,0.10571676204350229,0.13375726721458914,0.12889791880300963,22.291111754882255,4.0,1
144225,5.270402895934253,1.0,131.93887384943315,1.4176418973042995,0.7650306132434314,0.030197061090221734,0.22598348239194627,0.0007468614449251803,0.10339044157515012,0.08576321243291384,25.968944680542347,12.0,1
113018,5.270402895934253,1.0,113.58838900843988,1.867263047261125,1.329481015462743,0.0708133464056408,0.15864721974158413,0.0,0.07479010183432175,0.7505060789938793,31.00727791642085,31.0,2
134032,5.270402895934253,1.0,118.66046421898314,1.1388535531640749,0.8035905104059599,0.026953409443536608,0.32189410842035704,0.0,0.0878799146864748,0.8187012206330496,26.60888577826456,41.0,3
66277,1.5954046671017168,0.0,130.37305944203055,1.3793644304245756,0.8153065731672732,0.05276348676969412,0.28037777348200726,0.02110588240330083,0.0571585712331885,0.6336336735553394,24.585498699570707,36.0,2
13733,4.359420279727952,0.0,116.2974374214184,0.49399933792676487,0.8809746737279629,0.038157654766122096,0.2562708352527543,0.11813532573719375,0.13691023836234864,0.20856198321458377,23.231312067102778,62.0,4
110606,3.3619271977508447,1.0,112.06564177025919,1.2054289960576283,1.1557353982549923,0.10281767652483301,0.025948304091180735,0.0,0.08680895131871912,0.5205610680472806,28.183001571511404,15.0,1
11796,6.117892928831929,0.0,141.4885131331067,1.3857033743699478,1.288582650538607,0.10549248652952234,0.05585783783563089,0.0,0.08608269509259017,0.3240861578407269,29.144969582010393,65.0,4
33567,4.824000686513771,0.0,125.41100404616726,1.5698625629767227,1.0642120665634267,0.09901837159570151,0.04406768497373567,9.139680865310006e-06,0.051495724908904986,0.7539340114733682,25.980721571055827,61.0,4
96955,6.117892928831929,1.0,102.12439936645124,0.8043990271576443,0.23265440637180526,0.031487324236659966,0.3075369769343362,0.0,0.0807099107755365,0.37117222363207886,22.559819170247756,44.0,3
7832,4.359420279727952,1.0,172.70807122133,0.6162115293567928,1.4785798387800124,0.1038017549402223,0.04476386769526602,0.0,0.1392922545491597,0.39043018103571125,26.81595360181843,1.0,1
60896,5.270402895934253,0.0,170.18378376788675,1.705891647744118,1.079601259342487,0.05531977924046881,0.02502350614647099,0.057430635859968215,0.09999929605428569,0.6441179843263861,26.147617269128574,19.0,1
17017,0.872923795046736,1.0,75.38674126226861,0.9279519897293446,0.08897241894213537,0.10755176218457028,0.36438587767963854,0.001974957681663889,0.08150955334797905,0.42963382439383313,33.42862749118617,59.0,3
7327,1.5954046671017168,0.0,120.74679917044045,1.1995585970342593,0.5544274649064301,0.029178943760520885,0.2930180791304926,0.0,0.0994514137349725,0.4990965284816648,27.974350613434027,36.0,2
23220,3.873488880460096,0.0,109.01120076472218,1.8335626327890615,0.729098628509576,0.07821024105866159,0.20667737463872096,0.0,0.11479565148345594,0.3536834419639886,24.3261980951016,52.0,3
51845,2.81870192439919,1.0,70.23361593617534,1.4240785193695762,1.2790452321863144,0.06366010318565381,0.1658841956233759,0.0,0.0929195560165614,0.7505060789938793,27.258343479870994,43.0,3
55469,6.117892928831929,0.0,122.0144364703838,1.3667351240154904,1.0036232661278224,0.06322975991368103,0.045631865334373974,0.0,0.10785844760529659,0.388599298650405,24.951217992962533,7.0,1
60131,3.3619271977508447,1.0,135.96459738006092,1.3698863849283012,1.4785798387800124,0.034280856815077226,0.022045968810449245,0.0,0.11600931508282333,0.41963386075746517,23.480966900567736,13.0,1
56481,6.117892928831929,1.0,172.35954224353998,1.713043318578456,1.3101611541437503,0.10076992777346946,0.027789847142669463,0.10669751904935258,0.12079744792434513,0.4041404961216831,28.55064640516849,23.0,2
140165,4.359420279727952,1.0,107.8885292260162,1.0577922600757719,0.9993545321705947,0.10621872520381574,0.023165805092240477,0.0,0.09804963764136568,0.5923822294541841,24.426235316225036,45.0,3
16203,4.359420279727952,1.0,106.11575368974778,1.0937363611747035,1.234186749955301,0.0614711458158501,0.21420196030178915,0.001984806558653298,0.09861591438912895,0.7718988755203128,29.756130598741922,52.0,3
85587,0.872923795046736,1.0,136.91080295401238,0.7073417138831405,1.5015885652972079,0.03684347528477961,0.002986602388962986,0.0,0.11874712021012017,0.425999744827912,27.78777465178088,58.0,3
76435,0.872923795046736,1.0,165.6838818493345,1.4926549618789116,1.6809306175645167,0.0461533086282955,0.2292169810837569,0.0009961907158109078,0.10510074374136276,0.6953901935688297,25.819410565696103,1.0,1
3243,1.5954046671017168,1.0,86.80426677443009,0.7390256179332092,1.5926792334280553,0.03414355059055638,0.0,0.1297586523898561,0.07989911657905567,0.5941437966272379,28.56507415178207,57.0,3
149669,5.701060861471607,0.0,110.17351846725833,1.3230403074748542,0.22214766867345095,0.11929602024799826,0.2535070519600315,0.0,0.100270542490563,0.2671533079347595,29.096317603072183,21.0,2
132746,2.234779091684268,0.0,109.28515002699262,1.5427567021324977,1.1534632002710248,0.046327188014090345,0.3259133551174609,0.0,0.07782218133052284,0.4050531875874435,21.71292975448016,73.0,4
2226,0.872923795046736,1.0,121.0829841506021,1.2290664655179893,0.6828512271475592,0.11678140967527527,0.36011768658612775,0.0,0.07523239892816581,0.8110668967352302,22.080452853511527,9.0,1
148803,4.824000686513771,0.0,108.14218109923407,1.3014873780326923,0.7012100698643479,0.04379041442699696,0.31157539028061215,0.0,0.0652563208801996,0.4269085074607398,29.752836983702064,51.0,3
141004,5.701060861471607,0.0,147.694707680494,1.4663162944046058,0.5817394956459299,0.03684347528477961,0.27254559242494636,0.001984806558653298,0.07479010183432175,0.6780604729547725,26.354230674902475,35.0,2
148595,3.3619271977508447,0.0,108.78369640442988,1.258965687733321,0.9176762744407007,0.03677714815628141,0.3244483425283577,0.0,0.10696278729458521,0.15978487678331918,22.474622966802123,3.0,1
142029,4.824000686513771,0.0,65.71007920031123,1.382531875836705,0.7803636199698412,0.040085503505564654,0.32694874517749745,0.14846123398764682,0.10133787158252591,0.5428290888758212,25.848424471233063,52.0,3
62054,3.873488880460096,1.0,144.4474256421419,1.3952422166886544,1.088438717875863,0.025205750969036836,0.23972090973170235,0.13645473600706737,0.10237756976806238,0.31201016143727445,24.888175856839414,6.0,1
137569,2.234779091684268,1.0,113.12570215458905,0.5093607830228893,0.3880907013868155,0.027776458983118688,0.37157295153865,0.02802879493980188,0.10557531116723944,0.13277101043652648,29.38432576305974,54.0,3
3331,4.359420279727952,1.0,98.63524650520438,1.8710297385230998,0.5886403425809775,0.10778520225113049,0.2319999480755242,0.0,0.10979175009966557,0.2662142053083389,27.297306607764448,19.0,1
67439,6.117892928831929,1.0,68.59613410747295,1.3920585419964056,1.2861952396200695,0.08226457702046334,0.027146524790096924,0.0002886811934037432,0.11684452751132064,0.5826836339638324,23.206478190624157,19.0,1
147142,0.872923795046736,1.0,43.16630462058648,0.9305140056689871,1.448164004953569,0.044982288551343556,0.004962882796202298,0.14848343783585247,0.1295588669753996,0.24173022192994606,30.402468677947088,34.0,2
102877,3.873488880460096,0.0,125.7858939574429,0.6697530468859387,1.6085535048877457,0.10845647711077161,0.13422605430153228,0.0,0.13599807026133018,0.5870941836445066,21.08265747216048,3.0,1
32938,0.872923795046736,0.0,106.16764901145008,0.3197916190244143,0.27300728550149644,0.02829596852094633,0.3106365471241815,0.14823212672171301,0.06412251895793199,0.04820233484611404,32.63176694017908,38.0,2
110378,5.270402895934253,1.0,140.1029953739415,0.5891743712319182,0.21045458225094912,0.032054095044992494,0.3656715061590113,0.0,0.10363955969640551,0.23889672081580507,25.907726705545432,14.0,1
47120,4.824000686513771,1.0,110.37480819029234,1.1189948897666122,1.616519151327676,0.04379041442699696,0.0009985074216367666,0.1480023296960682,0.05484699175740777,0.08214020476678746,22.214893793411353,22.0,2
38614,5.270402895934253,1.0,131.72253780558688,0.9330796361672831,1.3391900932368495,0.05824462509301763,0.05919019669413417,0.03075491501815847,0.10915962010817792,0.5738519916568867,30.24448668985243,24.0,2
145716,1.5954046671017168,1.0,105.95485512984888,1.2024918523025487,0.27850199182241897,0.029907481693841425,0.2975136482041665,0.14824048470688458,0.08268848505094586,0.08605683009437633,22.702017941218383,18.0,1
49288,0.872923795046736,1.0,107.89370664637929,1.357305564867754,0.6846787275032765,0.08777467453951815,0.23278726790755302,0.036000550337622,0.07523239892816581,0.28776582155373864,26.678073666180346,13.0,1
35288,5.701060861471607,0.0,123.8184621311544,1.6006790321669766,0.49792712282742835,0.11694644472949735,0.286415091197947,1.2699383852770319e-05,0.09323773806836998,0.2737217164713884,18.004544980987788,18.0,1
34320,0.872923795046736,0.0,121.21538396983462,0.8235748656635028,1.1625640217662516,0.11195308647654822,0.29568023772375085,0.10858598085840131,0.12331669781090818,0.41963386075746517,23.036636516457428,58.0,3
143977,2.81870192439919,1.0,107.5519206203876,0.8576718908979484,1.4658701681640962,0.05042000076824561,0.00016096126771885825,0.0,0.12675805909983276,0.3766821266125737,29.055421788018677,49.0,3
129519,3.873488880460096,0.0,118.57874101879848,0.9202876017469687,1.7026730866736057,0.046960830782220575,0.026132940816025817,0.0008134622230881278,0.13705399719199013,0.35829179556682933,29.796609481754025,15.0,1
94361,2.81870192439919,1.0,136.84575009962603,0.5074297705021785,0.3163008607122087,0.03684347528477961,0.36860238188452427,0.1412524173700177,0.10604378231919075,0.5071558543350404,27.61946933871224,42.0,3
65072,5.270402895934253,1.0,144.62120733896717,1.440241690388494,0.9887170107264152,0.038157654766122096,0.15637341109399755,0.0,0.07066635954166857,0.6257577563290178,26.076408228893044,28.0,2
65365,0.872923795046736,1.0,124.41220227879742,0.8749797475547563,1.2790452321863144,0.10763012901892503,0.2445634442629467,0.0,0.12093734207546923,0.47124222729765775,21.387907640595415,45.0,3
69817,3.3619271977508447,0.0,132.8238140546638,1.1995585970342593,1.3857569851549003,0.032756846992377936,0.07215307736630519,0.0,0.10604378231919075,0.6406253525679155,28.912597369079236,47.0,3
55025,1.5954046671017168,1.0,103.00052511453433,1.2559580752183774,0.7726819849845797,0.07044380416764916,0.2671982360325522,0.0,0.090631273449164,0.832250298026632,25.530887039776157,50.0,3
1182,5.270402895934253,0.0,125.66432558837252,1.0993228154521477,1.2435697576993787,0.041962598355487504,0.013712425199831665,0.00681651852218226,0.10763668424531088,0.37025330913284016,25.43014714195502,57.0,3
111484,4.359420279727952,1.0,114.28704958534998,1.274062926972884,1.5455114753399843,0.041962598355487504,0.03234721238490471,0.0009961907158109078,0.09386772939038489,0.7744609539463155,27.800682582661064,50.0,3
27875,3.3619271977508447,0.0,130.27227209915625,0.36445598128801504,1.0272417610184217,0.038157654766122096,0.18224553925865877,0.14252820321226706,0.10785844760529659,0.4694400923118106,25.99476879984142,32.0,2
46172,4.824000686513771,1.0,156.87601437144937,0.5288420113742089,0.7745995549638897,0.02770197444137078,0.1416366259819575,0.0,0.10186112363500793,0.5223458982041329,24.74586474301578,59.0,3
127885,3.873488880460096,0.0,121.9025125514028,1.586940561014816,0.9238541349219103,0.10076992777346946,0.2869771905362136,0.0,0.06370578415960063,0.45228862939516046,30.20417835645595,28.0,2
39528,3.873488880460096,0.0,111.20521936457608,1.0197912380668752,1.2719135502914645,0.041342447356368994,0.004962882796202298,0.002965912600349943,0.11600931508282333,0.5196684304319891,28.00741951567922,61.0,4
57033,1.5954046671017168,1.0,109.84308283984586,1.7166256457400175,1.4532125165491048,0.1063065939423024,0.325496631491568,0.0,0.07782218133052284,0.5596918883888553,22.16979349438479,2.0,1
47431,5.701060861471607,0.0,121.59210106111283,0.9930930893391963,0.9487402689416761,0.02844379682282684,0.24234522406641582,0.0,0.0875253578926078,0.32223029241841084,25.428382123673344,2.0,1
13626,4.824000686513771,1.0,114.65668131130951,1.8447562024754598,1.2482734227611447,0.08438210118699253,0.13980511964077502,0.0,0.06879642243195909,0.5259137815807644,24.887900326498055,50.0,3
95872,0.872923795046736,1.0,118.65024925947422,0.9279519897293446,1.5533254571377446,0.05776762020712451,0.11870244613380132,0.14766186378149912,0.1374719209323013,0.45590417500931824,26.697913042490285,22.0,2
78540,4.824000686513771,1.0,83.8865317640086,1.433764130961678,0.593835151024814,0.023185693996060786,0.34980154919725676,0.14872374146642076,0.07697095147323091,0.2980382035009999,23.37261113726419,20.0,1
64940,1.5954046671017168,1.0,113.48045288997672,0.5891743712319182,1.1489248154734721,0.040085503505564654,0.19169008643354407,0.011468359494094787,0.11566792219410234,0.677192634794403,30.00681124630466,47.0,3
3102,3.3619271977508447,1.0,99.08610048303602,1.0171047814103484,1.0014879181509468,0.059651224241981105,0.20712811703028133,0.0,0.1228099104642298,0.677192634794403,21.536176999904367,18.0,1
139750,4.359420279727952,0.0,102.08265236880443,1.6528037535325126,0.8568538604471809,0.041342447356368994,0.0808144821993754,9.88962634298585e-06,0.11122066945651018,0.326868612631449,26.636786098108477,30.0,2
9495,3.873488880460096,1.0,114.74906259583312,0.2771809050663458,0.43254475308730655,0.029178943760520885,0.3692863258497086,0.14773597891047588,0.07389614600927014,0.09778445687136057,20.79090624265973,51.0,3
92339,3.3619271977508447,0.0,186.77973154067044,1.310700409278527,1.4913416009490772,0.04730387785758131,0.005946621798604477,0.07391897168127363,0.12707004766187593,0.17610414704469207,27.027149702432094,25.0,2
24563,6.117892928831929,0.0,105.80949737928272,1.3199493399191744,1.2648001779253042,0.06248969162613255,0.03870660185960439,0.0,0.07739805058592603,0.2709078202006909,31.01024245998889,54.0,3
7623,0.872923795046736,1.0,73.22446461727007,1.6423020601527738,0.5544274649064301,0.05631163987576615,0.22393328775948465,0.1485126298438773,0.07207008747600625,0.37759984787925627,21.150216152849893,18.0,1
30641,1.5954046671017168,0.0,126.32262003085025,1.443486624022477,0.2406044124121248,0.03564046603117301,0.21463560404457743,0.001807411810903533,0.10741349334001439,0.5694308716311162,20.162059401442722,16.0,1
111631,6.117892928831929,0.0,119.69152939402868,1.116173191799425,1.6059025151258526,0.07366089915094279,0.07842206986670712,0.059138788265392456,0.11797137715506432,0.31665838257302165,28.649658615573163,37.0,2
90397,0.0,0.0,118.25687750601475,1.6214139493243716,0.7938794242950211,0.11011320908121598,0.02631747011447818,1.5299910572183804e-06,0.06845528709351664,0.5035754392914052,32.6278738807239,9.0,1
28490,0.0,0.0,132.69313753509766,0.2619098650327388,0.012109364452542617,0.0431865287142909,0.3755937936401596,0.14818125462915135,0.07567160824092482,0.03385284717249847,26.95870305828873,51.0,3
14092,3.3619271977508447,1.0,121.5055727418948,0.8675408250285294,0.5325783271168508,0.03482762600454365,0.1297971916212612,0.0,0.1028873097127769,0.24456196630091115,24.585498699570707,11.0,1
108466,2.81870192439919,1.0,90.6960259307886,1.4695941574011762,1.0078998505255499,0.08889717616409516,0.06362997102003837,0.0,0.10339044157515012,0.5561461496395317,23.193332087026928,33.0,2
28987,1.5954046671017168,1.0,147.30359756347895,0.3279063019121422,1.7081300168957543,0.06931636345747896,0.010821767172170031,0.0,0.08892922146119757,0.47394426546045465,32.391745904794504,56.0,3
985,0.872923795046736,1.0,86.99650128331758,1.3857033743699478,0.8055384298711078,0.09901837159570151,0.1200332692849557,0.0,0.06776790858233991,0.3287226888922308,24.482001512944862,73.0,4
14325,5.701060861471607,1.0,116.70198812859276,1.713043318578456,0.6956828410527327,0.04954523409962817,0.006927442155667886,0.0,0.05828948169065652,0.7161185947953245,25.37743230509772,57.0,3
20089,0.872923795046736,1.0,114.22029231210806,1.237995013338512,1.4155509487585505,0.04673112473458526,0.13795961794494901,0.12781195674789525,0.10510074374136276,0.6152394809651552,21.867532903505086,32.0,2
84740,4.359420279727952,1.0,131.762790222489,1.3416702104497014,1.1241067643567022,0.04736087659945684,0.19071575807816873,0.012014854669023495,0.06850412453748891,0.30176808255591336,33.31746560317459,22.0,2
85239,0.0,1.0,102.58345571966025,0.6851139901853912,0.01404678592560269,0.04438898378389238,0.3743172265866471,0.14865846021898388,0.06879642243195909,0.08223816587119673,17.916963694329304,23.0,2
141150,0.0,1.0,144.25374787328306,0.43270279790335536,0.3220063272070616,0.029907481693841425,0.34306426577321375,0.011468359494094787,0.09972625759298626,0.14147261013649215,26.355423300680755,34.0,2
144142,5.270402895934253,0.0,118.80856699986484,0.9228387905195625,1.0510985468541778,0.10176588683583664,0.09570049597102921,0.0,0.128645412749902,0.4919223952704212,23.67416447458901,32.0,2
108052,5.270402895934253,1.0,69.1260226862823,1.586940561014816,0.5159788866289045,0.10961413721893093,0.25763548768408095,0.0,0.08030591854684666,0.44867055468068734,21.28199332128644,20.0,1
154835,0.872923795046736,1.0,81.2724183954722,1.3667351240154904,0.7384885474384946,0.06616661355998277,0.28809482449267676,0.0,0.060448319140414306,0.5428290888758212,30.773891220938808,19.0,1
155793,0.872923795046736,1.0,155.54043792407347,1.1360051413715428,1.1946699466487898,0.11526839008088703,0.14525821594835667,0.0,0.0944893301378407,0.7057634965086762,29.15202136403259,18.0,1
89887,0.872923795046736,0.0,125.85680107148438,1.3261352750235784,1.2318460617081535,0.11081194339916868,0.08531212762005844,0.0,0.1329476683409684,0.5579193060105864,23.974841958487094,43.0,3
79,3.873488880460096,0.0,118.45614110465617,0.37637728742838533,1.79660463980821,0.053799353682425805,0.0,0.0,0.1125876738958727,0.2971052741693927,26.11749621191814,55.0,3
62405,5.701060861471607,0.0,88.91554391497522,0.4308966917757894,0.6792018079786396,0.05223874875548161,0.06816401280319169,0.14831419246295957,0.07344443758622808,0.044743382268620936,30.91789451035147,23.0,2
38801,6.117892928831929,0.0,121.76513127281576,1.826122368673923,1.1534632002710248,0.03162939973567415,0.3179583999527761,0.011194182246357083,0.07344443758622808,0.8592610254589722,25.970684676811494,41.0,3
13771,3.3619271977508447,1.0,65.57114540220151,0.235105456117044,0.04761636055185787,0.032756846992377936,0.36623714085475806,0.14654419920233344,0.08608269509259017,0.04672029222863148,22.04578482834363,54.0,3
15958,4.824000686513771,0.0,82.89821108119024,2.2622012929733035,0.6610661750968433,0.0814343853848159,0.10918885741547443,1.629989850082615e-06,0.050882744032923,0.384019149597404,23.33622532966034,31.0,2
101741,4.359420279727952,1.0,144.38783644896756,0.8625992772181287,1.802207267989014,0.0598821474127017,4.299972365752183e-06,3.299958397684298e-06,0.04015971712146226,0.1866313169426985,28.049226249900524,52.0,3
157581,0.872923795046736,1.0,135.33828178490836,0.9719997127794917,0.8648633807671563,0.04899224740895944,0.19362507690967473,0.0,0.07866163055322024,0.3674955385332786,26.880071665899525,45.0,3
29174,2.81870192439919,1.0,41.07163260061851,1.1966292274711101,0.9929661400695023,0.03134499269087866,0.1285171062526024,0.0,0.07523239892816581,0.5932630825882477,22.45971343729745,55.0,3
25228,0.872923795046736,1.0,41.1606900297774,1.9434457150353295,0.7479254660277699,0.11389340562746535,0.0949714230421777,0.0,0.1046199903677044,0.1751458780795015,22.568650662749963,33.0,2
26558,4.824000686513771,1.0,92.3497908321294,1.443486624022477,0.6095183704904821,0.03386819800867214,0.21113880216734304,0.0,0.1110204011529758,0.4004880737342039,26.47476543786554,50.0,3
85126,1.5954046671017168,1.0,112.40542826490696,1.0937363611747035,0.5077466257061825,0.03482762600454365,0.29803299985297993,0.0009961907158109078,0.11717145598614156,0.4014014281029086,22.18810896558814,56.0,3
2531,4.359420279727952,1.0,139.14993692094333,0.7643869846402107,0.19253140681836964,0.04673112473458526,0.3749579057766519,0.14858359650791927,0.06318149722485808,0.1703513804874109,20.82758277152953,62.0,4
107624,3.3619271977508447,0.0,136.02971044854962,1.8298402910541283,0.7347269443802338,0.03134499269087866,0.20847417397657522,0.04876666317024877,0.07389614600927014,0.6108510766913567,23.912759557162474,39.0,2
159900,4.359420279727952,1.0,129.5311417138294,1.1762322066763853,1.319804715011444,0.05728648091811103,0.11601985112802114,0.0,0.09570786137811908,0.6029433102477434,28.77191032756947,50.0,3
133430,3.873488880460096,0.0,139.04509341080265,1.258965687733321,0.8389446157210648,0.08822904207283068,0.19314302867308558,0.0,0.07389614600927014,0.5703153792725135,24.486876965276878,69.0,4
75343,1.5954046671017168,0.0,133.52211907249358,0.8139590618663869,0.03857265767169028,0.029616855379157963,0.37508546512046803,0.14864509091371522,0.07989911657905567,0.29337171326094935,20.156186029536507,31.0,2
23084,3.3619271977508447,0.0,109.29031793667421,1.5427567021324977,0.9466557329092349,0.0814343853848159,0.06493263849957365,0.0,0.11964725123583841,0.5401617621376549,26.151747079660062,2.0,1
76442,6.117892928831929,1.0,147.90752799457076,0.6288748773919356,0.40783610587122643,0.03345331143459896,0.32756561202397355,0.001984806558653298,0.09747580878089683,0.28776582155373864,23.84900833150981,29.0,2
13708,1.5954046671017168,1.0,83.00571825827494,1.6144853188230401,1.257705099064472,0.04504133145216058,0.06010004971326687,6.878192060763043e-05,0.12242178962049771,0.4928196937814543,23.18769650451021,44.0,3
58474,2.234779091684268,0.0,95.70270625729967,1.9357467418808714,0.7197556293230039,0.10304203740104016,0.22186018419829656,0.0,0.08030591854684666,0.6728515002130602,29.389123876261834,16.0,1
10305,4.824000686513771,0.0,107.31879567562046,0.5426649349516074,0.8270912295607865,0.05117544300866493,0.29435554691593196,0.10235070315149465,0.07739805058592603,0.2821532349715344,22.699819024538012,28.0,2
125511,6.117892928831929,1.0,173.31291673701983,1.3793644304245756,0.9529151814138451,0.05680116751690537,0.2351286933140305,0.0,0.0560111652642022,0.5232380909858012,25.51544784318647,46.0,3
82767,4.359420279727952,0.0,101.72770427977281,1.1966292274711101,0.24727534436532683,0.08029540932132537,0.2855678070131954,0.14263080117173976,0.065765824499414,0.26527491248338686,25.263733991252845,3.0,1
11601,4.359420279727952,0.0,114.56428937896996,1.4048176378816764,1.3416224885557462,0.07851550707857491,0.011788166338059581,0.0,0.10363955969640551,0.6580672741241114,27.272586893674642,56.0,3
24360,0.872923795046736,1.0,147.3729190594657,2.351842216783841,1.0014879181509468,0.09858915255184081,0.04993499265901868,0.11796375845620094,0.07066635954166857,0.5508232274881332,25.838084088807392,8.0,1
4286,4.359420279727952,0.0,132.5121703773396,0.8824506569237538,0.5714429205166435,0.049600266743561945,0.2675179293847566,0.13855438495860464,0.06297072826400497,0.42509082013318533,20.089116851304205,15.0,1
57080,5.701060861471607,0.0,119.40071442734782,1.0144220302914997,0.9383370423726153,0.05645894306785881,0.03343120105623489,1.2699938383771605e-06,0.07160547706998972,0.4910249444225651,27.48073970252493,18.0,1
18207,5.270402895934253,0.0,95.3497346143566,0.9984031852273931,0.8330093229215549,0.05234406254322457,0.13672143769829853,0.0,0.07523239892816581,0.3054950288257411,21.709455530393868,10.0,1
40229,1.5954046671017168,1.0,115.19029321844162,0.5055018581840881,1.0862263751542853,0.05776762020712451,0.008880373055813805,0.0,0.10937167434329613,0.35921294629456185,30.55006740531814,42.0,3
39901,3.873488880460096,0.0,61.4056068220464,1.2054289960576283,0.6592628138396347,0.08171337117473375,0.20847417397657522,0.013460140916795952,0.07523239892816581,0.3054950288257411,26.417521671509668,16.0,1
61037,1.5954046671017168,0.0,108.35435507947882,0.9050560474853104,1.5742552026161614,0.04557037994341877,0.26910665711550336,0.14775675667561491,0.06776790858233991,0.5481598184332552,26.634023274476203,26.0,2
64962,4.824000686513771,0.0,89.37842277519927,1.486045460471644,0.7328489612337938,0.09258961304742667,0.11601985112802114,0.0,0.07160547706998972,0.39134537056455715,31.004075990900734,4.0,1
99659,5.270402895934253,0.0,108.71646619439571,1.814995089313839,0.8330093229215549,0.06657208594270177,0.22393328775948465,0.0,0.09861591438912895,0.4568076672489063,21.714893281351316,21.0,2
98357,1.5954046671017168,0.0,33.50402346897164,1.4240785193695762,0.6975233845593646,0.037503497957860635,0.28414454297905156,0.14515383250639416,0.09227673809299898,0.6126068486236221,27.297824135054995,9.0,1
379,4.824000686513771,0.0,113.90183461774711,1.0826088263724851,1.0337244907542096,0.10491952425389725,0.04649739313307388,0.0,0.11617843095528736,0.3509163440956271,28.21286736769611,63.0,4
11897,0.872923795046736,1.0,72.07412337068574,0.15192335038244428,0.028597055548981593,0.04673112473458526,0.37010016318977634,0.1485905385235853,0.07523239892816581,0.4332653199494439,19.021417929256785,49.0,3
125649,6.117892928831929,0.0,83.12932698936667,1.0441365530273317,1.395655262877005,0.11306008200418462,0.1832598522183656,0.0,0.10581030322960991,0.5588056688922406,27.23308132232871,4.0,1
159252,5.270402895934253,1.0,127.79946635275206,0.7231008787618839,0.8972092364676427,0.03134499269087866,0.1252878557882259,0.036000550337622,0.08995736455673303,0.329649459445562,25.18496329095485,44.0,3
84899,0.872923795046736,1.0,141.518394902076,0.9177400165281233,1.173985195547883,0.04557037994341877,0.20712811703028133,0.06405100973701222,0.0692325431781873,0.601184514321482,24.910211593724362,51.0,3
135212,5.270402895934253,1.0,121.2306595399302,2.187027436278164,0.8911068094754843,0.06776810307407538,0.3141219439720771,1.21999431385685e-06,0.06494886800397695,0.40961416743273077,27.425707307558667,3.0,1
157731,6.117892928831929,0.0,126.99053994589539,1.2142637860645362,0.8290620173475927,0.036177528458350545,0.24493038553947208,0.055685670262276735,0.07253143383276514,0.6283842755198784,24.352072330475632,28.0,2
59289,0.872923795046736,1.0,112.10683585071966,1.4305314995612604,0.653863841431761,0.06931636345747896,0.2626531020560216,0.14806663858333122,0.0878799146864748,0.7642061619901985,20.43400163982242,29.0,2
111041,0.0,1.0,75.1905387333817,1.0037280259604542,0.15887332376590999,0.03482762600454365,0.37470221175114343,0.14884091051548612,0.07298954199416931,0.29243786124942284,27.243447214838902,50.0,3
40684,1.5954046671017168,1.0,103.4173533613354,1.8635008037178689,0.7384885474384946,0.08058365006988354,0.0032441849541552915,0.10546764829004864,0.07654086052747315,0.7710446098806706,20.87600417549721,11.0,1
120871,5.270402895934253,1.0,63.43738465604528,1.580096699910016,0.736606806235421,0.10293027132491821,0.0007790916499128286,0.0,0.12644056977927082,0.22659778538501857,28.565701332187576,1.0,1
119872,6.117892928831929,1.0,130.53429598928085,0.7344587426213406,1.5690101476162517,0.11352952530536849,0.05752870250965461,0.0,0.10627575941954966,0.6152394809651552,24.98462232969235,42.0,3
4279,1.5954046671017168,1.0,112.43631065725681,1.2892590495900826,0.5629124880905149,0.09080883719607807,0.0341517760422906,0.0,0.11141967447734964,0.3986608665711685,27.164339266163473,62.0,4
118341,5.701060861471607,0.0,114.67207893119942,1.7238032976844435,1.2838098666500841,0.0689341804959577,0.09859728595086668,7.098074600296013e-05,0.0875253578926078,0.7066271145340868,23.19145366211302,24.0,2
35181,4.824000686513771,1.0,107.85228628889783,1.0441365530273317,1.2790452321863144,0.09596252188748704,0.18020234098276874,0.001984806558653298,0.07824336696718033,0.379434781026071,29.278754614901857,30.0,2
42096,1.5954046671017168,1.0,163.49078601752854,0.7713755595229619,1.1511930062111049,0.030629476337651843,0.3317940177903035,0.14726883638737148,0.13131606348807848,0.5879758736035932,23.281790930238433,63.0,4
145120,1.5954046671017168,1.0,39.30858209468163,1.7382106712178036,1.6972246861723046,0.06173878953606442,2.659894254423751e-05,0.14893304993367745,0.059790517208288665,0.7590722655097774,27.286178153610113,36.0,2
134328,5.270402895934253,0.0,148.92153447450525,1.3793644304245756,0.6288885490015691,0.039448600807730404,0.20577278583815367,0.1397871163588293,0.09510266620308695,0.5008885459395205,28.628998182055753,15.0,1
71242,3.873488880460096,0.0,99.8770088724341,1.6598262815654952,1.5611583427172575,0.10852846367617025,0.03772983306760561,1.9299857700287093e-06,0.08030591854684666,0.7710446098806706,32.165299214463126,49.0,3
103563,5.270402895934253,1.0,92.39743257531276,1.670392228724202,1.0840160182295047,0.11029334661670147,0.15000270958900153,0.0,0.05502269754756687,0.5205610680472806,28.924538539351065,10.0,1
2845,1.5954046671017168,1.0,75.37584302962483,1.2024918523025487,0.6130236887191868,0.10816339972175154,0.17710064452048874,0.0,0.100270542490563,0.39683299385755855,26.3567483974028,27.0,2
8467,4.824000686513771,0.0,112.89940122181477,1.1303197887629002,1.3636064357556406,0.1061302215723794,0.05282644181301772,0.0,0.0542585308030303,0.7487913817984178,34.42185474390745,13.0,1
122862,5.701060861471607,0.0,93.51336732929563,1.3447892366328362,1.088438717875863,0.0856377240318309,0.017527096931831115,3.109963050359908e-06,0.07654086052747315,0.5428290888758212,33.77211556916178,31.0,2
115504,3.3619271977508447,0.0,96.88144687055488,0.7901631590571356,0.3971672696281201,0.032054095044992494,0.2589888169513536,0.14759657025333267,0.1236889362795961,0.06525591418344656,25.42471605089861,20.0,1
79350,0.0,1.0,113.54727221753168,1.13316055416276,0.7900082832763979,0.03345331143459896,0.29382210221966804,0.0,0.051251070043230505,0.7582161929317754,27.68282577700127,40.0,2
121266,5.270402895934253,1.0,92.6408801282716,1.437000860302872,0.7384885474384946,0.053799353682425805,0.28067097514130473,0.11488128294128344,0.1231911327681001,0.22470267675408148,26.025119961500017,29.0,2
112950,2.234779091684268,0.0,138.22592497866228,1.116173191799425,1.0315616104748004,0.04871393084203881,0.23667272982350548,0.0,0.08823206529773955,0.7066271145340868,21.10560364442944,35.0,2
127036,5.701060861471607,1.0,106.84195911922082,0.5953653373173764,0.47366004718920107,0.030629476337651843,0.30825889883223306,0.0,0.11141967447734964,0.4973039056850378,26.705005484064618,36.0,2
18064,0.0,1.0,161.9824158786063,0.19096286448886896,0.06384956239077967,0.041342447356368994,0.37183808953849257,0.14817265375133779,0.07066635954166857,0.04672029222863148,22.57056384627395,53.0,3
21543,0.872923795046736,1.0,107.01821669005345,0.7528078866341287,1.0707955444139763,0.03684347528477961,0.02129722678586382,0.12792544665594097,0.0807099107755365,0.16266919995123785,23.1000092269552,33.0,2
16487,5.270402895934253,1.0,107.92994759464811,1.5360221992945484,1.2225035455976938,0.048266077249114886,0.0026891436195031772,0.0023781465284536812,0.07160547706998972,0.6458635010518889,27.28578989590784,28.0,2
24772,2.81870192439919,0.0,148.91659050851922,0.5606640996118144,1.1831582989482943,0.04379041442699696,0.1696866721569423,0.0009961907158109078,0.11181393054084698,0.329649459445562,25.68331390280772,54.0,3
5439,3.3619271977508447,1.0,93.4658071600639,1.2024918523025487,1.1286011489630472,0.02627387989249491,0.04267053998102646,0.0027017503861626073,0.1236889362795961,0.5667764960218026,25.97001545684847,40.0,2
84896,2.81870192439919,0.0,110.15287039570363,1.3199493399191744,1.1173801565958892,0.11246303557064592,0.17710064452048874,0.0,0.0560111652642022,0.6240060675375,21.28826935990999,16.0,1
18588,5.270402895934253,1.0,133.12028097610914,0.47507469484593656,1.616519151327676,0.05328367386024081,0.015625372543004,0.0,0.1287391309259475,0.3157291000839103,28.11965509307017,69.0,4
11511,5.701060861471607,0.0,80.32280111896779,1.563060875323366,1.0973079588623809,0.11396337029635963,0.2684731067739852,0.0,0.058233323792872396,0.6099729853020663,29.767839209096948,15.0,1
91730,3.873488880460096,0.0,112.27159053763461,1.3014873780326923,1.2529852016303604,0.10247485139026782,0.002986602388962986,0.0,0.06158588724043837,0.3064263084600735,24.607578815381277,7.0,1
22371,1.5954046671017168,0.0,152.46528923401164,1.532661226759913,1.262433119818314,0.0431865287142909,0.2044080949271225,0.0009961907158109078,0.062121579541474924,0.7821407418654969,32.87798392524447,53.0,3
27664,4.359420279727952,1.0,121.13900198599342,0.7972654942346424,1.5092957197361627,0.03684347528477961,0.005946621798604477,0.0,0.1252275809854624,0.6806632116178793,27.374215491519386,49.0,3
29652,4.359420279727952,0.0,86.01332954832714,0.7643869846402107,1.6647131528044516,0.03310586124704776,0.1941059981153935,9.296696741311341e-05,0.045552405348049455,0.6737199866144137,32.858388017377706,31.0,2
5043,5.270402895934253,1.0,130.25715303477836,1.0632807525460788,1.2506282976724197,0.036177528458350545,0.16860685887279303,0.0,0.10186112363500793,0.6797957612726563,22.71315691618,66.0,4
7541,4.359420279727952,0.0,132.2657970670566,0.7830919477975231,1.448164004953569,0.0461533086282955,0.017527096931831115,0.02359941253875624,0.1085152749541968,0.3610547290259492,26.681621841178195,62.0,4
22713,5.701060861471607,0.0,86.22719824550187,2.045180298001813,1.1308513369073827,0.11069945647795845,0.13857634901143603,1.5299105754621064e-05,0.12589889796513168,0.5026799590533929,29.30255237751514,42.0,3
52636,0.872923795046736,1.0,89.02198321093151,1.071541642188199,1.1557353982549923,0.06931636345747896,0.00014696771029490462,0.0,0.07207008747600625,0.09075187211253444,28.562690780445607,18.0,1
26541,2.234779091684268,0.0,89.47414808240056,0.6763163713235399,1.0229297889556126,0.04954523409962817,0.049079250964874775,0.011468359494094787,0.1328074491049765,0.23417030061314106,29.109445495823476,1.0,1
133496,3.873488880460096,1.0,96.68162678822522,1.0090676336197404,1.095087666887929,0.05369657621946309,0.25420234783544504,0.003813416178562971,0.09570786137811908,0.6563254629183313,33.3092254101402,13.0,1
139209,6.117892928831929,1.0,106.17802764069356,1.4728761491942823,1.1854566026281719,0.11108650909359,0.19601848270027006,0.0,0.06677399494927812,0.5941437966272379,23.161384898987727,37.0,2
41353,6.117892928831929,0.0,117.46445643085568,1.0798363793789911,1.1443944415571772,0.03414355059055638,0.09715277734440843,0.005864813330088342,0.11371239933650804,0.2980382035009999,25.525335075908384,53.0,3
8353,4.359420279727952,0.0,113.89669716057456,1.0937363611747035,1.5196011969191976,0.06737279893323408,0.03487068971067933,2.1498234193715236e-05,0.12767794942651947,0.5641208390442669,32.511966176650176,29.0,2
31391,5.270402895934253,0.0,118.25176755157328,1.837289396713911,1.044568472103753,0.032686855767870546,0.0029469565854542807,0.12027383939465348,0.05001700446081454,0.4856370331868439,26.5079098053368,44.0,3
156601,6.117892928831929,0.0,118.7370724057532,0.7231008787618839,1.7218096897646715,0.07226092540897922,0.003976213546291906,0.020262220644609228,0.12065670517582489,0.39134537056455715,29.71891041742851,36.0,2
34460,2.81870192439919,1.0,122.16195010052544,1.767234330366132,0.7784403718217229,0.04673112473458526,0.27890300212052405,0.0,0.09660065570186806,0.6658989234852036,27.03470418686226,52.0,3
55893,6.117892928831929,0.0,160.56984941012632,1.1646618235594426,1.1151419433655108,0.10852846367617025,0.19071575807816873,0.0,0.10785844760529659,0.2943053803806194,26.13722417169111,30.0,2
95963,0.0,1.0,97.14953402786243,1.3292342453589678,0.6737416234012596,0.061916456303725574,0.04144278516704695,0.0,0.08644706391858864,0.2971052741693927,27.284754523633254,39.0,2
79868,4.359420279727952,0.0,81.72508707129816,1.6318388174675127,0.3597615049766524,0.03809250140100743,0.2499863334884807,0.02409146329824906,0.07389614600927014,0.49551067655190706,29.18380176489624,10.0,1
125783,5.701060861471607,0.0,91.12577926709965,1.1646618235594426,1.33675974885698,0.09296857348240582,0.12069608348726522,0.0,0.11389577405950702,0.7247340486652429,29.110559941754417,2.0,1
51996,3.873488880460096,0.0,92.65146273216445,1.3076254137645986,1.0337244907542096,0.07400365818851558,0.10003407720918936,0.0005747346289655337,0.12654701746975344,0.48114289466383386,25.5927157714219,10.0,1
15871,0.0,1.0,117.72015946008607,1.4695941574011762,0.8608547809331345,0.03414355059055638,0.29541631388901735,0.0,0.09747580878089683,0.8575762360088297,23.963677974847055,53.0,3
66187,6.117892928831929,1.0,174.71016254791041,0.8187599816799841,0.1527706958124397,0.04065389307740725,0.35612052169949127,1.3099934441073954e-06,0.12964737404116164,0.304563566592905,20.16269429218282,41.0,3
13709,5.270402895934253,1.0,87.77550006510111,1.2290664655179893,0.4450681356611424,0.032756846992377936,0.36220253218566517,0.14849077983319456,0.07066635954166857,0.19617970441626129,23.183216280091557,55.0,3
37084,0.0,1.0,112.16862291327757,0.6141123480098922,0.45137224364169387,0.04379041442699696,0.23041492083456172,0.14586159356826991,0.09804963764136568,0.24456196630091115,26.453358464256056,53.0,3
11937,5.270402895934253,1.0,97.20208774409164,1.489348138354589,1.5481140364786548,0.11326021166844137,0.04649739313307388,0.0009961907158109078,0.1220266290353647,0.41872379767106116,27.03040612200595,31.0,2
13195,4.359420279727952,1.0,135.6590071205936,1.1133552989984767,1.1353577070957022,0.03254668444495259,0.0015464166981630295,0.1433083587898617,0.09162520541474937,0.03603333787620441,26.766681965136666,25.0,2
137831,0.872923795046736,0.0,120.55317736465068,1.8335626327890615,1.1625640217662516,0.10102452808143624,0.1304347681620652,0.0,0.05744283478429998,0.37851739929939954,21.70598093317055,20.0,1
75046,0.0,0.0,149.48993387049535,1.5226033909488335,1.2600680937293525,0.05814955297599888,0.23667272982350548,0.0,0.12807164233603202,0.5941437966272379,22.1650268265946,4.0,1
2063,0.872923795046736,1.0,116.14888097327577,1.5026003343861656,1.0057605767148683,0.09943794886500139,0.016577632105374596,0.0,0.10604378231919075,0.3287226888922308,24.77171784002902,54.0,3
86416,0.872923795046736,1.0,94.86475288821924,1.3261352750235784,1.3005502950795864,0.05631163987576615,0.045631865334373974,0.14342976024920992,0.11583914795584942,0.6580672741241114,24.51514164614329,52.0,3
141118,3.3619271977508447,1.0,105.06149125371869,1.116173191799425,1.3101611541437503,0.05208043333747921,0.14941484002339908,0.0,0.06806333665025688,0.51341580185349,26.63810165989038,50.0,3
65800,0.0,1.0,123.25987299440976,1.0881650388686348,1.234186749955301,0.026198033914667747,0.1488254969080726,0.1414538593150346,0.09227673809299898,0.6693762543425813,26.416860165528224,56.0,3
71570,0.0,1.0,100.56766672336751,1.8522407310256643,1.460800869304105,0.032896640880451446,0.07973655467134984,0.0395858627494188,0.04620435854448919,0.8575762360088297,26.24302267694159,75.0,4
74672,5.701060861471607,1.0,136.09982722165768,1.3635879022326585,0.6755598265644066,0.02770197444137078,0.3046086394461067,0.016823724306544618,0.08823206529773955,0.6849985289500192,26.27995052108727,17.0,1
89655,3.873488880460096,0.0,114.05594293054806,1.1303197887629002,1.0928693631362019,0.10315298150069982,0.005848379428389345,0.00329778939147545,0.0681124523302435,0.406878074585287,35.07653361212617,26.0,2
78595,5.701060861471607,0.0,101.01204989925206,1.1675486338704655,0.7688525187496839,0.09661164643050027,0.055270808364884495,0.0,0.08384328428839721,0.6632895533953425,20.801944831937284,58.0,3
109280,0.0,0.0,145.18206992138866,1.2083700310814445,0.973906712521262,0.032756846992377936,0.2791991299722246,0.0,0.0909648244230264,0.4387077377800461,23.765106420432332,15.0,1
150380,0.0,1.0,143.5581868005822,0.7996398684795895,1.6059025151258526,0.0708133464056408,0.020546730784321666,9.136809409417287e-05,0.14183067801102356,0.05619593166395464,23.183360812571117,21.0,2
73379,0.0,1.0,72.50169564463874,1.382531875836705,0.23001774014833493,0.05824462509301763,0.37470221175114343,0.14853421865942973,0.05306868496164823,0.36657593878089856,21.411091492477965,14.0,1
35912,1.5954046671017168,1.0,141.00529886486908,1.5903688309600632,0.9823580025054448,0.041962598355487504,0.2905779107542213,0.0,0.09355379050258464,0.8237855713050897,26.50764581820137,18.0,1
21689,0.872923795046736,1.0,158.65588548375752,1.456507450130662,0.6253501522484253,0.046558313762281686,0.15175752601352488,0.14821530793506596,0.07434469244013149,0.03979682710488328,27.029624605671124,2.0,1
115091,3.873488880460096,0.0,95.84489600328196,0.9877977162194078,1.4130567522589161,0.1129367836452434,0.1434542782503005,0.0,0.12175920649046457,0.6685071173338719,20.883912067598317,34.0,2
36381,1.5954046671017168,0.0,99.27474302514447,0.18682435798557015,0.10424879068637183,0.03414355059055638,0.37341213421007735,0.14790716125883133,0.07019179955184995,0.05067119003167404,21.181561019698105,1.0,1
3751,0.872923795046736,0.0,88.37242018496136,2.0372453139730755,0.7784403718217229,0.09512248854355311,0.1744815277128284,0.0,0.06022968339775826,0.7161185947953245,20.952054012329988,62.0,4
77112,4.359420279727952,1.0,59.02588181208308,0.8308234223741906,0.013128373294067202,0.04954523409962817,0.375466997075387,0.14873649112615123,0.07697095147323091,0.44052059468949495,24.713211174190327,40.0,2
155043,0.0,1.0,136.23503781708325,1.382531875836705,1.1557353982549923,0.029907481693841425,0.21025463587619359,0.12577893261837986,0.07066635954166857,0.6728515002130602,25.24627411401614,20.0,1
72506,0.872923795046736,1.0,150.5172098330421,2.0174878286975386,0.858853361084863,0.05170941569813888,0.011788166338059581,0.14756329632777992,0.06627170617944157,0.6178708851250911,26.103360502019648,21.0,2
158579,5.701060861471607,1.0,131.76782165076386,0.7390256179332092,1.2062319625131506,0.03867679555860176,2.659894254423751e-05,0.0022799239558746022,0.07948948280021469,0.4423328122524797,32.169346315303876,7.0,1
29917,3.3619271977508447,1.0,165.9175654734752,0.6588804120467933,1.224836140286072,0.032054095044992494,0.19601848270027006,0.1444990133529085,0.10212019116983716,0.329649459445562,29.18676837599822,26.0,2
9990,1.5954046671017168,1.0,86.87369178683713,0.49782115714739317,0.15764955306624195,0.038157654766122096,0.36969417967895124,0.14806663858333122,0.0692325431781873,0.13954045346855962,28.368932111453795,38.0,2
120461,5.270402895934253,0.0,136.11485157113069,0.7597450800680996,0.8548562783934225,0.06056899457987591,0.11669313372009094,0.13095014562991805,0.11181393054084698,0.09778445687136057,27.720612976280783,2.0,1
150514,4.824000686513771,1.0,95.6974393914712,0.4807198931074894,0.025475726231946983,0.036177528458350545,0.3753400103877654,0.1488048488491456,0.07298954199416931,0.25398849438243537,26.7148539717013,49.0,3
133230,2.81870192439919,0.0,156.92999226865243,1.2953652640842788,1.1489248154734721,0.038157654766122096,0.19506447347566547,0.14803930541291022,0.07824336696718033,0.6336336735553394,24.884593801209476,11.0,1
4125,1.5954046671017168,1.0,154.82778609808452,1.2680121847925503,0.9094662464472685,0.06737279893323408,0.17395390653627266,0.14765109619313957,0.1125876738958727,0.16939184884033198,24.140054104137757,19.0,1
1258,3.873488880460096,1.0,143.0560892154088,1.580096699910016,1.1716969445284566,0.04557037994341877,0.02129722678586382,0.12488166899894099,0.11239606234866689,0.7169807027788505,24.234860074733152,39.0,2
64251,5.270402895934253,0.0,68.40832590343372,1.955027965828709,0.5817394956459299,0.08386550447689363,0.3626433241814785,0.009117919395851127,0.07389614600927014,0.7410691930752554,29.061992555994454,33.0,2
17267,3.3619271977508447,1.0,103.75584960299274,1.3416702104497014,1.1923635900503382,0.05170941569813888,0.04993499265901868,0.0,0.11684452751132064,0.39591880754975406,25.383685881502164,55.0,3
93332,5.270402895934253,0.0,106.55156187014978,2.093175597478864,1.6701104704372907,0.0814343853848159,0.1827532997044595,0.0,0.11461791565793807,0.7915140840670115,26.764321668617985,48.0,3
125062,1.5954046671017168,1.0,109.10425116190717,0.9851555438001129,1.3734305307687875,0.038157654766122096,0.0,0.14597197313733803,0.1293803312247751,0.23984141670888795,27.206636121951753,14.0,1
24676,0.0,1.0,135.949570653008,1.4926549618789116,1.3808202212133387,0.037503497957860635,0.28299581488152875,0.008698409363821236,0.07907699494507488,0.6962553346128163,26.18570130196857,44.0,3
149597,5.701060861471607,0.0,99.6256915879891,0.366150337342963,0.5578160303508729,0.03134499269087866,0.3132018552457221,0.14273189978193468,0.13315511246185902,0.25022020596358363,26.303311076358675,31.0,2
32496,5.270402895934253,1.0,92.70966397109194,2.1418351341507593,0.13948737587497925,0.11885009625618503,0.13422605430153228,0.0,0.07113757653068406,0.39591880754975406,22.61732932687519,33.0,2
85551,1.5954046671017168,0.0,160.7214554802744,1.586940561014816,0.9424924981597133,0.10421865593665172,0.19458579580402588,0.02359941253875624,0.07113757653068406,0.4892295852117562,27.250831274338392,37.0,2
69967,2.81870192439919,0.0,151.56320777670004,1.3416702104497014,1.616519151327676,0.037503497957860635,0.20757782895809845,0.0,0.06971386977315287,0.723011956415217,28.252697018578267,19.0,1
113597,3.3619271977508447,1.0,129.783294856606,1.8597430050557224,0.653863841431761,0.10941971488836727,0.08981251686689971,0.0,0.09718602680360759,0.5428290888758212,29.06050492391097,35.0,2
74320,0.0,1.0,130.4536812829797,0.458303754548283,1.393177598252768,0.038157654766122096,0.0012875171566777142,0.0003026495715414054,0.10937167434329613,0.08106247841172849,18.217438002880023,7.0,1
7105,4.359420279727952,1.0,128.61775811633717,0.6741252782109894,0.6610661750968433,0.036177528458350545,0.3501354703980645,0.14840069542405054,0.06318149722485808,0.07036783745392333,25.462038926550104,1.0,1
88337,3.3619271977508447,0.0,119.28333934532675,1.6041242390834507,0.7234872037486205,0.029834923427193325,0.06984615629003488,0.0009376263790732527,0.11389577405950702,0.4387077377800461,26.503289772288795,4.0,1
32138,0.0,1.0,172.99843494241728,0.7996398684795895,0.5176307295664182,0.10656644096509568,0.2878162330360538,0.0,0.10979175009966557,0.6257577563290178,20.409608717968254,19.0,1
142129,5.270402895934253,1.0,120.11481614080982,1.6179475077937715,0.6993657939488159,0.11086761095635628,0.11936872550991845,0.0,0.09029545927515505,0.2896351940766277,24.245238363295137,1.0,1
127008,0.872923795046736,1.0,102.06177795538164,1.4926549618789116,0.6253501522484253,0.11011320908121598,0.29328660272751916,0.0,0.04730172294304605,0.7264556430606567,29.79904676614999,13.0,1
40611,5.270402895934253,1.0,82.33885270399313,1.8039074821054202,0.6956828410527327,0.11092289844555954,0.10570515998144205,0.0,0.07654086052747315,0.49551067655190706,23.574984108855027,22.0,2
82693,0.872923795046736,1.0,108.9698413881336,1.9319040049871248,1.1308513369073827,0.09800143618007766,0.0993166428042023,0.0,0.09689431395432624,0.5160963935823022,23.53222841128905,22.0,2
14729,4.359420279727952,1.0,90.28191464939454,1.5596663441426157,0.8528606142967284,0.08777467453951815,0.1765793395003656,0.0,0.08384328428839721,0.3922603925171521,24.65932426934327,49.0,3
24895,3.3619271977508447,0.0,164.9728030828932,0.546642639354966,1.448164004953569,0.05476688216271569,0.023165805092240477,1.5299910572183804e-06,0.07824336696718033,0.12502128870570975,32.63302639100204,7.0,1
39193,0.872923795046736,0.0,107.24625315680872,0.5932984666691752,1.0906530470009785,0.04954523409962817,0.1014632060448643,0.10471070569581331,0.0652563208801996,0.23795182913777405,28.61747400081366,39.0,2
108754,0.872923795046736,0.0,106.72270248980054,1.7418233789384563,1.7190694846582937,0.0964512307573751,0.007064524755633279,4.57991986566041e-06,0.14330811803888202,0.3082883206301165,23.480250423055846,33.0,2
108994,5.270402895934253,1.0,105.1758191003601,1.0251752790418884,0.8211903186456566,0.07632487083264694,0.2875370978366841,0.0,0.12476668575403163,0.5923822294541841,24.416606935109996,17.0,1
7969,0.0,1.0,129.26882785907378,0.7854455645604872,1.3173907569336416,0.039448600807730404,0.008880373055813805,0.03152094615885867,0.0807099107755365,0.29337171326094935,25.454984356537054,55.0,3
16866,2.81870192439919,0.0,105.91851836550758,1.3292342453589678,0.9823580025054448,0.05170941569813888,0.1200332692849557,0.144137830994696,0.09972625759298626,0.6875981751909847,26.331563808894316,35.0,2
100807,0.0,1.0,110.46769343401633,1.3168623695632067,1.1511930062111049,0.02844379682282684,0.010143585842662407,0.00015091293210390202,0.09630503739313614,0.19140808741899407,26.761305528028693,52.0,3
112230,2.81870192439919,0.0,135.03750287102636,0.8552135014387723,0.3850791304369432,0.02844379682282684,0.32465874438882003,0.0,0.07019179955184995,0.29617216065705904,30.092595159002784,38.0,2
20637,2.81870192439919,1.0,123.80830918882397,1.2831687122254798,0.3234369719304924,0.03345331143459896,0.28357130992224394,0.03075491501815847,0.0875253578926078,0.3601339240615556,25.315656057132696,58.0,3
131424,1.5954046671017168,1.0,74.05548953331977,1.4761622725906902,1.1969783179741296,0.038157654766122096,0.1832598522183656,0.0,0.10807879371529658,0.8567336732943355,31.03110734580455,19.0,1
100090,2.81870192439919,1.0,93.69300794635251,1.4728761491942823,1.1173801565958892,0.07971180677246352,0.18376520063227575,0.0,0.07019179955184995,0.4123487785843696,25.907994831892243,2.0,1
59761,5.701060861471607,1.0,116.08227788114101,1.2290664655179893,1.0467431886384175,0.08867623283039489,0.16697724760173577,0.08931341042848823,0.13075335469188817,0.4658339547302879,28.55328140880816,13.0,1
91527,4.359420279727952,1.0,114.15352945781954,1.6457983485520453,1.2108708886987363,0.032054095044992494,0.05248771370758104,0.0,0.13237734606099583,0.6090947568251034,24.885696009373277,46.0,3
102841,4.359420279727952,1.0,45.90800621342809,1.826122368673923,0.7123149584016482,0.05814955297599888,0.30656813300272473,0.14848343783585247,0.09600744425199255,0.39500445441039295,26.376884294356874,17.0,1
71990,1.5954046671017168,1.0,132.68811114711642,0.755116866294833,0.8192271637225136,0.10894991098191154,0.27005216575859037,0.0,0.11717145598614156,0.46312771325061475,24.8939615167677,14.0,1
87753,5.701060861471607,1.0,92.76256966409719,0.7830919477975231,1.2553441352295662,0.030629476337651843,0.07686774310307744,0.0,0.09479702346996888,0.4919223952704212,28.70532850352218,60.0,3
123336,4.359420279727952,1.0,157.00359420139108,1.1588997572047788,1.6059025151258526,0.08058365006988354,0.008880373055813805,0.011468359494094787,0.14016852768628044,0.5720839688793614,29.108950177155307,6.0,1
156354,0.0,1.0,171.04680869947663,1.8975213518964196,1.420545549682991,0.0689341804959577,0.13422605430153228,0.008698409363821236,0.11634650289624089,0.6632895533953425,26.605067677713038,19.0,1
41959,0.0,0.0,157.19003029217112,1.5528898930012174,0.9445731428547706,0.039448600807730404,0.21506826913802218,0.1062102576057933,0.06776790858233991,0.5579193060105864,25.067384167569433,36.0,2
6439,0.0,1.0,72.70987011686736,1.3604447167824396,0.9612883852905215,0.10786191730577435,0.05927302668643906,0.0,0.08961697180144913,0.25775370012333004,30.64819548288652,3.0,1
9068,1.5954046671017168,1.0,80.2363932087845,1.071541642188199,0.5077466257061825,0.07664561864626834,0.2517559697250103,0.12711712559518024,0.07523239892816581,0.26527491248338686,24.997948122623782,26.0,2
117307,4.359420279727952,0.0,117.10122120258464,1.4959659338530724,1.0862263751542853,0.08889717616409516,0.1680649782500538,0.0,0.05828948169065652,0.38768360549391373,23.625679701721474,41.0,3
45261,0.872923795046736,1.0,92.55092102758663,0.9305140056689871,0.08491673980274259,0.03482762600454365,0.37050428781081524,0.1463190657789238,0.09861591438912895,0.1133700089043509,26.642705778092417,52.0,3
29296,0.0,1.0,46.065803265630834,0.39889551584562244,0.5028288081559448,0.03550559855419764,0.3197233365022114,0.14569028301229384,0.09029545927515505,0.1684321059565338,22.700112221713862,40.0,2
32362,5.270402895934253,1.0,128.5117254022199,0.9356488839762348,0.8211903186456566,0.037503497957860635,0.20257379790106939,0.1189777447428575,0.10741349334001439,0.406878074585287,30.27981670546655,31.0,2
73157,3.873488880460096,0.0,92.46094944767646,1.2439669833584739,0.668298156335253,0.03448635494491179,0.22393328775948465,0.0,0.06438176933966647,0.417813571389132,27.30584495343714,2.0,1
132358,2.81870192439919,1.0,108.29226153052892,1.1646618235594426,0.6792018079786396,0.029178943760520885,0.25069643121022134,0.01941222798933369,0.07697095147323091,0.5923822294541841,24.678588633994387,38.0,2
96268,6.117892928831929,1.0,118.23132741785196,1.4794525303974508,0.7328489612337938,0.07941640169894552,0.1696866721569423,0.09071615612822855,0.0846000186739813,0.3463010242500451,19.78398977456011,41.0,3
133170,2.81870192439919,0.0,120.66018438547297,1.443486624022477,0.5143288414977084,0.08800276332840526,0.08757148586722448,0.0,0.05419944900036305,0.27840777189583293,28.552277617484883,11.0,1
44932,0.872923795046736,0.0,91.12047543562257,1.8112948160060567,0.8409268716865445,0.07727921957627658,0.027054514711093193,1.4599918567751219e-06,0.07989911657905567,0.45319275256535035,21.715044316944805,16.0,1
37971,6.117892928831929,0.0,82.72615825338173,1.1274828423974343,1.5325301385083494,0.0462113194824791,0.2972532295256157,0.021189902435222046,0.12429477370514681,0.5782695745186084,28.5644469619696,51.0,3
153403,0.0,0.0,169.17450861310675,0.8259875510638431,1.0272417610184217,0.040085503505564654,0.33529747315535713,0.14844628185416234,0.06776790858233991,0.4023146165258838,25.097670106615098,32.0,2
138283,5.270402895934253,1.0,160.28614417174106,0.7321803953673356,1.2062319625131506,0.030629476337651843,0.012751715278126845,0.08676659780150073,0.08680895131871912,0.31201016143727445,28.64440056211799,52.0,3
53415,0.0,0.0,93.35481999536059,1.6598262815654952,1.2742887424067721,0.08660651291880815,0.07302328584630585,0.00012793743191579383,0.06333917787966564,0.58621235383743,24.60313609666948,35.0,2
706,2.81870192439919,1.0,29.155576494936284,0.23072262969116245,0.03383003284509684,0.03345331143459896,0.3434205233568624,0.14719334446336607,0.07298954199416931,0.040786628491622394,22.072386838636817,74.0,4
148264,5.270402895934253,1.0,166.62319838111713,0.4731990747180825,1.0489198800185926,0.038157654766122096,0.0760873691556447,0.00681651852218226,0.07523239892816581,0.4350801015157789,27.405195914473143,44.0,3
154333,4.359420279727952,1.0,94.42691119677103,1.4761622725906902,1.4055865716025768,0.047871617065426426,0.2548947328680451,0.0,0.07739805058592603,0.482042029581441,22.708174145259157,19.0,1
104341,4.359420279727952,1.0,154.47374288324482,1.7382106712178036,1.2225035455976938,0.043970541085308554,0.012847913841678807,0.11830585579778928,0.05112847416366203,0.31665838257302165,26.63481267255139,9.0,1
95704,0.872923795046736,1.0,113.3982059918016,1.9978443082733723,1.4709477900653012,0.052396650622806795,0.06912643788528094,2.2699803146780336e-06,0.07344443758622808,0.7350561716768521,24.60799529242339,17.0,1
19367,0.0,0.0,124.85850884647304,1.9013237270942018,1.3005502950795864,0.08489042627422848,0.24747716982900486,0.0,0.06001041677208025,0.816157487791309,20.80210027704303,66.0,4
23510,0.872923795046736,1.0,86.00798186019748,1.3730416877687452,0.668298156335253,0.0493246207804653,0.1827532997044595,0.018727639497779072,0.06732239711425879,0.19236282222973636,19.366499913170742,49.0,3
64042,1.5954046671017168,0.0,39.810015711807544,1.068784255159413,0.2001732032125568,0.04071676728200563,0.3639533056653995,0.14865846021898388,0.08680895131871912,0.4784445662216481,23.95109661730749,31.0,2
45562,4.359420279727952,1.0,81.94590271664646,1.6248846462339144,0.5990464133621874,0.11566973581071192,0.02409600998560086,0.0,0.07948948280021469,0.2605755887938996,30.071891520426085,36.0,2
21055,0.872923795046736,1.0,93.14865098539323,0.26951123030858104,1.2459205763017733,0.05223874875548161,0.23278726790755302,0.14898241972363596,0.13091639863629476,0.12792909362503982,25.365602030087842,34.0,2
72007,6.117892928831929,0.0,118.54298458478658,1.4112216109464688,1.262433119818314,0.030629476337651843,0.09055548875425853,0.00681651852218226,0.07066635954166857,0.8407036013755891,26.55856225560779,42.0,3
39520,0.0,0.0,116.24109162127455,1.0117429819484791,1.450687222114931,0.041962598355487504,0.0009985074216367666,0.0,0.11389577405950702,0.6737199866144137,26.013089339500244,7.0,1
34835,1.5954046671017168,0.0,72.26054525371222,1.563060875323366,0.9844757146265559,0.03509954398119719,0.025855945417776974,0.00018986216402227488,0.05884883476647055,0.03781648672357541,27.28721348908228,28.0,2
44020,5.701060861471607,0.0,98.74536586539254,1.354170443691811,1.1511930062111049,0.10715144929109219,0.1765793395003656,0.0,0.06971386977315287,0.2690309433417808,28.56356888042755,26.0,2
10302,3.3619271977508447,1.0,91.0992596692267,1.874800880341669,0.9591921604105726,0.044030477221089236,0.1482346753096205,0.09809986301748602,0.07389614600927014,0.8760844031087931,27.287989973123306,36.0,2
93142,3.3619271977508447,1.0,130.65520468358025,1.237995013338512,0.7517134112457518,0.05117544300866493,0.1696866721569423,0.0,0.1220266290353647,0.2840248434483561,25.45986843086469,41.0,3
39790,4.359420279727952,0.0,104.93674968543924,1.2142637860645362,1.0229297889556126,0.06056899457987591,0.17076124987887595,0.0,0.09630503739313614,0.6936595288584673,26.158939885007566,61.0,4
96232,1.5954046671017168,1.0,146.33756065992952,0.5586515365791151,0.6182954332776928,0.02717869094408675,0.16643138894708484,0.07793270547573594,0.07253143383276514,0.09172933443486284,25.961180655242188,29.0,2
125888,5.701060861471607,0.0,99.65711119608532,1.2923101708008011,0.6646784571795217,0.09239789907154937,0.1997904096162951,0.0,0.13099723383694759,0.5844482742465293,20.08625275970333,25.0,2
16694,4.359420279727952,1.0,150.07777768172159,0.47132650642981194,0.12168795461954093,0.03414355059055638,0.3501354703980645,0.14252820321226706,0.0642263303982092,0.3054950288257411,25.39306428728409,27.0,2
12202,4.824000686513771,1.0,124.16866575238232,1.382531875836705,0.6359874431092684,0.036177528458350545,0.3036178439671784,0.0219432665386193,0.08680895131871912,0.5641208390442669,24.13710054856997,28.0,2
101381,3.873488880460096,1.0,141.58811551392708,0.5953653373173764,0.22476437703283975,0.029178943760520885,0.23934276540465588,0.007761030056575878,0.1253411175128383,0.21711427425888152,26.07667517584402,50.0,3
71219,1.5954046671017168,1.0,107.5415610465063,0.9075856561859189,1.4255484317321425,0.07366089915094279,0.0027486566546952086,0.14864509091371522,0.13342641938342706,0.326868612631449,31.007515087063414,17.0,1
126466,5.270402895934253,1.0,123.45795961092527,0.9719997127794917,1.4130567522589161,0.054817363853910714,0.016577632105374596,0.0,0.0875253578926078,0.6806632116178793,26.402833587119883,67.0,4
154772,3.873488880460096,1.0,106.65010217265645,1.456507450130662,1.4785798387800124,0.1092211821840213,0.05400897942508746,0.0,0.13322350077449127,0.7829934564155167,21.89698377479338,14.0,1
93658,5.701060861471607,0.0,77.4642399242669,1.3635879022326585,1.1969783179741296,0.09887638189285769,0.08561444147681238,0.0,0.0944893301378407,0.6187477473978619,28.562063554882357,15.0,1
67907,6.117892928831929,1.0,91.84669141188664,1.4959659338530724,1.1831582989482943,0.03671076172813789,0.12398442007630957,0.00013592936812576787,0.08995736455673303,0.8558909984900992,29.80587043640906,33.0,2
84959,5.701060861471607,1.0,106.78492571499436,1.351039350458107,0.7842157988769721,0.11209592493449108,0.19169008643354407,0.0,0.07298954199416931,0.2943053803806194,27.166026809176394,2.0,1
40861,6.117892928831929,1.0,112.56497424044277,1.5026003343861656,0.8330093229215549,0.04027547220123451,0.00258000873715715,0.14739040867826833,0.11277808358501228,0.22375482435312113,27.929665239724283,2.0,1
152967,1.5954046671017168,1.0,132.00929787496298,0.9877977162194078,1.139872073704656,0.0461533086282955,0.2048640371828363,0.0,0.14583068665745608,0.4359872512326654,29.355648936178866,22.0,2
11015,0.872923795046736,1.0,40.98254802268091,1.1704392993079824,0.5886403425809775,0.11678140967527527,0.22310681446648367,0.0,0.10718886451071041,0.2727839400024509,31.97364376644119,37.0,2
97893,5.701060861471607,0.0,124.62016903158722,0.40592396093865335,0.14188798591922372,0.03134499269087866,0.3735420189563072,0.1486383663644192,0.07207008747600625,0.0909473830636574,26.5428723029518,19.0,1
4334,4.359420279727952,1.0,103.83914753968091,1.347912282370425,1.6112066071270141,0.10281767652483301,0.2292169810837569,0.0,0.08858182813778119,0.6858652061907988,21.791378141818566,50.0,3
14826,6.117892928831929,1.0,130.27227209915625,1.0909488099104507,0.5476720855465492,0.07366089915094279,0.34306426577321375,0.1451098413324825,0.11239606234866689,0.43417279113429047,25.36165777341273,34.0,2
93508,3.3619271977508447,0.0,112.9714130948916,2.081114692943841,0.7938794242950211,0.10567800055765059,0.11936872550991845,0.0,0.07014415865854837,0.3064263084600735,28.56018182173515,19.0,1
8507,1.5954046671017168,1.0,118.78303392310873,2.0174878286975386,0.8568538604471809,0.07468068007540363,0.0005435580246609837,0.1376425709870549,0.09323773806836998,0.3628958211781966,29.801849474469925,25.0,2
18570,5.270402895934253,0.0,94.5640975346743,1.2892590495900826,1.448164004953569,0.032054095044992494,0.25865153931348445,0.0,0.08268848505094586,0.7341966756319006,29.594326251540952,54.0,3
14155,3.3619271977508447,1.0,170.9256351164666,1.0305741753174436,1.1992887046249214,0.047871617065426426,0.08981251686689971,0.0,0.13539598647876638,0.34168132433451065,24.79037048891174,79.0,4
3274,0.0,0.0,113.881284590187,1.2680121847925503,0.850866867530047,0.10326311031119288,0.2559278880813097,0.0,0.14187725991115452,0.3407568569568942,26.119096153390704,80.0,4
122460,5.701060861471607,0.0,121.27648459767026,0.1262355353348855,0.716031549250245,0.041962598355487504,0.367913156695341,0.14217505431987654,0.07389614600927014,0.0029988395486777687,19.71978490144134,40.0,2
47095,0.872923795046736,1.0,96.08181203554963,1.2439669833584739,0.7880755588262914,0.10482157753073958,0.03861793216455963,0.0,0.12175920649046457,0.45319275256535035,30.524782403896292,58.0,3
71706,2.234779091684268,1.0,122.47215424206613,0.977251050003743,0.9094662464472685,0.03345331143459896,0.3250784302488298,0.0,0.08150955334797905,0.33335476170646205,28.856204417235634,52.0,3
17948,0.872923795046736,1.0,88.22857253738032,0.9356488839762348,1.0973079588623809,0.09407062608946572,0.15864721974158413,0.002965912600349943,0.12633349872524277,0.6152394809651552,28.635134767847404,47.0,3
17573,2.81870192439919,1.0,115.31851255292807,1.440241690388494,1.6890680687112196,0.034759494091331875,0.0018051154192597046,0.00012993546175948237,0.1225519383900256,0.19236282222973636,25.97055083375598,35.0,2
44365,2.81870192439919,0.0,68.17622632132078,1.5259518253987494,0.9176762744407007,0.10961413721893093,0.23934276540465588,0.0,0.11334218617191304,0.4793441631124205,21.25994081487182,21.0,2
53604,0.872923795046736,1.0,115.9388064935174,1.0171047814103484,0.850866867530047,0.03155839396012166,0.1488254969080726,9.326675398481504e-05,0.08995736455673303,0.4023146165258838,21.727879766933448,3.0,1
85568,6.117892928831929,1.0,117.05516579706098,1.5259518253987494,1.6138618224161947,0.11218955999206842,0.04589178258003029,1.2499940308167596e-06,0.12675805909983276,0.23038562363391338,32.8570205608749,41.0,3
108635,0.0,1.0,128.6934881061818,0.915196032112578,1.393177598252768,0.038157654766122096,0.002986602388962986,0.0,0.09999929605428569,0.5178827095260955,27.063996783428095,15.0,1
9814,5.270402895934253,1.0,131.61183457307914,1.7023222984191564,0.8290620173475927,0.03550559855419764,0.19217553698332104,0.0,0.06158588724043837,0.7359155443024409,26.9887037538165,27.0,2
3563,6.117892928831929,0.0,130.36802033995,1.5495079674127066,0.9887170107264152,0.041962598355487504,0.03505015914588083,0.001984806558653298,0.13388708652361916,0.5169896259943355,25.753913580524927,65.0,4
80728,4.359420279727952,1.0,39.810015711807544,1.3762010353347607,1.3981349919391537,0.03763479673457211,0.1133089973400213,0.0019257020298265582,0.10107366171887236,0.17802005621458933,27.29355433496762,33.0,2
16254,3.873488880460096,0.0,64.31327271067771,1.867263047261125,0.8211903186456566,0.11289513551182562,0.020828372676946396,2.4199776271283975e-06,0.07523239892816581,0.39957455327271907,22.760310256403674,6.0,1
41733,0.872923795046736,1.0,77.32309316286715,1.3045544042799484,1.32222071931342,0.10348094851633399,0.1252878557882259,0.09750114400311131,0.1031396955853106,0.6231300200369565,25.7697938600248,40.0,2
86513,2.81870192439919,0.0,149.49981633338155,0.5606640996118144,1.0164765902676833,0.09018667070769226,0.04649739313307388,0.14789742489322466,0.12135199042106064,0.146299191059229,26.583863853757627,20.0,1
40142,4.359420279727952,1.0,63.576971604091135,1.4663162944046058,0.9404137982053083,0.11537254932925099,0.14525821594835667,0.0,0.12093734207546923,0.5614638976786368,26.687797528268757,12.0,1
61682,1.5954046671017168,1.0,46.98769195858521,1.580096699910016,0.7726819849845797,0.10401173324475396,0.06330339403872892,0.09719884014856241,0.06874779249788905,0.5809184321198676,24.374155611336214,15.0,1
26627,4.359420279727952,0.0,102.02002729854227,1.2831687122254798,0.6377667747259554,0.08777467453951815,0.1014632060448643,0.0,0.06971386977315287,0.28776582155373864,21.895031224383136,5.0,1
59155,5.270402895934253,1.0,113.15655635417006,0.43270279790335536,1.3173907569336416,0.036177528458350545,0.2872574174773506,0.1097187703044099,0.1357832242966237,0.4041404961216831,25.808659055503977,19.0,1
28390,0.0,0.0,48.678988574080414,1.382531875836705,0.3378377290312707,0.11885523581670478,0.3687395914417553,0.0,0.12777722757972032,0.7479338501661067,22.924831684659154,40.0,2
37029,5.270402895934253,0.0,85.63887669370071,1.7346023120600809,1.03805616547117,0.048769691834977445,0.232394038701296,0.0,0.07298954199416931,0.3082883206301165,23.197955465269526,53.0,3
125078,3.873488880460096,1.0,123.19891410158675,1.1189948897666122,1.4633344786443667,0.041342447356368994,0.03144101174407487,0.13132974407872078,0.07298954199416931,0.34168132433451065,27.335068550798372,28.0,2
142802,5.270402895934253,0.0,118.89537358941317,1.814995089313839,0.736606806235421,0.09628957850027947,0.22598348239194627,0.045719184925385015,0.1135278727644392,0.4169031817689732,22.063571705991762,46.0,3
54061,5.270402895934253,0.0,116.12326504611084,1.5903688309600632,0.9823580025054448,0.10739334615536911,0.07096215520127178,1.289993642659344e-06,0.1135278727644392,0.4105258689230816,28.18641951527015,23.0,2
130462,5.701060861471607,0.0,74.36678136906579,0.9984031852273931,1.1376138905461024,0.11946688240355681,0.3051012612299239,0.0,0.07344443758622808,0.6702452610397654,32.13267836136471,6.0,1
78479,0.872923795046736,1.0,83.15082148554873,1.246958858166756,1.1173801565958892,0.10845647711077161,0.12658456236904403,0.0,0.09660065570186806,0.45409671780157784,26.457720099304737,9.0,1
153672,2.81870192439919,0.0,116.74294409261621,1.4144297135629609,1.33675974885698,0.09596252188748704,0.09859728595086668,0.0,0.07253143383276514,0.4990965284816648,28.764045920589197,22.0,2
59947,0.0,1.0,117.83264361330183,0.8091720843236079,0.37161319540870286,0.026953409443536608,0.3587527883203148,0.1321533861663818,0.07253143383276514,0.21521517345479477,22.87513602410743,22.0,2
136687,0.0,1.0,148.91164651900203,0.3610759328950257,1.5768808873604883,0.06065990766824566,0.008022510191909901,0.01717223111155458,0.07253143383276514,0.22754504202061962,29.829866638293897,1.0,1
2548,5.701060861471607,1.0,88.34045692863863,1.1820405678953774,0.020819633215107995,0.04798456751842339,0.3752128331966564,0.1487173288253286,0.062334781593264214,0.31851640614259263,27.290189929496712,35.0,2
6568,2.81870192439919,0.0,96.8393843785252,0.34933645313750256,0.03593400836537351,0.030557569463256933,0.3633733741456922,0.14839298975671497,0.06687402409031792,0.06456727942923021,27.669367606615733,38.0,2
66088,4.359420279727952,1.0,79.43108060413216,1.8823565270014346,1.319804715011444,0.11160832397974157,0.025671147396794918,0.0,0.0346577266520643,0.7949190281537434,32.182525874792404,3.0,1
15689,3.3619271977508447,1.0,100.87615062736319,0.870016916351664,0.729098628509576,0.0708133464056408,0.2889273505092688,0.12448573823958835,0.13651556189408623,0.12017050102339782,24.203145596930636,40.0,2
26453,6.117892928831929,1.0,113.17198300275614,1.5698625629767227,1.0818076464946016,0.050636785623080244,0.33394795317970766,0.0,0.06318149722485808,0.7915140840670115,25.019506479825203,61.0,4
20618,3.3619271977508447,1.0,125.28431580947577,0.7208394540873487,1.2062319625131506,0.03684347528477961,0.03950348483126515,0.0,0.11141967447734964,0.31479963689727203,30.878904433525218,57.0,3
106293,2.81870192439919,0.0,110.45221333578004,1.3292342453589678,1.5170216896823014,0.09957570687151389,0.1373413159554467,0.0,0.07344443758622808,0.5089451600367382,25.386812277865683,48.0,3
138903,3.3619271977508447,1.0,98.5828025444995,0.6036650358901219,0.6025297380460697,0.03414355059055638,0.34640107140675985,0.0,0.13200780581487184,0.643245026323755,23.997865413055735,5.0,1
20435,4.359420279727952,1.0,147.2293193422084,0.6675719032394865,0.5973074966131857,0.026953409443536608,0.23081248243290878,0.002965912600349943,0.07344443758622808,0.2009461949148218,28.74494052591944,42.0,3
64228,5.701060861471607,0.0,82.74229037054354,1.1274828423974343,1.3734305307687875,0.11069945647795845,0.03361150083134765,6.649831061752e-06,0.03904227453776643,0.6055804699512913,27.052672873884006,36.0,2
69541,3.873488880460096,0.0,99.49999899704416,1.0770677015296135,1.1969783179741296,0.06492934472932263,0.21764387222561646,0.002965912600349943,0.12268131026148278,0.4667357229045698,24.138366388016127,61.0,4
39277,0.872923795046736,1.0,145.4450223384574,0.8601338152434236,1.6890680687112196,0.03379920531112484,2.0999340916072414e-05,0.11311438262017379,0.12845635323811264,0.6187477473978619,25.56783412949734,5.0,1
99685,5.701060861471607,0.0,125.98847054309378,1.3323372212749316,1.1286011489630472,0.10270424619248793,0.1786570689416453,0.0,0.12578864764343925,0.5348231690526993,22.1228415780621,59.0,3
110583,4.824000686513771,1.0,114.87735229174358,1.1995585970342593,0.9908405959351675,0.080004802065222,0.21113880216734304,0.1226869371427914,0.07344443758622808,0.4919223952704212,25.872720030171184,31.0,2
88277,1.5954046671017168,1.0,130.26723243895137,1.2953652640842788,1.2553441352295662,0.10293027132491821,0.24345789896605846,0.0,0.09747580878089683,0.5321518963893909,21.531012813282697,38.0,2
115108,3.3619271977508447,0.0,80.9434695625456,1.4144297135629609,0.8911068094754843,0.05581785744347516,0.1955420346167789,0.0,0.07989911657905567,0.4604200635633939,30.266797326479278,68.0,4
74683,0.872923795046736,1.0,120.4206736454704,1.277094229670491,0.8369642726908375,0.10948497434873768,0.18726924343725465,0.0,0.09479702346996888,0.46853879156411365,22.919442998267083,1.0,1
156007,0.872923795046736,0.0,96.70792227069762,1.1218203956730715,1.6325075429004299,0.08280689613768356,0.010531289946026881,0.0006225151515475891,0.11020651288205074,0.39043018103571125,27.280483330026772,16.0,1
3346,4.824000686513771,1.0,77.54565409278548,0.2091666998351505,0.7067541031969141,0.05776762020712451,0.0009985074216367666,0.14855554980531355,0.13984499294119387,0.036825947133042346,22.87921934578561,53.0,3
113945,5.270402895934253,1.0,81.43951640750306,1.4208581649724286,0.850866867530047,0.09080883719607807,0.0398569950795989,1.0299959470548567e-06,0.0807099107755365,0.539272361790861,34.43873714004507,35.0,2
13478,4.359420279727952,0.0,125.98340669703721,0.5646987472473326,1.7742801479019172,0.06056899457987591,0.0,0.10153321312855063,0.050636294096179424,0.326868612631449,30.201522022667945,53.0,3
2015,5.270402895934253,1.0,104.72879995795921,1.456507450130662,0.5192843709763387,0.025435779189136993,0.3724974215112106,0.0,0.13903597691740724,0.6589379823386252,23.805449695141448,9.0,1
32864,0.872923795046736,0.0,166.32639826450813,1.4926549618789116,1.0729939993093416,0.05640988448350998,0.019794475318132946,0.00025075949364125724,0.06894210541559317,0.6266333978237972,24.606468186607906,36.0,2
53117,3.873488880460096,1.0,117.59231788925922,0.7528078866341287,1.79660463980821,0.06222591342686712,0.0014866884819960474,0.06866208836877775,0.12162428428057229,0.4999926128156961,28.551650235666248,39.0,2
116390,3.873488880460096,0.0,99.23806654301997,1.5393873568146128,1.3562599631415344,0.07434357648268704,0.20395110310415332,0.0,0.10650624542551308,0.6815305328788934,28.565325025073086,5.0,1
21451,3.873488880460096,0.0,136.7556696015232,1.3730416877687452,1.0402249611304715,0.10038079826288383,0.028706613028225754,0.0,0.11549563035956101,0.4928196937814543,26.167862423796763,5.0,1
150968,4.359420279727952,1.0,88.10067987859006,0.47507469484593656,1.6432088154910538,0.044982288551343556,0.002986602388962986,0.0,0.10339044157515012,0.7152563614657733,30.479449157967085,28.0,2
5114,4.359420279727952,1.0,129.87909465216092,1.4959659338530724,1.262433119818314,0.08636722143496323,0.1941059981153935,0.0,0.09570786137811908,0.539272361790861,28.299305912149464,58.0,3
10018,0.0,1.0,148.8572610809828,2.321728503176287,0.9823580025054448,0.09677083598355257,0.050788310921096536,0.10013504319183014,0.06370578415960063,0.7940679687734105,23.885148140304704,27.0,2
113235,0.0,0.0,99.82989376774923,1.274062926972884,0.7328489612337938,0.0363111945750574,0.26396506912166884,0.0,0.12973537823509393,0.7410691930752554,22.17724003420604,53.0,3
94101,2.81870192439919,0.0,154.47866094642967,0.9126556457501946,0.9993545321705947,0.05276348676969412,0.2786062843586233,0.13046348084387843,0.11407800504076084,0.37117222363207886,31.588879820619763,13.0,1
24459,2.234779091684268,0.0,82.20431093589016,1.3323372212749316,0.9487402689416761,0.11218955999206842,0.21113880216734304,0.0,0.1328074491049765,0.5152030121689768,24.29274379521076,19.0,1
21321,4.359420279727952,1.0,121.60736984957956,0.3884410579771576,0.5834619703150993,0.029907481693841425,0.2889273505092688,0.1226869371427914,0.1151478184282261,0.44504994222165256,30.278490833092018,54.0,3
41020,2.81870192439919,0.0,132.6730318195387,1.713043318578456,0.6449025530655125,0.06657208594270177,0.19217553698332104,0.13618895995534963,0.10107366171887236,0.38768360549391373,22.018712338193776,33.0,2
51790,5.701060861471607,0.0,74.89064406242275,0.1882012741463376,1.8615556176242443,0.04843439090520536,0.34588121390485244,0.11526079396946651,0.1268626611347868,0.0,24.312064302802586,38.0,2
23349,4.824000686513771,1.0,144.43749435465745,1.0224814030232345,0.9844757146265559,0.031700341627013295,0.28837287361916497,0.0,0.10627575941954966,0.7530772108816399,28.454417672743674,61.0,4
143455,0.872923795046736,0.0,83.23141879679088,1.7094653201885666,1.2062319625131506,0.09389050618719966,0.10780091166141967,0.12394686741555304,0.10107366171887236,0.5579193060105864,28.396145398923778,1.0,1
74811,2.81870192439919,0.0,126.33780563512529,1.6668659552267933,1.6032536372686526,0.04071676728200563,0.05919019669413417,0.14729357010239952,0.09833371298734968,0.5508232274881332,26.457587935729816,20.0,1
139726,0.0,1.0,96.90773460400366,0.8625992772181287,0.2406044124121248,0.040085503505564654,0.3659547628917664,0.1418039895349155,0.062121579541474924,0.3157291000839103,25.751221348853978,12.0,1
19619,5.270402895934253,1.0,98.1945932199417,1.5192591302375724,1.2981526855390904,0.036177528458350545,0.3170663243293415,0.0021422865019121683,0.07253143383276514,0.6231300200369565,22.45498823690923,36.0,2
33128,1.5954046671017168,1.0,164.27590901526088,1.7855160893099271,0.6182954332776928,0.04899224740895944,0.08832052273494422,0.14847606628565815,0.061046331132959944,0.33890739350112375,24.98132448305391,31.0,2
1379,3.873488880460096,0.0,123.55444686502307,1.573269725078865,0.6395479508797876,0.09407062608946572,0.13170501708479113,0.0388792474124064,0.11717145598614156,0.8051225882576657,30.577493194023464,28.0,2
138253,0.0,1.0,95.26541530708427,0.8601338152434236,0.1811796128063288,0.037503497957860635,0.356590267128926,0.14733027444604824,0.07907699494507488,0.11725734975686705,22.015719530968074,33.0,2
29036,5.270402895934253,1.0,130.96747803578106,1.1937037408317457,1.4709477900653012,0.041591168205692086,0.06598678445107682,0.011650799615457067,0.06354889222848928,0.51341580185349,23.194054530836027,18.0,1
99334,4.359420279727952,1.0,127.4254292911272,1.818699770638293,1.2790452321863144,0.10894991098191154,0.19362507690967473,0.0,0.12268131026148278,0.5419401255638323,26.770222144372006,41.0,3
104351,2.81870192439919,1.0,163.14925956298674,1.1646618235594426,0.8870481719091188,0.024666575841302687,0.1847723004118197,0.002965912600349943,0.0875253578926078,0.4568076672489063,25.326413011498936,42.0,3
133346,4.359420279727952,1.0,128.4763783807599,1.2024918523025487,0.8290620173475927,0.03462304693822591,0.10359265120566807,3.21960393681003e-05,0.07782218133052284,0.2699694764964411,29.797096949553744,10.0,1
147304,3.873488880460096,0.0,87.42880780614325,1.2439669833584739,0.8192271637225136,0.10948497434873768,0.07056408099918726,0.0,0.08858182813778119,0.428725547103319,27.560127164471663,24.0,2
66966,6.117892928831929,0.0,92.06916268108641,2.093175597478864,1.208550416448057,0.09424935215065408,0.0978759997682047,0.0,0.05945947658976187,0.4928196937814543,23.62553700039402,19.0,1
33833,4.359420279727952,0.0,94.3688622605045,1.9051305755612356,1.2981526855390904,0.03296644366899756,0.02824856281115648,0.0004920728062981905,0.1031396955853106,0.384019149597404,26.50975766522333,17.0,1
722,5.701060861471607,0.0,132.1702468783158,1.6774576631672329,1.2790452321863144,0.0769637268850384,0.23081248243290878,0.0,0.12707004766187593,0.6336336735553394,24.609661152880694,29.0,2
118775,0.0,1.0,63.677447278604504,1.3667351240154904,0.668298156335253,0.10089770454746333,0.2878162330360538,2.0998315366955465e-05,0.1413650083557098,0.5490477660515011,29.686667818923596,15.0,1
74583,2.81870192439919,0.0,129.82363284644438,0.7948945864056484,1.2933635885898236,0.10076992777346946,0.07686774310307744,0.0,0.1382096979464234,0.31386999284176065,24.181940167126346,9.0,1
65482,4.359420279727952,1.0,109.40400311452817,1.593801330922556,1.6890680687112196,0.061872096627794075,0.01988860366022425,2.4197762858349033e-05,0.06766915227167633,0.4004880737342039,27.15797788519973,9.0,1
13936,4.359420279727952,0.0,122.0246106433261,1.792859470542298,0.2965467864597166,0.09628957850027947,0.2201849767037353,0.08750648063471238,0.10915962010817792,0.6962553346128163,25.23290085977855,60.0,3
53536,5.701060861471607,0.0,119.93124814585066,1.1849505506472449,1.2981526855390904,0.031487324236659966,0.32858651853078835,0.0,0.06328665532096683,0.5062609762137036,20.960870640234898,14.0,1
9590,6.117892928831929,1.0,113.6654772550635,0.6225285599873925,0.6484815224571175,0.036444621844153466,0.27469455038309665,0.14816401752722969,0.08892922146119757,0.20665925415005007,32.167958777307625,14.0,1
85196,0.872923795046736,1.0,104.10459604738172,1.249954663221884,1.0707955444139763,0.11479499795151385,0.18426934876289744,0.0,0.132877752641432,0.35921294629456185,33.071120546775646,24.0,2
151532,3.873488880460096,0.0,108.43196486347085,1.4273029632982537,1.6032536372686526,0.09296857348240582,0.0421449613639152,0.0,0.09479702346996888,0.5044707688151407,22.453954510161246,39.0,2
82820,5.270402895934253,0.0,125.18295201507512,1.4597729435754092,1.448164004953569,0.04843439090520536,0.11870244613380132,0.0,0.09718602680360759,0.41417103144871215,26.501573620506186,12.0,1
48999,2.81870192439919,1.0,93.1909473690543,0.6459421267605535,0.27163782908493056,0.032054095044992494,0.3638086632494495,0.0,0.08030591854684666,0.35829179556682933,24.311784369614582,53.0,3
53288,3.873488880460096,0.0,145.7079066324021,1.5026003343861656,1.476033739652881,0.06776810307407538,0.05836061652265536,0.0,0.07697095147323091,0.7402105591570741,27.595203510538862,42.0,3
18092,0.872923795046736,0.0,173.6805147118656,1.9395939776160442,0.6883393129818888,0.03710819197409395,0.07671184000471636,0.14504308436870547,0.12268131026148278,0.43689424042349,24.746279642926567,28.0,2
146793,0.0,0.0,148.39734293680613,1.0495876169697003,0.6828512271475592,0.05009339799691467,0.3721024229341608,0.09373936698118619,0.05366577368042376,0.5446065792778642,25.866278518968944,32.0,2
145757,0.0,1.0,95.01239340871874,2.443595599013753,0.8409268716865445,0.10411557344988047,0.1285171062526024,0.14666670525816566,0.07567160824092482,0.49551067655190706,26.630076045319555,2.0,1
148696,6.117892928831929,0.0,129.60679503115304,1.955027965828709,1.6647131528044516,0.053335443953215246,0.2875370978366841,0.056271470857134964,0.04215155867294839,0.7821407418654969,24.88693595403026,28.0,2
7443,1.5954046671017168,1.0,40.1080668609576,1.3014873780326923,0.2937520101620978,0.03657781073805104,0.3244483425283577,0.14901439311260747,0.100270542490563,0.7829934564155167,25.97282610198363,7.0,1
4710,4.824000686513771,1.0,128.1581924651419,1.0660306262012467,1.4887850777116909,0.037503497957860635,0.014670307255570792,0.1447427799270589,0.07989911657905567,0.5525981112890355,28.812207968171364,55.0,3
87827,6.117892928831929,0.0,129.96984301995127,0.6309968373439115,1.0642120665634267,0.09546239530113286,0.036303553505605934,9.966203716610577e-05,0.06566421446421968,0.35460545987661984,20.126325288410893,5.0,1
45283,3.873488880460096,1.0,91.52344133627133,1.3984299557000819,0.7328489612337938,0.046846078820115225,0.08981251686689971,1.3699283003558485e-05,0.12381154675558945,0.7659164955773288,29.794415809076536,12.0,1
138086,0.872923795046736,1.0,109.48150605246776,1.7202123044997546,0.7574094640680615,0.09901837159570151,0.10918885741547443,0.0005498420032071177,0.09227673809299898,0.18471915968581262,27.800171455219445,28.0,2
17755,6.117892928831929,1.0,97.71164868986696,2.3003618671629127,1.1331035227505035,0.0594657695986922,0.04830700380792102,0.0035120757502830253,0.061800626064382434,0.4495753109342876,25.980721571055827,29.0,2
10187,4.824000686513771,1.0,124.84329761383053,0.7807417810472599,0.5510461517347672,0.07727921957627658,0.34518401980879204,0.0,0.07697095147323091,0.43235768782226963,26.50236569995114,64.0,4
107646,2.234779091684268,1.0,111.19490914848524,1.1588997572047788,0.5869123931257155,0.047871617065426426,0.35146025839216477,0.14826535491985524,0.07479010183432175,0.8119156184780627,26.569501936678158,27.0,2
71400,0.872923795046736,0.0,106.16764901145008,1.1646618235594426,0.8648633807671563,0.03482762600454365,0.23590238986591258,0.04505732222996,0.07654086052747315,0.41417103144871215,24.998634888709258,19.0,1
123200,3.873488880460096,0.0,104.224276468494,0.7901631590571356,1.7054004852858022,0.03482762600454365,0.0,0.12527070615428185,0.09540627374586548,0.48114289466383386,27.067250183676748,28.0,2
80254,4.359420279727952,0.0,95.3497346143566,2.0096167646815903,0.9972231075729378,0.07501499474701619,0.085840961001834,0.00017388439572553168,0.06952174827474746,0.5152030121689768,27.92686282280536,17.0,1
9973,1.5954046671017168,1.0,114.32812821205953,0.13002540510590682,0.055689167188955224,0.02792522605990291,0.37457407629954614,0.14855554980531355,0.07434469244013149,0.23700674147691309,18.408132695485694,43.0,3
154351,0.0,1.0,120.95565709073469,1.6668659552267933,1.486230640455675,0.057623714331464716,0.010046588110102056,0.07921649421235842,0.07113757653068406,0.5214535572646147,26.763272602474807,12.0,1
6665,0.0,1.0,139.5442469406662,1.3635879022326585,0.1811796128063288,0.059651224241981105,0.3752128331966564,0.14872374146642076,0.07866163055322024,0.2896351940766277,23.19983353522647,28.0,2
92095,2.81870192439919,0.0,62.660482737512545,1.3076254137645986,0.46885477553086813,0.03932053869617266,0.06558179554898955,0.0032685407013052213,0.03604486856522788,0.06643615928723712,25.704885014514733,10.0,1
79403,4.359420279727952,0.0,85.02855298911653,1.94730195698168,0.7049042238456557,0.09692880978339921,0.2665568873392643,0.0,0.07610775407689287,0.3766821266125737,28.541234321452492,14.0,1
122639,1.5954046671017168,1.0,142.83230106575925,1.0660306262012467,1.257705099064472,0.02844379682282684,0.14041716978012045,0.12781195674789525,0.08608269509259017,0.4883316765960209,25.836472347550025,42.0,3
139805,5.701060861471607,1.0,102.95882904724768,0.6829095930719221,0.3671558141896562,0.026652080324069915,0.3060809988926816,0.0,0.06889357886322464,0.17418739922926474,19.226110777137677,35.0,2
26642,4.359420279727952,1.0,107.90923869439271,1.6283596013417518,0.9993545321705947,0.09943794886500139,0.1744815277128284,0.0,0.1087314302634894,0.47484463488452405,21.968546710325356,13.0,1
43254,6.117892928831929,0.0,132.91427162758438,1.1105412085910351,1.3611555555156263,0.03421223449066382,0.002292117871275759,0.1413738885074791,0.14319106079789568,0.16747215160921813,27.54727106875199,9.0,1
51989,5.270402895934253,0.0,105.52908392216204,1.4112216109464688,1.486230640455675,0.10442257216654599,0.20577278583815367,0.0,0.09323773806836998,0.5800356203400376,26.567261528635797,4.0,1
12643,5.270402895934253,0.0,159.83108704827436,2.203601153977151,0.9696927940084842,0.053799353682425805,0.11056948609566525,0.0,0.11371239933650804,0.4658339547302879,24.954381018254157,5.0,1
130158,0.0,1.0,62.62691673466546,1.874800880341669,1.139872073704656,0.08386550447689363,0.21678920175813712,0.029205777483379724,0.06474316603131854,0.5641208390442669,29.39023105704151,45.0,3
9564,5.270402895934253,1.0,96.25023492146316,1.2953652640842788,0.49466828604235225,0.07911856488323085,0.3349135553065067,0.1474258763966974,0.07298954199416931,0.21141456008304993,20.48712661759658,32.0,2
72594,0.0,1.0,93.33896314930047,1.2649927397327414,1.0510985468541778,0.04730387785758131,0.1636819881963965,0.14360752287675854,0.11081886050973534,0.3398322134003418,26.41434634006825,20.0,1
96809,2.234779091684268,0.0,108.1214780142149,1.6563128757565557,0.9823580025054448,0.041962598355487504,0.016577632105374596,0.14700939128916085,0.07866163055322024,0.601184514321482,26.23837098468072,17.0,1
21637,6.117892928831929,1.0,120.3544139623926,1.0387004217770066,1.616519151327676,0.032054095044992494,0.012751715278126845,0.0,0.11859386596217729,0.7530772108816399,27.892198894684533,69.0,4
42987,2.81870192439919,0.0,110.21997460556312,1.6248846462339144,1.3611555555156263,0.03482762600454365,0.17553296004468336,0.0,0.10533879505897356,0.654583124696766,24.049648942132052,43.0,3
108699,5.701060861471607,0.0,142.40447714756553,1.246958858166756,1.2178444213202304,0.024666575841302687,0.17183062586123532,0.0,0.09660065570186806,0.5976652639695638,27.503272271854524,31.0,2
97057,3.3619271977508447,1.0,135.7391714749739,1.3230403074748542,0.8992472401295339,0.028738652914220033,0.3448336751049843,0.14783814588853675,0.07344443758622808,0.8786040856397384,22.882573135690635,24.0,2
50947,5.270402895934253,0.0,125.29445154308004,1.310700409278527,1.178567726183657,0.03155839396012166,0.1827532997044595,0.11726697350035167,0.09570786137811908,0.5588056688922406,27.28863703165865,27.0,2
33600,6.117892928831929,0.0,103.17770651255638,2.0412105181439637,0.585186269256022,0.06421409154981621,0.048993543153111364,0.0003166164560518168,0.07523239892816581,0.31479963689727203,23.190731163677697,3.0,1
66171,5.701060861471607,0.0,112.4208696127315,1.7418233789384563,0.31062274053913125,0.08253683745040954,0.0019940376062208094,0.14849077983319456,0.059955501299521215,0.4150819119420289,26.236775989724606,28.0,2
22286,0.0,1.0,128.74397122107513,1.1105412085910351,0.5192843709763387,0.09529309823863626,0.33887978585593825,0.0003395588099666558,0.08190524688566762,0.1866313169426985,32.404172902726216,52.0,3
76850,4.359420279727952,0.0,125.69471925845114,1.1966292274711101,0.6484815224571175,0.05581785744347516,0.10640559698907252,0.0,0.10650624542551308,0.19904021217904416,27.373311537288927,27.0,2
36049,6.117892928831929,0.0,127.56697529096743,1.4273029632982537,1.4532125165491048,0.058717534870942424,0.14941484002339908,0.0,0.10237756976806238,0.7846985293539909,25.878355459213584,36.0,2
79386,3.873488880460096,0.0,106.21954070794669,1.2862118976616896,1.1241067643567022,0.09039569818937865,0.05333381640356864,0.0009961907158109078,0.12488293093845737,0.5383828155329159,26.79853211804441,71.0,4
2068,1.5954046671017168,1.0,112.00384658889766,1.5393873568146128,0.9238541349219103,0.10102452808143624,0.08981251686689971,0.0,0.0846000186739813,0.3656561673256651,27.394355482351123,26.0,2
2129,5.701060861471607,1.0,142.91187593876887,0.915196032112578,0.4387923199218749,0.026953409443536608,0.3598160612076885,0.0,0.0875253578926078,0.406878074585287,27.285531055348592,51.0,3
81046,0.872923795046736,1.0,100.82387471425041,1.8447562024754598,1.0818076464946016,0.09529309823863626,0.16257276229220186,0.0,0.09417957066797655,0.49640736697300886,23.00279934295128,2.0,1
16365,2.81870192439919,0.0,127.62257649485906,0.925393585596664,1.2529852016303604,0.029178943760520885,0.03325079712840182,0.14780794421992247,0.07654086052747315,0.1703513804874109,23.668463864635306,32.0,2
66089,5.270402895934253,1.0,175.76790730714566,0.8429744814568473,1.2600680937293525,0.03414355059055638,0.015148191303851427,0.10645466200194527,0.04449923155989649,0.16651198557114857,32.398420070472106,34.0,2
54284,0.0,1.0,68.78938979618839,1.8224088628135273,0.4017291313143787,0.11592322409481645,0.24122535807105008,0.0,0.12696665599738943,0.5259137815807644,22.533016065888944,48.0,3
12014,3.873488880460096,0.0,108.8457497881511,1.1791344541649518,1.2318460617081535,0.06657208594270177,0.06566283846385818,0.0,0.06884501787787135,0.5080505822351178,19.930065241368542,24.0,2
43050,4.824000686513771,1.0,63.822539109331245,0.8284037357211327,1.8530189600184495,0.05824462509301763,0.0,0.027633553338831628,0.09600744425199255,0.3175874845356611,24.766880415335763,8.0,1
120886,0.0,1.0,89.71339749347274,1.3076254137645986,0.9115158496685433,0.11272574519214026,0.26429137748300496,0.0,0.07207008747600625,0.25681268701775833,31.820354882953772,13.0,1
114529,3.3619271977508447,0.0,170.9789530111998,1.684540299697343,0.7726819849845797,0.030485597741861343,0.33336457894002675,0.0001379272758615091,0.08030591854684666,0.34168132433451065,27.28967230357338,26.0,2
140019,3.3619271977508447,1.0,72.96723188937412,1.1704392993079824,1.0078998505255499,0.08029540932132537,0.228815907594239,0.13934269201166463,0.1279740703260935,0.567661430117058,28.335142677325944,29.0,2
122380,3.3619271977508447,0.0,22.97878613428628,0.8187599816799841,1.4130567522589161,0.0853906261142464,0.045631865334373974,0.045719184925385015,0.13091639863629476,0.31851640614259263,27.176799439553292,52.0,3
25968,4.824000686513771,1.0,91.87847772533422,2.0571171201967116,0.29096402559793827,0.10102452808143624,0.01970031939835326,1.2199431412388186e-05,0.07389614600927014,0.18376276966746116,28.30271426111246,16.0,1
41774,1.5954046671017168,1.0,129.7782524816488,1.0332792011007887,1.0664045786492466,0.03414355059055638,0.1200332692849557,0.0,0.07824336696718033,0.35552730403390576,27.028191785761415,54.0,3
50516,2.234779091684268,1.0,154.12942261087628,0.8576718908979484,0.20273364528447474,0.032756846992377936,0.3699650424587189,0.11796375845620094,0.08858182813778119,0.22375482435312113,21.250900985751016,50.0,3
20464,6.117892928831929,1.0,169.0531434198938,0.7574292631964193,1.3053516392490825,0.04492319351722311,6.959927601525573e-06,0.14781805361170142,0.10673525114395638,0.45771100209068194,28.306500986874205,49.0,3
119596,4.824000686513771,1.0,106.75381475036878,0.6036650358901219,1.799404877793913,0.07501499474701619,0.0,0.007761030056575878,0.07824336696718033,0.3342806431153462,26.531529417696678,41.0,3
157360,0.0,1.0,72.38661539236911,1.1133552989984767,0.903329043187519,0.08438210118699253,0.19071575807816873,0.1463848279307614,0.08995736455673303,0.3748461739260816,21.468064462920054,45.0,3
75145,6.117892928831929,0.0,92.76256966409719,1.1021217240069057,1.7135954813782412,0.09039569818937865,0.024374542771290923,0.0006852005171069308,0.06391444984743964,0.4847385124396228,32.74863897849432,42.0,3
142925,3.873488880460096,1.0,109.26447803886143,0.43813908429016785,1.2225035455976938,0.03932053869617266,0.03914956871215242,0.0008184310645349036,0.09747580878089683,0.33890739350112375,33.30629020779538,12.0,1
82777,1.5954046671017168,1.0,67.89977080741862,1.0305741753174436,1.2553441352295662,0.029907481693841425,0.1614580741411667,0.0,0.08497450704940865,0.6554543597330946,26.063993144432224,67.0,4
43458,4.824000686513771,0.0,112.45175139853583,1.962772026906056,0.6956828410527327,0.10258997345819416,0.19458579580402588,0.0,0.08307607176161669,0.5614638976786368,26.416330952633228,8.0,1
41976,0.872923795046736,1.0,107.06486615853125,0.9563334199741291,1.5533254571377446,0.06509614152823148,0.009949561672197385,0.1450654401039228,0.0550811810864441,0.17418739922926474,27.03131787161799,19.0,1
75760,3.873488880460096,1.0,144.88430552752988,2.081114692943841,0.8389446157210648,0.07400365818851558,0.05316478711952442,0.0,0.041537978515635704,0.7074906062297831,21.445074222095442,40.0,2
17407,5.270402895934253,1.0,115.59027014572564,0.6697530468859387,1.7026730866736057,0.0431865287142909,0.03505015914588083,0.12367263895685356,0.12175920649046457,0.38951482378095875,25.04461913427822,49.0,3
131546,0.0,1.0,149.8308247689551,0.7140754272172378,1.54291101289386,0.053024146441152956,0.019606135890101437,0.000317614033510514,0.06561335504490168,0.3315024662333718,35.66993090050317,26.0,2
138376,6.117892928831929,0.0,125.3552634802307,1.8635008037178689,0.5392685908845773,0.07534654601913696,0.02502350614647099,0.12602863839372966,0.10133787158252591,0.17131070112413319,28.569087943845332,10.0,1
109608,4.359420279727952,1.0,86.54785961421045,1.1820405678953774,1.4431238001219762,0.11458463290479251,0.16533566327191976,0.0,0.06391444984743964,0.5366032848165226,19.537515069554637,45.0,3
6031,4.359420279727952,0.0,86.16304558528431,1.688088075804631,0.8192271637225136,0.10823744678519129,0.17076124987887595,0.0,0.07948948280021469,0.5259137815807644,24.112337327608216,24.0,2
27199,0.872923795046736,1.0,98.2050882421293,1.0251752790418884,1.1969783179741296,0.03240626087208351,0.01743227590022353,0.0,0.06530743506210197,0.470341237512751,25.957030270770503,38.0,2
24091,6.117892928831929,0.0,65.97671530196723,1.6075736872862627,0.7347269443802338,0.09943794886500139,0.026870414285047127,0.0009961907158109078,0.08571582562284803,0.4604200635633939,25.07108558916601,15.0,1
151801,3.873488880460096,0.0,73.31200386548326,0.755116866294833,0.7669406212233013,0.08731300249953422,0.13795961794494901,0.0,0.13115754517295558,0.379434781026071,24.97816376985996,30.0,2
136858,1.5954046671017168,1.0,86.87369178683713,1.752687621763492,0.7880755588262914,0.08867623283039489,0.061993429347763,0.0009961907158109078,0.13700632976772578,0.37025330913284016,28.1842675095965,46.0,3
112593,5.270402895934253,1.0,108.91813901120787,0.5586515365791151,1.0510985468541778,0.04342872429828728,0.2172170175632873,0.0,0.07019179955184995,0.25681268701775833,31.070321502923097,35.0,2
102611,1.5954046671017168,0.0,83.48925553139523,1.7965377462689096,1.2506282976724197,0.07296675335244636,0.24927322505169477,0.0001259393715440216,0.04736584746102333,0.3821859095722139,26.2439529481433,27.0,2
50473,1.5954046671017168,1.0,132.27585440646496,0.6057480280565445,0.41550924816995743,0.0417151979731918,0.36832732859560113,0.0,0.09776367429658296,0.5259137815807644,18.843657007236594,46.0,3
102491,3.873488880460096,0.0,104.94714562517953,1.3045544042799484,0.5259169346537883,0.027028571290768577,0.17183062586123532,0.14818125462915135,0.07479010183432175,0.2605755887938996,28.5628162244292,21.0,2
154149,4.359420279727952,1.0,153.83912413131824,1.0881650388686348,1.4355790578709804,0.03550559855419764,0.0,0.14783814588853675,0.12008513127007257,0.4604200635633939,28.09708022877538,1.0,1
61275,2.81870192439919,0.0,152.8052194876046,1.9861127510729824,0.8035905104059599,0.04065389307740725,0.1071041786982304,0.0,0.11859386596217729,0.2615158354360752,28.807344354023634,45.0,3
47349,5.701060861471607,0.0,148.95614157762378,1.0197912380668752,0.8429110412156785,0.0719035626650213,0.20395110310415332,0.0,0.08927426336727629,0.4649320304843778,30.278249761112694,12.0,1
65384,3.873488880460096,1.0,112.59585037027634,0.7505023214854164,1.7742801479019172,0.08822904207283068,0.0009985074216367666,0.0,0.1261174700059207,0.16939184884033198,27.50121267391938,22.0,2
70053,0.872923795046736,1.0,113.768249954588,1.4695941574011762,1.208550416448057,0.040085503505564654,0.0341517760422906,0.1418419312071492,0.10437726552568219,0.6099729853020663,20.950506979478913,50.0,3
11656,4.359420279727952,0.0,115.94393090881536,1.6633439737814455,1.4557398888377278,0.03932053869617266,0.02824856281115648,4.239931321707885e-06,0.08268848505094586,0.7804349562007139,26.633365430587908,14.0,1
110263,5.270402895934253,0.0,98.5828025444995,1.867263047261125,0.630660508976416,0.09612667909729579,0.3310005172617356,0.0,0.08716837634649345,0.8314043406469555,27.28721348908228,32.0,2
105943,4.824000686513771,0.0,107.6140750690096,1.1937037408317457,1.6620176809780942,0.11782134654455854,0.27408364899257415,0.04215599544455653,0.0846000186739813,0.3463010242500451,28.556543564145237,4.0,1
42097,3.3619271977508447,1.0,83.11857944428638,0.25888837167348283,0.07475594362361025,0.03867679555860176,0.37457407629954614,0.14888769707363225,0.06642276875193981,0.1703513804874109,36.22378023957878,49.0,3
158417,3.3619271977508447,1.0,73.3338863538939,0.5687461083073212,0.5869123931257155,0.04673112473458526,0.3390651291819761,0.12501210725730438,0.12148854744236103,0.2028513616900528,23.90185916211609,60.0,3
94980,3.3619271977508447,0.0,108.49404697343502,1.1937037408317457,1.2482734227611447,0.11011320908121598,0.1028847268953419,0.0,0.12229085868403589,0.6161167520118906,25.5732445794836,17.0,1
84816,4.359420279727952,1.0,82.58094901339929,1.3888789288233903,1.1017545099034765,0.04438898378389238,0.19217553698332104,0.13598585179506156,0.1332915131480091,0.5826836339638324,23.594699863323633,31.0,2
109961,6.117892928831929,0.0,118.90558553306002,1.7708819284359916,1.103980770181698,0.07044380416764916,0.03424173099921232,0.14339962963345917,0.10533879505897356,0.25587148181996267,25.297539242277114,10.0,1
133389,4.359420279727952,1.0,89.98443686190859,0.8552135014387723,0.1347054969338301,0.036177528458350545,0.37197035660800803,0.14817265375133779,0.09776367429658296,0.22754504202061962,20.274702546884736,23.0,2
157141,4.359420279727952,1.0,121.7447766046309,0.7436060858271775,1.079601259342487,0.04843439090520536,0.24234522406641582,0.018555850659359212,0.0875253578926078,0.45409671780157784,30.36458995789252,20.0,1
111969,5.270402895934253,1.0,81.79511098067378,0.6807085260360416,0.3248693292889913,0.02770197444137078,0.33119941052022045,0.0,0.07160547706998972,0.30735740567019904,26.322015896026297,6.0,1
79853,0.0,0.0,98.97079368124658,1.2231336726202555,0.5225970518766018,0.032756846992377936,0.23081248243290878,0.0,0.09999929605428569,0.551710741535826,25.475601681893373,45.0,3
150970,5.701060861471607,0.0,124.76216655783773,1.4208581649724286,1.1489248154734721,0.08171337117473375,0.17917339349527653,0.0,0.07567160824092482,0.6117290310971855,30.142316670315516,25.0,2
31089,0.0,1.0,132.78863372692678,0.2787230662029034,1.6863534561629305,0.06450986144918483,0.0,0.14843120878913402,0.12189331958493682,0.17610414704469207,24.98077481326784,27.0,2
247,4.824000686513771,1.0,125.79602389543933,1.13316055416276,0.4529526963721108,0.029178943760520885,0.28809482449267676,0.02110588240330083,0.08422295110813957,0.3352063471934248,24.776001882008643,24.0,2
137398,2.81870192439919,0.0,166.09766437381907,0.6057480280565445,0.4032532494108121,0.02770197444137078,0.36552954711300517,0.0,0.10915962010817792,0.18280617176269412,23.13635572251807,35.0,2
6435,4.359420279727952,1.0,169.38808101937144,1.5293044363985917,1.2671692686441056,0.10530426513964988,0.15058911051770973,0.0,0.13646504172415788,0.6493529401476361,28.544371918239317,44.0,3
54566,4.359420279727952,0.0,118.90047957692356,1.1675486338704655,0.47687246253654997,0.10258997345819416,0.28443031496949606,0.0014321110484759498,0.07523239892816581,0.27465930423277096,28.061290192993386,6.0,1
68094,1.5954046671017168,1.0,142.19547295521656,0.23072262969116245,0.10574599007894192,0.030485597741861343,0.3739304991678018,0.14846123398764682,0.06500020170040736,0.12986652282760713,19.444491166351956,44.0,3
27093,1.5954046671017168,1.0,109.53833655513162,0.8020177118754851,0.4419266939684234,0.02844379682282684,0.22841394966772371,0.003939573289650818,0.08497450704940865,0.3693342235535494,26.323342135820457,47.0,3
46579,6.117892928831929,0.0,148.5902366784734,1.2953652640842788,0.7123149584016482,0.03657781073805104,0.3038662397214829,0.0,0.08422295110813957,0.5143094816331635,22.893361344574508,37.0,2
38087,5.701060861471607,0.0,97.19157732546869,0.870016916351664,1.1900592475800453,0.0689341804959577,0.030532185089493704,0.0006603289807330503,0.13075335469188817,0.40870230130966556,30.855113412283558,40.0,2
40077,2.81870192439919,0.0,87.90346012857323,1.6318388174675127,1.4255484317321425,0.039448600807730404,0.03505015914588083,0.1194711125043972,0.10958238112235452,0.6580672741241114,23.293606736708625,46.0,3
36733,0.0,1.0,107.85228628889783,1.9900187305277914,1.103980770181698,0.07911856488323085,0.15921216697781893,0.0,0.07866163055322024,0.553485336862008,29.392322320655598,17.0,1
66124,4.824000686513771,1.0,81.34788806838215,1.246958858166756,1.01218429027079,0.10665182007938102,0.3055920446641296,0.0,0.07697095147323091,0.41417103144871215,30.977265784008914,13.0,1
131898,0.0,0.0,85.50508699798978,1.071541642188199,0.5595130343273138,0.08684389572442322,0.2911238442445418,0.11979510296012887,0.07344443758622808,0.37759984787925627,26.650991827117856,43.0,3
50807,5.701060861471607,1.0,127.81462670884625,1.6388100440527043,1.0272417610184217,0.03177121969776521,0.17710064452048874,0.0,0.08111111514562246,0.46763733513873956,22.609686594216807,20.0,1
102520,0.0,0.0,124.73174046491104,1.3354442055656686,1.288582650538607,0.03184203401148653,0.2300164851229946,0.0,0.14396421130021816,0.639751861069095,25.443314271439476,35.0,2
157687,0.872923795046736,1.0,83.41943596753725,1.4176418973042995,0.8055384298711078,0.08845352666152759,0.06816401280319169,0.0,0.07253143383276514,0.43235768782226963,27.93068425286026,23.0,2
104758,4.359420279727952,1.0,128.91054539826206,1.0197912380668752,0.7631224941741739,0.03550559855419764,0.12333016422336632,0.0,0.07948948280021469,0.34168132433451065,26.585708121177916,7.0,1
133433,0.0,0.0,147.5313506464913,1.5495079674127066,1.0186256893922574,0.05670360041938248,0.1511740477018857,4.529216150388568e-05,0.07160547706998972,0.58621235383743,26.374235431423664,34.0,2
55201,2.81870192439919,1.0,125.18802048377965,1.0660306262012467,0.9993545321705947,0.032054095044992494,0.24711566424780276,0.0,0.09600744425199255,0.372090967206333,26.010147945872877,37.0,2
78691,5.270402895934253,0.0,140.6315168899711,0.7737119535467464,1.788216833479305,0.08280689613768356,0.054177532011139076,0.005864813330088342,0.12356559458620506,0.20856198321458377,28.024833569717433,43.0,3
135037,5.270402895934253,1.0,41.1606900297774,1.7635911034941345,1.6138618224161947,0.10076992777346946,0.2300164851229946,0.0,0.12767794942651947,0.7727530213566,27.67077771946733,25.0,2
137231,3.873488880460096,0.0,120.33912252505209,1.3447892366328362,1.395655262877005,0.08386550447689363,0.17129658598427597,0.0,0.065765824499414,0.7402105591570741,24.305765278656136,51.0,3
86508,0.0,1.0,138.09099528461013,1.2801294904916005,0.4124347299272793,0.030844808525263702,0.25420234783544504,0.02967292528971893,0.1231911327681001,0.24927765074655053,28.55190118952374,1.0,1
83082,3.873488880460096,1.0,94.98075891277978,1.6283596013417518,1.5299401608787968,0.057189753444873856,0.17395390653627266,1.8999862089333166e-06,0.10829773278800112,0.7410691930752554,28.051131318396134,35.0,2
90685,2.81870192439919,1.0,97.24412779613965,0.8650682795653099,1.366059372813981,0.08253683745040954,0.08832052273494422,0.0,0.05652955654759033,0.24927765074655053,24.632836460285024,24.0,2
128125,0.0,1.0,143.87621737003496,1.6916401609057337,1.1648442414606313,0.05328367386024081,0.02409600998560086,0.036000550337622,0.12441380069370117,0.5116279940761842,25.111229079866934,5.0,1
118649,0.872923795046736,1.0,140.1279320470224,2.0611052313033036,1.1716969445284566,0.03861210524436159,0.028798143330841252,9.326675398481504e-05,0.11041192561352685,0.509839587862524,26.768648770713302,23.0,2
108033,0.0,1.0,122.67042254685671,0.7276338680333096,1.236529463082332,0.037503497957860635,0.056694445884583236,0.06405100973701222,0.07654086052747315,0.41325998704410216,29.595183304023262,55.0,3
2910,4.824000686513771,1.0,83.24753692415989,0.7574292631964193,0.2702700593198571,0.030485597741861343,0.3699650424587189,0.0,0.06571503760599098,0.3435297312064924,18.267989345876053,62.0,4
700,3.873488880460096,1.0,147.44223588149663,1.0171047814103484,1.1443944415571772,0.0459207534589644,0.24345789896605846,0.0,0.07697095147323091,0.3082883206301165,29.180958569037525,68.0,4
94112,6.117892928831929,0.0,132.80873693478935,1.1474217637968984,1.1062090211057984,0.0614711458158501,0.1440571078191837,0.0,0.12162428428057229,0.47394426546045465,27.447110568978708,61.0,4
1739,4.824000686513771,1.0,95.6869055356684,1.0577922600757719,1.5403126485640692,0.0708133464056408,0.24234522406641582,0.0,0.08571582562284803,0.7005791303777831,25.645804819344402,33.0,2
115136,0.0,0.0,102.94840465348781,1.1474217637968984,0.3926211324811446,0.05369657621946309,0.17553296004468336,0.0004960577103664929,0.09510266620308695,0.10168630609411251,25.964125815991185,1.0,1
33292,3.3619271977508447,1.0,75.50660703372742,1.2529544013102096,0.6846787275032765,0.037503497957860635,0.20395110310415332,0.14296210381157964,0.09355379050258464,0.5694308716311162,26.414610960934937,19.0,1
70990,0.872923795046736,0.0,104.56759833124238,0.6267561796552508,0.6253501522484253,0.10673658905851677,0.1857746293957585,0.0,0.10999979085255757,0.283089132646496,20.781419252524163,21.0,2
120114,2.81870192439919,0.0,52.62250954304042,1.0632807525460788,0.34802053343545675,0.032054095044992494,0.3201606123038974,0.14860433983858176,0.0846000186739813,0.4838398383414279,21.051676717903934,30.0,2
5411,6.117892928831929,1.0,75.61010568401046,1.0965276954317247,1.3343314548273377,0.06279572776316904,0.11125707260979383,0.0,0.09259922813974525,0.4856370331868439,29.33126471511715,61.0,4
120281,6.117892928831929,0.0,133.67778475193808,1.2054289960576283,1.1694107022410731,0.09708557810085501,0.11125707260979383,0.10812278076083233,0.07948948280021469,0.4332653199494439,26.273311424779898,49.0,3
11417,5.270402895934253,0.0,92.42389869574566,0.977251050003743,1.0250847906186369,0.10051148267888103,0.09277239074984024,0.0,0.07113757653068406,0.4332653199494439,28.77952367126017,31.0,2
64790,4.359420279727952,0.0,113.4547516503883,1.563060875323366,1.0995302396656046,0.031487324236659966,0.010240554881210949,0.12627545705346438,0.09029545927515505,0.5410510166898501,26.761830090834774,23.0,2
21269,3.3619271977508447,1.0,32.10683320383786,1.767234330366132,0.6610661750968433,0.05728648091811103,0.2548947328680451,0.14825709864946238,0.07824336696718033,0.6641594742783927,27.290707548731074,10.0,1
18539,5.270402895934253,1.0,149.66286345553223,1.357305564867754,1.458269339562285,0.040085503505564654,0.1458565046907266,0.004905852458809698,0.09227673809299898,0.7505060789938793,28.123458627495197,56.0,3
131787,4.359420279727952,1.0,79.37158202358054,1.705891647744118,1.872968134147178,0.09334166241755217,0.010724970060022793,0.00014491971255031693,0.06966589041842604,0.5472717260619129,30.407636914504096,18.0,1
38893,5.701060861471607,1.0,106.48413205304024,1.0826088263724851,0.0028461160137501196,0.06322975991368103,0.375466997075387,0.14888769707363225,0.06889357886322464,0.49371684008158656,27.52656415679182,33.0,2
118632,5.270402895934253,1.0,120.44615674965179,0.7299054380798758,1.0250847906186369,0.09512248854355311,0.3651023417513228,0.00014691748292448308,0.07948948280021469,0.5809184321198676,33.2840446138864,45.0,3
109538,3.3619271977508447,1.0,122.48232296441557,1.0251752790418884,1.4939002107471904,0.038157654766122096,0.017527096931831115,0.0,0.09889625578485943,0.6336336735553394,27.966079219895892,53.0,3
50903,2.81870192439919,0.0,116.48181456803962,0.6183139566629519,0.9760166024735442,0.038157654766122096,0.15175752601352488,0.059138788265392456,0.1176543571357466,0.24739195922341117,26.465120543126435,10.0,1
110657,5.270402895934253,0.0,112.8891132752156,1.0523187556135853,0.5359198474324859,0.0973955388973874,0.3516246407894022,0.10645466200194527,0.08497450704940865,0.3509163440956271,23.134763654828813,1.0,1
53957,0.0,1.0,108.3440065079705,1.3762010353347607,0.5680252931599925,0.03414355059055638,0.1028847268953419,0.06352047346558064,0.11797137715506432,0.6283842755198784,27.274528784724144,53.0,3
157457,5.270402895934253,0.0,143.93583687999381,0.3101469331799408,0.09055515529919876,0.037503497957860635,0.3726286889175506,0.14863161505772862,0.07160547706998972,0.07331410814078207,22.194211864840693,38.0,2
12774,0.872923795046736,0.0,117.01934313379405,0.8429744814568473,0.776519017031305,0.09708557810085501,0.26429137748300496,0.0,0.07207008747600625,0.4477656398183121,24.13921025604864,39.0,2
69138,0.0,0.0,95.01239340871874,1.2984243322312379,1.2766659695073987,0.07881827414418355,0.05577404736193073,0.0002767071089149505,0.10673525114395638,0.6388782359477272,26.6421796205516,58.0,3
39397,1.5954046671017168,1.0,177.56735673328106,0.3560274796766916,0.07486689302637596,0.032756846992377936,0.37302130041070103,0.14755211061393636,0.08384328428839721,0.13083490594461286,28.129543552433336,29.0,2
147228,5.270402895934253,0.0,121.20520010338551,1.7166256457400175,1.4230459552752195,0.03041356110871576,0.11398938173084487,0.0,0.07948948280021469,0.6858652061907988,27.288119385666626,35.0,2
27439,2.81870192439919,0.0,125.12719692008024,0.2741048169024571,0.10080396775144336,0.03345331143459896,0.352279493375899,0.14848343783585247,0.07479010183432175,0.09876026245068067,20.68966585055234,39.0,2
57288,5.701060861471607,0.0,120.0587301820534,1.6006790321669766,0.776519017031305,0.08029540932132537,0.07593103651402407,0.0,0.0994514137349725,0.7915140840670115,26.04770059448803,53.0,3
48029,5.270402895934253,1.0,79.83117913045372,1.0743027900555246,0.8429110412156785,0.0431865287142909,0.24963015667287333,0.0,0.1231911327681001,0.567661430117058,23.933135707381993,58.0,3
18776,3.873488880460096,1.0,91.53934268548832,1.347912282370425,0.9404137982053083,0.10604107796538681,0.001586229567352342,0.0,0.14190038371582642,0.42963382439383313,19.442702471407042,58.0,3
99553,3.3619271977508447,0.0,148.15493829411173,1.1189948897666122,1.0751944363573847,0.04071676728200563,0.21506826913802218,0.0,0.07019179955184995,0.4059657136933484,26.149349179118406,30.0,2
41587,5.270402895934253,1.0,112.9199767128155,1.1588997572047788,0.9383370423726153,0.07600145917456508,0.1902268730920707,0.0,0.11583914795584942,0.5976652639695638,22.076718833511347,41.0,3
130759,3.873488880460096,1.0,74.84700879697267,1.9705341629668967,0.9238541349219103,0.1092211821840213,0.22352051064288078,2.259980487794926e-06,0.08858182813778119,0.5383828155329159,27.286307572007797,6.0,1
90882,0.872923795046736,1.0,112.45689824491672,1.249954663221884,1.4557398888377278,0.05431056943270107,0.23160499351003486,0.002965912600349943,0.12910867417091867,0.667637849918361,23.216009586627052,31.0,2
2566,1.5954046671017168,1.0,148.71881256299883,0.8503073162091651,0.6395479508797876,0.03134499269087866,0.24308780253403353,0.0,0.06874779249788905,0.30363192158696917,25.73694932950662,69.0,4
64943,2.234779091684268,1.0,142.83727468142877,0.562679835601423,1.5637735081033628,0.05776762020712451,0.0978759997682047,0.1346956684792177,0.10212019116983716,0.44052059468949495,27.286178153610113,26.0,2
2336,5.270402895934253,1.0,110.63795405639635,0.8724965562789044,1.0620215341973758,0.036177528458350545,0.34465806356477197,0.12367263895685356,0.1299098908721293,0.5835660242459407,25.780825396880292,73.0,4
84619,4.824000686513771,1.0,101.57627556261222,1.3730416877687452,0.8330093229215549,0.11160832397974157,0.17605677935381134,6.859820223662569e-06,0.08680895131871912,0.5205610680472806,33.98567532459052,3.0,1
40126,0.872923795046736,1.0,103.41214449151012,1.2142637860645362,1.3053516392490825,0.10859994509028802,0.06330339403872892,0.0,0.13050531086363082,0.34168132433451065,23.6049819304579,48.0,3
148847,6.117892928831929,0.0,139.38953674892366,0.7321803953673356,1.1580096007646004,0.03482762600454365,0.09277239074984024,0.0,0.12175920649046457,0.482042029581441,27.053063407252274,56.0,3
16176,4.359420279727952,1.0,172.4127962672739,1.0010637611083457,0.7234872037486205,0.05170941569813888,0.1862740142590032,0.14772552432777777,0.06727271957900667,0.10947906558311733,24.21100666941223,22.0,2
107428,5.701060861471607,1.0,86.17373816809801,0.6225285599873925,1.4990236923422753,0.039448600807730404,0.06001745175361135,0.13740235858540698,0.13778363375253347,0.43235768782226963,26.397803957203784,15.0,1
24692,2.81870192439919,1.0,79.06316931953936,1.4695941574011762,1.1017545099034765,0.06492934472932263,0.07530484433310232,0.004905852458809698,0.08307607176161669,0.4775448150825342,27.79787130240962,41.0,3
837,5.701060861471607,1.0,110.42641248266301,1.408017586653165,0.9321184334126422,0.0964512307573751,0.1028847268953419,0.0,0.1151478184282261,0.4269085074607398,24.218164359070627,55.0,3
159115,6.117892928831929,1.0,104.97833256150287,1.4016217618309161,0.5309102739761682,0.04312584573380803,0.1658841956233759,3.489534735184585e-05,0.12306481658547469,0.20665925415005007,24.725944004212348,17.0,1
133279,4.824000686513771,1.0,129.38990525411324,1.237995013338512,0.4309872701855709,0.09442669630209094,0.34017060173897096,0.009628717289747853,0.08384328428839721,0.8752442881447556,31.26505984017174,18.0,1
125351,3.3619271977508447,0.0,139.95835012342042,2.266422398777513,0.8349858419672646,0.10152244608703388,0.08089131902176383,0.0,0.05973544317921986,0.5143094816331635,27.93374114009924,1.0,1
145619,3.873488880460096,1.0,101.41959122154339,1.3199493399191744,1.0036232661278224,0.027776458983118688,0.29328660272751916,0.0,0.09386772939038489,0.5268053829272235,24.341585017919606,58.0,3
129065,6.117892928831929,1.0,116.12326504611084,1.3199493399191744,1.5196011969191976,0.05969748831732865,0.06800329656658823,0.003229532051819956,0.11389577405950702,0.5152030121689768,25.97523506196044,18.0,1
66990,6.117892928831929,0.0,103.82873581987928,1.2984243322312379,0.9760166024735442,0.10462353021933235,0.0008359541194487021,0.14802089407464414,0.09355379050258464,0.555259355923415,24.609244694922673,58.0,3
136710,6.117892928831929,1.0,78.12063503863864,1.7454404380504511,0.5225970518766018,0.10980454318077999,0.0012177790953145319,0.0,0.12499849218571271,0.5967851052426851,32.728647024003486,48.0,3
135284,3.3619271977508447,1.0,125.13226571201999,1.3168623695632067,0.7197556293230039,0.02672751500031876,0.047963148606897626,0.0,0.09417957066797655,0.7152563614657733,23.217164728062283,35.0,2
141966,4.824000686513771,1.0,176.4966878043067,1.2439669833584739,1.1762754558995927,0.030629476337651843,0.008880373055813805,0.11563567166745557,0.14076918824487933,0.45409671780157784,25.698954184057367,14.0,1
43613,2.81870192439919,1.0,68.91082531095162,1.7346023120600809,1.2062319625131506,0.04837833558986775,0.0035015680609103966,0.14878033257804144,0.061370530210634044,0.2774709371189399,27.291872167553297,22.0,2
148594,1.5954046671017168,1.0,96.03969973051954,0.458303754548283,0.3220063272070616,0.036177528458350545,0.37130700566282,0.14849077983319456,0.06474316603131854,0.28776582155373864,25.564316920345693,30.0,2
141541,0.0,0.0,100.19626101330796,1.8597430050557224,1.208550416448057,0.05536978154729911,0.3168422941571802,0.0033952367821287834,0.06985760413807163,0.591501237117933,25.57175678317629,35.0,2
48498,2.234779091684268,0.0,110.2561052220962,1.0798363793789911,0.5748678265386208,0.03564046603117301,0.13485229153255027,0.00021182840698592262,0.07739805058592603,0.14822830413968097,22.907934566925988,19.0,1
62899,0.0,1.0,93.23324101329352,0.7344587426213406,0.986595383828515,0.07534654601913696,0.2272027431707757,0.0,0.06727271957900667,0.5454951065995263,30.341606445444445,1.0,1
99871,5.270402895934253,1.0,112.82738277925439,1.0387004217770066,1.5092957197361627,0.037503497957860635,0.04038650080234692,0.0,0.1135278727644392,0.45409671780157784,23.671171769936436,28.0,2
102502,0.0,0.0,100.096837421936,0.9202876017469687,0.5375933159347819,0.053799353682425805,0.2777125758922266,0.14623519257496795,0.1031396955853106,0.24456196630091115,29.3162331866337,33.0,2
157729,2.81870192439919,0.0,116.45620912903325,1.1077309178046657,1.4456428644832313,0.030269292847822718,0.0027486566546952086,0.0008869817116441428,0.13589122152624158,0.3766821266125737,23.691830478890736,5.0,1
54591,2.81870192439919,0.0,112.96626960742334,1.7382106712178036,0.6077684628587345,0.05181565204652488,0.10780091166141967,0.0,0.12717284007352847,0.08703540456465482,23.193332087026928,4.0,1
5905,2.234779091684268,1.0,188.15733257548186,0.8552135014387723,0.7880755588262914,0.03345331143459896,0.2555842232981101,0.13787776303598756,0.07567160824092482,0.37300954001041753,28.68444531199251,65.0,4
66703,0.0,1.0,76.26331710887449,0.4308966917757894,0.016194558689205236,0.032756846992377936,0.3752128331966564,0.14844628185416234,0.07654086052747315,0.22091007236670035,21.77645739745371,49.0,3
35864,3.873488880460096,1.0,113.7014492110675,1.670392228724202,0.8153065731672732,0.06279572776316904,0.09277239074984024,0.0,0.0682595902191365,0.4468605662115773,24.830545021995803,2.0,1
86117,2.234779091684268,0.0,113.20797734669654,0.9798822134503042,1.0272417610184217,0.08280689613768356,0.10003407720918936,0.0,0.06677399494927812,0.46853879156411365,21.82857478412635,58.0,3
49927,2.234779091684268,1.0,106.06904479879657,0.30218675085560054,0.008635877113786267,0.03861210524436159,0.37483015478170034,0.14830613545063218,0.08030591854684666,0.04167723985178335,17.34351884705261,34.0,2
106308,0.872923795046736,1.0,157.59223177955036,1.7238032976844435,1.2178444213202304,0.10235887299442069,0.1304347681620652,0.0,0.05732925280795218,0.5214535572646147,30.527779006954308,7.0,1
126909,6.117892928831929,1.0,135.54375896991115,0.7208394540873487,0.8688796649587435,0.03880600336970576,0.13422605430153228,0.0,0.0875253578926078,0.2426743316518963,23.1894306282488,49.0,3
53895,0.872923795046736,0.0,105.26415118196292,1.955027965828709,1.03805616547117,0.08307477277729898,0.1597757214669062,0.0004920728062981905,0.07160547706998972,0.7693357188635067,31.460143160038516,70.0,4
2983,0.872923795046736,1.0,96.82361027154597,0.7140754272172378,0.9341893605956845,0.08660651291880815,0.0341517760422906,0.06964799176973854,0.11859386596217729,0.3849355163638353,28.854211236085405,20.0,1
144132,2.81870192439919,1.0,92.43448484110277,0.9563334199741291,0.5714429205166435,0.09661164643050027,0.3728906279665226,0.042361366366486,0.14096577772061908,0.7676263476484754,27.70729539818743,20.0,1
11304,0.0,1.0,115.19542238366154,0.5268798488130423,1.4557398888377278,0.04438898378389238,0.15864721974158413,0.003939573289650818,0.1282651059706081,0.6962553346128163,25.887209450033037,51.0,3
122555,3.3619271977508447,0.0,153.82436109407345,1.1021217240069057,1.2131933798627534,0.03247650422115219,0.28443031496949606,0.0,0.09660065570186806,0.6624195015311976,27.300799787260342,36.0,2
22784,6.117892928831929,1.0,75.38129217397322,2.3046256714302737,1.1196203641016944,0.1057697557925517,0.13980511964077502,0.14860433983858176,0.06586728965787758,0.723011956415217,27.67180322531161,31.0,2
55889,0.872923795046736,1.0,159.97789994899625,1.2529544013102096,0.6182954332776928,0.08115311709967152,0.13795961794494901,0.008698409363821236,0.07907699494507488,0.2727839400024509,25.04214979394639,69.0,4
22689,5.701060861471607,0.0,110.57088616534821,1.5698625629767227,0.8528606142967284,0.09785169032817521,0.05577404736193073,0.0,0.12215914027194473,0.3628958211781966,27.175891016773928,32.0,2
149352,4.824000686513771,0.0,174.31870922285958,0.8259875510638431,0.8749185103672998,0.04090505509611655,0.17129658598427597,0.08750648063471238,0.08268848505094586,0.4278171081723786,27.3106308061212,48.0,3
75071,2.81870192439919,0.0,178.59374976703887,0.9877977162194078,1.0729939993093416,0.030629476337651843,0.08832052273494422,0.0,0.14274063754829838,0.2971052741693927,24.278456737896416,25.0,2
52811,1.5954046671017168,1.0,127.98137364190167,1.1937037408317457,1.3562599631415344,0.07911856488323085,0.0822707938427152,0.0,0.06627170617944157,0.23889672081580507,28.29917967162036,4.0,1
92080,1.5954046671017168,1.0,128.6530995725842,1.6248846462339144,1.5874046880354733,0.0521332511675159,0.025763559856464207,0.0017580922600989122,0.14487283505539567,0.48024360588362286,26.63468110731085,30.0,2
54966,2.81870192439919,0.0,126.27706164974171,1.2923101708008011,1.2648001779253042,0.11046979282060683,0.11936872550991845,0.005988943986709559,0.052467228893042235,0.6997146255147229,28.81270676866554,17.0,1
8670,5.701060861471607,0.0,80.43079239329242,1.1218203956730715,1.5247664907417113,0.03550559855419764,0.20712811703028133,0.0,0.12499849218571271,0.8609453674204514,29.71366041513438,7.0,1
106881,5.701060861471607,0.0,70.33818487297776,1.7965377462689096,0.8648633807671563,0.10639383282620979,0.07341796172572304,7.907610279889246e-05,0.07004877567117059,0.44867055468068734,20.9020461365704,4.0,1
81931,0.0,1.0,47.1799150948062,0.5055018581840881,0.2406044124121248,0.058717534870942424,0.3443059588382177,0.12792544665594097,0.09386772939038489,0.3986608665711685,24.061772605296223,64.0,4
11542,0.872923795046736,0.0,89.87816081212524,1.1021217240069057,0.9197336231387233,0.10188625402023829,0.24308780253403353,0.0,0.09747580878089683,0.4775448150825342,26.81778699411642,42.0,3
147965,4.359420279727952,1.0,134.11451441186762,1.2201731395132756,0.8870481719091188,0.021518860597070293,0.11736465633327059,0.004905852458809698,0.06776790858233991,0.5579193060105864,23.81467669803296,53.0,3
117285,0.872923795046736,1.0,97.37548624076682,1.7166256457400175,1.393177598252768,0.1038017549402223,0.24345789896605846,0.0,0.12356559458620506,0.7607840476203711,17.692694389394216,9.0,1
25101,0.872923795046736,1.0,102.97446535515346,1.4926549618789116,0.6592628138396347,0.1047229147856999,0.28125563818496374,0.01769303436637822,0.1283610048523297,0.29243786124942284,26.196081324613345,6.0,1
137107,5.270402895934253,1.0,138.7904262726729,0.7783950615769446,1.4380918973981762,0.04379041442699696,0.0,0.11038156139749708,0.09570786137811908,0.1971334117769646,27.251349402769232,10.0,1
95656,4.359420279727952,0.0,101.58671995727254,1.6179475077937715,1.0164765902676833,0.08731300249953422,0.18527405936558464,0.0,0.0642263303982092,0.2858957051591956,27.59083668533562,66.0,4
52871,3.3619271977508447,0.0,86.41427133114598,1.50925136242719,0.6810255875210611,0.03887052098015331,0.03594595641034841,0.14517567566149628,0.07479010183432175,0.22943896094336566,27.03092712434838,19.0,1
100122,3.3619271977508447,1.0,126.20618837902248,0.6851139901853912,1.368514367277708,0.030629476337651843,0.2460265192220273,0.002965912600349943,0.11220324037571663,0.7066271145340868,27.89819071729176,65.0,4
103560,1.5954046671017168,0.0,85.2052896738457,0.8284037357211327,0.5783000164936618,0.02844379682282684,0.3687395914417553,0.14859745292575602,0.1046199903677044,0.38768360549391373,24.36199750540372,29.0,2
14770,0.872923795046736,1.0,103.43818846580288,1.9242320163545066,0.5159788866289045,0.09018667070769226,0.251050356351249,0.0,0.07989911657905567,0.15015655190271257,25.305032224780742,1.0,1
56218,4.359420279727952,1.0,29.473041074817573,1.433764130961678,0.41090010214946837,0.060112080397729396,0.25454890318941586,0.14492973255681252,0.08111111514562246,0.602063981300623,28.129163270945106,9.0,1
74883,1.5954046671017168,1.0,184.23114539332386,2.0571171201967116,0.9404137982053083,0.09220467864151599,0.10918885741547443,0.01769303436637822,0.0542585308030303,0.7178426855050967,28.300820768509993,39.0,2
114119,0.0,1.0,115.82606115639541,1.4761622725906902,1.3808202212133387,0.06463608141761373,0.17342500988932696,0.0012440522682837711,0.05354670360376813,0.8127642241578598,32.860667024516346,33.0,2
45555,4.359420279727952,0.0,94.93330434859006,0.8235748656635028,1.1557353982549923,0.0461533086282955,0.22516613192824542,0.0,0.09417957066797655,0.6292595119241615,25.63581411118448,19.0,1
95873,5.701060861471607,0.0,127.20801122691591,1.6809968297595563,0.7784403718217229,0.03482762600454365,0.1529201254059554,0.14589872060048586,0.11935085950785726,0.21141456008304993,25.834860538017008,25.0,2
13238,4.824000686513771,1.0,106.47375769342598,0.8874490702428841,0.9612883852905215,0.06616661355998277,0.2460265192220273,0.0,0.11181393054084698,0.6702452610397654,22.908225967667814,4.0,1
148910,0.0,1.0,81.27780941738494,1.1907821343351075,0.48655249206632356,0.1104113823661705,0.24308780253403353,0.0,0.12654701746975344,0.6711141375205762,21.014181564632917,42.0,3
6130,1.5954046671017168,0.0,123.53413465544374,1.1617788655968144,1.0532791897548954,0.03482762600454365,0.1832598522183656,0.0,0.07389614600927014,0.6910625738607122,29.053561952225717,53.0,3
135275,0.872923795046736,1.0,137.62109252136776,1.6423020601527738,0.9135673883268748,0.09277983356126722,0.1796884828622201,0.0,0.10581030322960991,0.4123487785843696,26.504477833097837,29.0,2
62232,0.872923795046736,1.0,80.29039970491492,1.8002204158456978,0.9259172992484815,0.10102452808143624,0.1862740142590032,0.0,0.11334218617191304,0.4468605662115773,23.19506592668097,10.0,1
4467,0.872923795046736,0.0,125.9226382710716,0.7163267310388866,1.1671264680853237,0.11175808059298264,0.1434542782503005,0.0,0.09510266620308695,0.35737047171995895,25.388851091328167,61.0,4
85472,0.872923795046736,1.0,112.5083648563118,1.338555201025666,1.0057605767148683,0.030629476337651843,0.020358832082419225,0.002965912600349943,0.10763668424531088,0.470341237512751,25.657412324516663,26.0,2
47061,1.5954046671017168,0.0,100.07590434255852,1.5159190404539722,0.2580359139260108,0.05009339799691467,0.34198828027640027,0.14774638962373376,0.11717145598614156,0.5906201054722333,26.398995244225304,18.0,1
147959,0.872923795046736,1.0,67.57888190281787,0.7006382405716461,1.0337244907542096,0.10770794092542646,0.33355937323453344,0.1358486151796995,0.11905083262975834,0.3748461739260816,25.57108049270898,8.0,1
10359,6.117892928831929,0.0,192.73419796541384,1.1105412085910351,1.7548589521511095,0.044982288551343556,0.0,0.1438366992484712,0.1382096979464234,0.5588056688922406,28.17679791373568,42.0,3
62335,4.824000686513771,0.0,127.01077208057016,2.2202499098244823,1.2016011071995636,0.1069043158630909,0.27651261005460964,4.479923326912556e-06,0.13155052839365755,0.8339418701621327,23.623824539075954,21.0,2
34916,3.3619271977508447,1.0,116.78389800122048,1.2892590495900826,1.6890680687112196,0.07226092540897922,0.02223288089874668,0.0,0.10937167434329613,0.32223029241841084,22.966601473215434,46.0,3
68552,2.234779091684268,0.0,146.6894026925157,1.0743027900555246,1.7190694846582937,0.07727921957627658,0.1360999778061121,0.0,0.08716837634649345,0.6685071173338719,21.58701510167814,34.0,2
44534,5.701060861471607,0.0,83.10783170116989,1.3984299557000819,0.9760166024735442,0.11592322409481645,0.04476386769526602,0.0,0.09999929605428569,0.3082883206301165,25.99530383040372,42.0,3
12822,3.3619271977508447,0.0,142.84722183831073,0.4788351013562413,1.5611583427172575,0.060112080397729396,0.05836061652265536,0.0,0.14573934702148186,0.28121715024146815,30.87474191273397,55.0,3
38980,4.824000686513771,0.0,129.0922275397468,0.8067838170617007,0.8870481719091188,0.03184203401148653,0.1832598522183656,0.0,0.057669506168896024,0.29337171326094935,26.471726893272518,53.0,3
120129,5.701060861471607,1.0,187.63611974588076,1.2831687122254798,1.2981526855390904,0.03684347528477961,0.13672143769829853,0.05970014375000635,0.08571582562284803,0.5853303840742065,25.43028290915001,12.0,1
150577,1.5954046671017168,1.0,81.1915469512008,2.3561633135046143,0.8290620173475927,0.09121551619797047,0.23041492083456172,0.0,0.06712347472330239,0.49461383429655437,27.41564642151369,18.0,1
37650,1.5954046671017168,1.0,117.40307585864237,0.9101188546911463,1.448164004953569,0.05202756942412839,0.053502750204212,0.0021914595999003345,0.07654086052747315,0.5579193060105864,22.007936952854703,9.0,1
44562,5.270402895934253,1.0,111.40108751901874,1.0965276954317247,0.38057483496004635,0.09929914618218678,0.28037777348200726,0.14863161505772862,0.09227673809299898,0.51341580185349,22.69483428241621,40.0,2
54790,4.824000686513771,1.0,47.44185975299838,1.249954663221884,0.21045458225094912,0.11905247465832872,0.35113068640320727,0.00681651852218226,0.11684452751132064,0.5044707688151407,22.017515248095933,9.0,1
144879,5.701060861471607,0.0,125.38566786504624,1.3416702104497014,1.2719135502914645,0.030629476337651843,0.043893390801080984,0.0,0.0846000186739813,0.40779027040891674,25.878355459213584,38.0,2
43487,5.270402895934253,1.0,96.25023492146316,0.23951232835869585,0.24193525533195437,0.03134499269087866,0.3281792315993521,0.14851985496221193,0.07207008747600625,0.079200284378457,26.171590633471514,49.0,3
74901,0.0,1.0,159.9191771087186,1.310700409278527,1.1151419433655108,0.041342447356368994,0.07686774310307744,0.09780148013539323,0.11461791565793807,0.5321518963893909,27.929283103258975,37.0,2
63450,2.81870192439919,0.0,92.00031073117684,1.3292342453589678,1.03805616547117,0.03386819800867214,0.023631246789753486,0.00016090102092225608,0.10650624542551308,0.22375482435312113,26.240497542116305,51.0,3
63929,0.0,0.0,93.95709608402052,0.2710396899408596,0.23529773667628084,0.08334048687121909,0.0008259789477667694,0.0004651715196559341,0.08422295110813957,0.038806779948086914,27.652442428563532,58.0,3
126962,2.81870192439919,0.0,122.66025605776831,1.837289396713911,0.449793561881308,0.08754475966298475,0.3370088762442755,0.0,0.059569982643832974,0.2662142053083389,27.018290889256722,48.0,3
146755,3.873488880460096,1.0,148.7287023554411,1.2231336726202555,1.0906530470009785,0.02770197444137078,0.0019940376062208094,0.04439064878958389,0.06874779249788905,0.6108510766913567,26.502101675258384,26.0,2
9629,6.117892928831929,1.0,73.66747943029353,1.7023222984191564,0.9156208630438081,0.09407062608946572,0.35813985800982173,0.0,0.08190524688566762,0.41872379767106116,23.812973433107803,60.0,3
43480,5.270402895934253,1.0,135.79428053446608,0.8849480810453934,1.5299401608787968,0.04438898378389238,0.02129722678586382,0.022774425824096823,0.1228099104642298,0.5570327996307758,27.37408635644612,35.0,2
101895,0.872923795046736,1.0,39.21894613358781,1.635322297431103,0.9279824033589994,0.11464570459711737,0.20981104117612712,0.0,0.12665284588910405,0.7221507233753106,35.53180723768185,31.0,2
141449,0.0,1.0,129.99504928941235,0.5748410348239007,0.6574613049083465,0.10258997345819416,0.049764038488331344,0.0,0.07479010183432175,0.2028513616900528,19.921266460343837,8.0,1
26275,5.701060861471607,0.0,90.05881944358029,2.326016129115966,0.6956828410527327,0.11150678063934065,0.16033788778722907,0.0,0.09479702346996888,0.4332653199494439,27.047074807007682,32.0,2
36510,4.359420279727952,1.0,104.51038921967178,0.9693795334875999,0.6271184303094184,0.028812200552599924,0.2552398388978087,0.0,0.046009276621746004,0.3157291000839103,24.036674867168394,65.0,4
106130,4.359420279727952,1.0,113.74769647730051,1.7166256457400175,0.7216204794212896,0.025359172694512967,0.1434542782503005,0.0008532076445464047,0.11749437973115917,0.6047015544677911,24.010994808687883,45.0,3
29558,4.824000686513771,0.0,115.10822213061188,1.5562760176399235,0.6182954332776928,0.1061302215723794,0.06655282238106731,0.03378545374854456,0.09510266620308695,0.3008358881800992,24.17856860966562,22.0,2
129715,6.117892928831929,0.0,131.35515303114576,0.9693795334875999,1.3808202212133387,0.036177528458350545,0.16643138894708484,0.0,0.0807099107755365,0.5107338658349185,22.11150346789803,35.0,2
19747,2.81870192439919,1.0,174.70533055876015,0.9984031852273931,1.1106714973128837,0.032054095044992494,0.017527096931831115,0.08676659780150073,0.07739805058592603,0.4123487785843696,30.210094161012677,35.0,2
13505,5.701060861471607,0.0,113.85559630985999,0.4807198931074894,1.6836409726368637,0.08386550447689363,0.003976213546291906,0.12165947486732004,0.104861145959801,0.47214306179705734,31.407512715808306,39.0,2
60329,3.873488880460096,0.0,129.26882785907378,1.5903688309600632,0.6147791006233524,0.053799353682425805,0.1680649782500538,0.0,0.1260085040040869,0.5062609762137036,27.59905620040322,63.0,4
2370,3.873488880460096,0.0,115.12361109698466,1.2710355796097998,1.0315616104748004,0.080004802065222,0.2985503789253701,0.0,0.10937167434329613,0.6789281817495515,24.701997069569412,83.0,5
155615,0.0,0.0,129.50087861537918,1.2024918523025487,1.329481015462743,0.04557037994341877,0.15637341109399755,0.045719184925385015,0.12901708090428082,0.24833490189782328,30.522984345245625,30.0,2
5586,4.359420279727952,0.0,87.07124278667939,1.9395939776160442,0.8153065731672732,0.061560513250857984,0.3190644659471356,0.12723460622343344,0.0807099107755365,0.3426056156966485,25.292497661693414,65.0,4
63678,0.0,1.0,116.85556239819265,0.19651715059525185,0.02443835467282168,0.04257727432062326,0.37405960254010995,0.1476185191077602,0.07344443758622808,0.02591366550981827,22.31069506197266,40.0,2
155636,0.872923795046736,0.0,121.65826382985729,0.8650682795653099,0.8749185103672998,0.11439662883263202,0.35373740916090357,0.007015460594253923,0.08268848505094586,0.12696004704742558,24.635749675751,21.0,2
119471,5.701060861471607,1.0,42.0616238199943,1.232038730877049,0.23397523815617677,0.11904425009705735,0.27711379178608764,0.0,0.11859386596217729,0.3398322134003418,25.68574126670743,31.0,2
18124,5.701060861471607,1.0,126.30743416522151,0.33773735110466063,0.26617686285745656,0.03557306247571486,0.3698297147628703,0.14153303278698842,0.12964737404116164,0.3453774353206826,16.499807348526218,24.0,2
15260,0.872923795046736,1.0,90.7278694590958,2.0174878286975386,0.7123149584016482,0.10831097267156785,0.017527096931831115,0.0,0.0846000186739813,0.3463010242500451,27.70691117251002,28.0,2
99173,0.872923795046736,1.0,162.63677743494696,0.7713755595229619,0.811393604128813,0.0469034800419901,0.15058911051770973,0.0,0.06448521017033985,0.509839587862524,23.867437166930074,40.0,2
153804,5.270402895934253,1.0,128.122831496353,0.8356733126244692,1.637853941661252,0.06969534196105091,0.1912034946595629,0.02110588240330083,0.10237756976806238,0.5428290888758212,26.80482045952468,29.0,2
140498,4.359420279727952,1.0,103.12559885254393,1.4305314995612604,1.1808620069999787,0.043549501022233275,0.0006553573962081299,0.13758299323655312,0.056472124411805366,0.5667764960218026,27.022850819475753,28.0,2
22581,6.117892928831929,1.0,85.36056059831947,1.886141037519727,1.0751944363573847,0.11145548955579519,0.1252878557882259,0.0,0.07066635954166857,0.4838398383414279,26.03287102747538,59.0,3
123288,0.872923795046736,1.0,96.71844017785025,1.2172165115891747,1.3029499461191854,0.09018667070769226,0.013808340475834706,2.0098456665771915e-05,0.051251070043230505,0.37300954001041753,29.78661518816792,27.0,2
67117,5.270402895934253,1.0,102.96925329021286,1.408017586653165,1.1808620069999787,0.05369657621946309,0.3462280736293302,6.459840577414479e-06,0.06869912804803781,0.3203737089709441,24.62132003953358,23.0,2
159315,4.359420279727952,0.0,68.76730734007837,1.2831687122254798,0.7328489612337938,0.04391055194231201,0.07733493833212815,0.0,0.09660065570186806,0.5169896259943355,26.764977320747967,23.0,2
7415,5.701060861471607,1.0,123.95551519431504,0.8067838170617007,1.716331415385084,0.03134499269087866,0.008880373055813805,0.0,0.1125876738958727,0.7324773129381172,27.155770638335607,67.0,4
249,3.3619271977508447,0.0,121.27648459767026,1.351039350458107,0.9445731428547706,0.047417825251390794,0.18173656703380087,0.0,0.07739805058592603,0.5125219727084062,23.485408731915133,66.0,4
25285,5.270402895934253,1.0,153.41583640573694,0.16115064642162136,0.24727534436532683,0.03414355059055638,0.37144007979037114,0.14817265375133779,0.10133787158252591,0.06151620510720674,19.7691979685473,48.0,3
133218,5.701060861471607,0.0,96.89721963281505,1.6598262815654952,0.7745995549638897,0.10212431892508796,0.12398442007630957,0.0009961907158109078,0.09195206939260495,0.3619753613456227,26.659802051794593,21.0,2
150452,5.701060861471607,1.0,121.40885418301876,0.7948945864056484,0.37161319540870286,0.03482762600454365,0.3373856175871146,0.09839630700281216,0.07610775407689287,0.2737217164713884,24.15242825251863,49.0,3
14547,0.872923795046736,1.0,148.40723579759438,1.6388100440527043,1.0729939993093416,0.04954523409962817,0.02223288089874668,0.061360570331055596,0.10807879371529658,0.6240060675375,24.26430414481417,51.0,3
7219,6.117892928831929,0.0,188.67833817218087,0.894973455755926,1.3734305307687875,0.040085503505564654,0.1857746293957585,0.09658827078456002,0.04620435854448919,0.45319275256535035,27.963915656989013,41.0,3
43317,2.234779091684268,0.0,67.916362642139,0.9177400165281233,0.5225970518766018,0.037503497957860635,0.17762069843415543,0.14759657025333267,0.07523239892816581,0.5967851052426851,27.072455070263246,24.0,2
83114,0.0,1.0,145.06793725927955,1.0632807525460788,0.5493582130984525,0.05581785744347516,0.22598348239194627,0.0009961907158109078,0.10696278729458521,0.4468605662115773,23.934550282545707,27.0,2
63801,0.872923795046736,1.0,117.40819108165527,1.13316055416276,1.6006068707433185,0.09060308225465417,0.08606729572137231,0.0,0.10807879371529658,0.4278171081723786,25.834323252998633,9.0,1
92258,4.824000686513771,1.0,151.22287899766664,1.6492989120715298,0.5783000164936618,0.059419306162587095,0.011788166338059581,9.999961796679951e-07,0.057895522580797866,0.7607840476203711,23.496725675373895,18.0,1
138189,0.872923795046736,1.0,35.802777993569265,0.25437647934640445,1.6432088154910538,0.10482157753073958,0.0009985074216367666,0.045719184925385015,0.11935085950785726,0.2596351508210209,30.9797576688063,11.0,1
27835,0.0,1.0,95.37608221472325,1.978314396768651,0.6271184303094184,0.11017367031918551,0.051809106786018515,5.4188779200800484e-05,0.1231911327681001,0.8068215443635162,24.344801451983358,13.0,1
12976,0.872923795046736,1.0,81.67121670886881,0.1389550166468829,1.5067245784156227,0.05776762020712451,0.0799678872523985,0.1488819281952906,0.13099723383694759,0.015967169889539345,25.809062292016346,43.0,3
53405,0.0,0.0,119.19146905698663,1.8975213518964196,1.0078998505255499,0.05476688216271569,0.08042998243179234,0.00031561887097371544,0.07523239892816581,0.35737047171995895,30.038454505164488,27.0,2
24341,0.0,0.0,135.99965881804025,1.0881650388686348,1.331905210558965,0.033937128823979576,0.1857746293957585,4.229931645338823e-06,0.1236889362795961,0.8254794341360275,30.99411299341196,27.0,2
135657,0.872923795046736,0.0,135.75420153628744,1.2923101708008011,0.6755598265644066,0.038157654766122096,0.3188440501384784,0.0,0.05873728712785969,0.5241301357294121,26.484672088328374,47.0,3
136600,1.5954046671017168,1.0,101.59194209707798,1.1360051413715428,0.9362622300425101,0.058717534870942424,0.20349305848707883,0.12239772377456234,0.059955501299521215,0.388599298650405,24.286021182220438,23.0,2
144972,0.0,1.0,146.39207932867845,1.443486624022477,1.4180472143719791,0.05581785744347516,0.055018869509493924,0.0,0.06627170617944157,0.8246325601771349,28.89691946493488,27.0,2
112725,5.701060861471607,0.0,92.34449708864881,0.5486362213143707,1.1421322571741443,0.04065389307740725,0.1997904096162951,0.09036896492578804,0.08716837634649345,0.602063981300623,23.865452985038594,5.0,1
70253,4.359420279727952,1.0,109.026709952553,1.3730416877687452,1.448164004953569,0.041777130381945686,0.03044115760233726,0.0010358803519226669,0.04678702573236353,0.18471915968581262,25.435848940867295,27.0,2
122227,3.3619271977508447,0.0,111.72055623455131,1.837289396713911,0.585186269256022,0.044982288551343556,0.22186018419829656,0.0,0.05198289530985515,0.5250220325545847,23.0447640642803,9.0,1
42846,2.81870192439919,0.0,127.43554046599426,1.274062926972884,0.9012871754952682,0.08058365006988354,0.14465841868461957,0.0,0.12488293093845737,0.36381610868103414,26.85247441773605,56.0,3
124119,0.872923795046736,0.0,114.39487647854948,1.8039074821054202,1.0642120665634267,0.06657208594270177,0.03870660185960439,0.0,0.12855115469138523,0.25775370012333004,20.652669564490502,19.0,1
2391,4.359420279727952,0.0,115.38517854712231,1.2201731395132756,0.7309728561567572,0.06616661355998277,0.25385506477255376,0.12651942629048368,0.09889625578485943,0.31201016143727445,23.435943443683758,73.0,4
109531,0.872923795046736,1.0,103.51631476846646,1.1077309178046657,0.4263253917583581,0.09612667909729579,0.3462280736293302,0.011468359494094787,0.09861591438912895,0.4269085074607398,19.07318082406912,27.0,2
100741,5.270402895934253,1.0,107.30325144035561,1.6318388174675127,0.7030562129490128,0.053799353682425805,0.23972090973170235,0.0,0.0682595902191365,0.8093691047507907,22.288588821503726,35.0,2
57975,6.117892928831929,0.0,117.41842143203154,2.0650979323486176,0.8409268716865445,0.10894991098191154,0.1200332692849557,0.0,0.1436226090080307,0.6789281817495515,27.28578989590784,38.0,2
122637,0.872923795046736,0.0,96.46596528297204,1.7454404380504511,1.0315616104748004,0.10621872520381574,0.25034175762720245,0.0,0.11874712021012017,0.7565036843130809,24.058812556981028,9.0,1
118841,2.234779091684268,1.0,127.97632116174795,0.9615409198141054,1.3464934343650294,0.030988040265888892,0.002450984996012557,0.14621819141652825,0.07207008747600625,0.2009461949148218,25.304214881627587,31.0,2
6727,0.872923795046736,0.0,115.93368204581894,1.2801294904916005,0.7612162633794276,0.029907481693841425,0.014861545300356743,1.3399931404381254e-06,0.11979409945598393,0.5906201054722333,22.61424304795165,20.0,1
46311,6.117892928831929,0.0,115.14412926111298,1.5698625629767227,1.3907019974812584,0.043549501022233275,0.00647662654978963,0.0019454065441986944,0.06612032024679311,0.1443692107658123,26.770615477954085,16.0,1
112362,0.872923795046736,1.0,114.65154870562151,0.47695336949724787,0.35534568477806994,0.026198033914667747,0.33832185948404825,0.0,0.11220324037571663,0.46853879156411365,22.947978766852835,31.0,2
111284,0.872923795046736,0.0,71.3552075160938,1.1388535531640749,0.9074185780413175,0.09692880978339921,0.029620722255763815,0.14593551265220295,0.07434469244013149,0.351838884233596,25.6926179523473,24.0,2
155117,4.359420279727952,1.0,98.22083047512072,0.8211656767816108,0.8231553808396798,0.07007114572550133,0.003976213546291906,0.11331559288024014,0.13742645275696636,0.2521047362767937,26.125495253463907,19.0,1
32958,3.873488880460096,0.0,101.20017502335105,1.563060875323366,1.486230640455675,0.046095246648766026,0.011884649306872191,0.05834617541533775,0.09999929605428569,0.3342806431153462,26.23797224211995,25.0,2
1322,3.873488880460096,1.0,91.00908479506279,0.7095829213622472,1.0510985468541778,0.03345331143459896,0.24159944956993276,0.12758300963765337,0.12654701746975344,0.3601339240615556,25.060528704827963,68.0,4
35119,4.824000686513771,1.0,104.6092021486371,1.5596663441426157,0.653863841431761,0.07821024105866159,0.3651023417513228,0.010552014101597989,0.07344443758622808,0.7915140840670115,26.353568089170455,29.0,2
27786,0.0,0.0,107.4897610370011,1.0144220302914997,1.5768808873604883,0.08438210118699253,0.07506966628277931,0.0,0.09355379050258464,0.6563254629183313,23.332915631491577,70.0,4
141651,0.872923795046736,0.0,155.28492019476911,1.2649927397327414,1.5795086777003646,0.05571858678347133,0.0011679572707077414,0.14857662675398156,0.10437726552568219,0.03355541476540181,24.181518739825915,25.0,2
139478,4.359420279727952,0.0,78.81956456599012,1.6144853188230401,0.5527359021169996,0.1189571189581599,0.232394038701296,0.0,0.07739805058592603,0.30735740567019904,22.1815582574019,3.0,1
123569,2.234779091684268,0.0,91.67713787952897,1.1274828423974343,0.24861454952704104,0.032054095044992494,0.354058506913551,0.14860433983858176,0.09479702346996888,0.25587148181996267,25.735602635247663,58.0,3
23734,6.117892928831929,0.0,141.44866936759226,0.5932984666691752,1.7742801479019172,0.044982288551343556,0.0,0.003939573289650818,0.12499849218571271,0.44142678332063784,27.20650644549367,10.0,1
142983,2.81870192439919,0.0,125.39073515989796,1.0144220302914997,1.2719135502914645,0.05581785744347516,0.13233770064580988,0.14790716125883133,0.07019179955184995,0.13373873230055272,28.351662589890793,7.0,1
114523,0.0,0.0,74.34494238416534,1.4827469254218961,0.5275795784089966,0.04336825574793549,0.3504682971490409,1.9499854734574127e-06,0.11081886050973534,0.6641594742783927,27.304163301950602,19.0,1
151764,6.117892928831929,0.0,118.62981896294191,1.1021217240069057,1.550718696885937,0.04557037994341877,0.07530484433310232,0.0,0.1456544565061188,0.6371305844385486,24.70518167187702,46.0,3
21243,3.3619271977508447,0.0,100.29567051540283,1.2892590495900826,0.6288885490015691,0.11333843021810176,0.18527405936558464,0.0,0.10604378231919075,0.37759984787925627,21.980683358070337,44.0,3
74128,0.872923795046736,0.0,94.24219233825468,1.6598262815654952,0.9508267515704789,0.10723265730154023,0.05744538240976139,0.01941222798933369,0.11334218617191304,0.10266119714760535,22.05684670882075,2.0,1
7556,5.270402895934253,1.0,119.70173159065892,1.3952422166886544,0.8528606142967284,0.11272574519214026,0.11803442510194988,0.0,0.12654701746975344,0.5976652639695638,22.949288508641555,58.0,3
93278,4.824000686513771,0.0,128.5117254022199,1.3045544042799484,1.2271707574696977,0.055119335881662256,0.20072249983297194,0.0,0.1125876738958727,0.7255949080509491,29.812205743978517,36.0,2
100550,5.701060861471607,0.0,113.78366471403649,1.5427567021324977,0.8016444925314857,0.10941971488836727,0.2562708352527543,0.0,0.08716837634649345,0.5223458982041329,27.252126582832556,25.0,2
66469,0.872923795046736,0.0,116.55862605478453,1.0278728688856018,1.5847705774637866,0.059651224241981105,0.07135967865258865,0.0,0.09195206939260495,0.5543724183688273,27.418871338429465,54.0,3
159007,0.0,1.0,115.29799883033297,1.4926549618789116,0.7460343185053053,0.05009339799691467,0.31526264655559255,0.0,0.08268848505094586,0.6205010638904588,24.924940626955845,1.0,1
98030,4.359420279727952,0.0,115.98492506499979,1.1617788655968144,0.7012100698643479,0.02785087616681932,0.10918885741547443,0.00016090102092225608,0.10604378231919075,0.39774701348203345,26.78123399851904,13.0,1
124227,3.3619271977508447,0.0,93.96237676534122,0.5190624428324827,0.13113598796462372,0.0431865287142909,0.37183808953849257,0.11709011191129547,0.0642263303982092,0.16939184884033198,23.600983708108362,10.0,1
152799,4.359420279727952,1.0,97.66438583571123,1.3354442055656686,1.1286011489630472,0.08463728846781318,0.024374542771290923,5.758732739424092e-05,0.08858182813778119,0.39957455327271907,23.208211368025598,26.0,2
134447,5.270402895934253,0.0,153.75546423344858,1.1218203956730715,0.16625007804218347,0.032756846992377936,0.3252877160088613,0.0,0.061046331132959944,0.31386999284176065,24.904979302223634,30.0,2
60894,4.359420279727952,1.0,105.88737114945829,2.093175597478864,1.2482734227611447,0.0711798012622476,0.1680649782500538,0.0010160370485694855,0.07207008747600625,0.2332244270349452,27.022459988843995,61.0,4
10873,0.872923795046736,1.0,120.99131060016705,1.9204027589315948,0.811393604128813,0.07971180677246352,0.22393328775948465,0.0,0.09510266620308695,0.3287226888922308,25.962385521159096,63.0,4
32780,4.359420279727952,1.0,81.84358406878322,0.9641501397610845,0.41550924816995743,0.03134499269087866,0.3364413409667387,0.003939573289650818,0.09195206939260495,0.4423328122524797,27.904181662128778,22.0,2
105478,4.359420279727952,0.0,167.42077726257992,0.5687461083073212,0.2757512611176079,0.03134499269087866,0.2995792592214203,0.10546764829004864,0.09417957066797655,0.055604357335072484,24.23233517170545,5.0,1
18121,2.81870192439919,1.0,80.47938172801594,0.8020177118754851,0.9424924981597133,0.10967804756223998,0.10570515998144205,0.0,0.11566792219410234,0.5756194484892455,29.01225261095741,70.0,4
128554,0.0,1.0,122.12125923288919,0.17725810872680675,0.010583710666101432,0.03296644366899756,0.3753400103877654,0.14866510521289292,0.05484699175740777,0.05067119003167404,19.74554791867281,4.0,1
110386,5.270402895934253,0.0,118.52255164393405,0.7574292631964193,0.9633865604732803,0.0340748050535792,0.35966488890428205,0.0001459186015528448,0.06995325756968657,0.3250138217148678,30.75493411381196,21.0,2
250,0.872923795046736,1.0,144.750282939377,1.9319040049871248,0.5375933159347819,0.11029334661670147,0.155228029851228,0.0,0.07824336696718033,0.2671533079347595,27.594176064641218,68.0,4
22530,5.701060861471607,0.0,67.44050099447026,1.867263047261125,0.6253501522484253,0.06969534196105091,0.0610894215720826,0.00034255099378855053,0.09833371298734968,0.329649459445562,28.935108638328895,6.0,1
86563,0.0,1.0,95.72377330686304,1.580096699910016,0.7822887621101576,0.09858915255184081,0.2911238442445418,0.0,0.10339044157515012,0.5205610680472806,24.72622075555491,5.0,1
116899,0.872923795046736,0.0,139.14993692094333,1.2024918523025487,0.6993657939488159,0.03684347528477961,0.28299581488152875,0.0,0.07160547706998972,0.29337171326094935,23.718882114926902,57.0,3
4978,0.0,1.0,114.75419457743314,1.4695941574011762,0.7919429048882065,0.03597658040809012,0.3184020243569555,0.0,0.07989911657905567,0.6414987105437209,24.173651185145474,76.0,4
10682,2.81870192439919,1.0,70.85520169096628,1.0224814030232345,1.2435697576993787,0.04673112473458526,0.22434514853910228,0.040287340300327955,0.07019179955184995,0.5641208390442669,26.35966345077322,50.0,3
35671,5.701060861471607,0.0,72.03024943782971,1.698757269387999,0.7141723179935984,0.1036956043327662,0.005946621798604477,0.0,0.0807099107755365,0.2680922205501752,27.715107199098277,17.0,1
265,4.359420279727952,0.0,116.71222731234442,1.3261352750235784,1.5041555271287885,0.036177528458350545,0.028706613028225754,0.0,0.09417957066797655,0.5276968367130614,23.672739408993284,66.0,4
121742,5.701060861471607,1.0,109.14043436322646,1.2710355796097998,0.45137224364169387,0.04673112473458526,0.22393328775948465,0.0,0.10915962010817792,0.870201275136677,27.791864735756175,33.0,2
129894,5.701060861471607,0.0,109.07323562389682,1.4208581649724286,0.6288885490015691,0.10999102442631178,0.2489155364887245,0.0,0.0642263303982092,0.5107338658349185,28.31041357351009,1.0,1
8150,3.3619271977508447,1.0,101.20017502335105,1.4048176378816764,1.3077553750603137,0.08731300249953422,0.009852506517610308,0.13665036742839254,0.10979175009966557,0.5437179067418695,27.046033219144846,42.0,3
37694,4.824000686513771,1.0,117.35703741646046,1.6006790321669766,0.8528606142967284,0.0461533086282955,0.1696866721569423,0.0009961907158109078,0.04939316370457285,0.7040358811081453,27.751457146275083,21.0,2
50635,2.81870192439919,0.0,147.86298784228796,1.258965687733321,0.22345519235096362,0.02770197444137078,0.359057790365652,2.909676523601368e-05,0.08111111514562246,0.2755967034714958,25.961180655242188,52.0,3
79229,5.701060861471607,1.0,108.57681522163936,1.3354442055656686,0.7822887621101576,0.05431056943270107,0.2292169810837569,0.0,0.07948948280021469,0.853362300811493,31.037270128950574,59.0,3
23825,2.234779091684268,0.0,123.51890018453385,1.3604447167824396,1.4080745642651042,0.0397040421163237,0.10500286109376333,0.0,0.0994514137349725,0.7074906062297831,21.56274424618061,22.0,2
95027,5.270402895934253,1.0,126.50989089696779,1.3323372212749316,1.042395729804522,0.1110323446790209,0.17129658598427597,0.0,0.13599807026133018,0.3647362240112409,24.966755463598066,34.0,2
159626,0.0,1.0,67.26885262324572,1.3292342453589678,0.9424924981597133,0.05276348676969412,0.32959850987983824,0.0,0.07610775407689287,0.832250298026632,27.974986805358608,49.0,3
116742,4.359420279727952,1.0,88.21258740159925,2.0332846826395863,0.6901723993940194,0.11035256799638082,0.22144278435145062,0.0,0.09540627374586548,0.553485336862008,22.455578923535462,43.0,3
103226,0.872923795046736,0.0,114.34866673373313,1.962772026906056,0.9950936437439697,0.10706965946680329,0.18527405936558464,0.0,0.1005400101632899,0.33798239709523725,25.154748618071586,49.0,3
55967,0.0,1.0,87.81815637348491,0.5891743712319182,0.3865840447244628,0.029178943760520885,0.2172170175632873,0.12210505599154542,0.1005400101632899,0.21331526928243794,29.371774316448676,2.0,1
49314,5.270402895934253,0.0,132.7685300831437,1.7346023120600809,0.9802422468499067,0.0614711458158501,0.08150525731732736,0.0,0.11781335401820275,0.5605779646133879,23.52636150229166,17.0,1
34141,6.117892928831929,1.0,109.42467133193145,1.6423020601527738,0.7977581590258924,0.09460267036318325,0.005100782391414752,2.899678742910683e-05,0.1085152749541968,0.4159926286676566,23.76396932044476,6.0,1
63896,5.701060861471607,0.0,135.35833030586645,1.2831687122254798,1.393177598252768,0.03240626087208351,0.1597757214669062,0.1474022818262871,0.06082941978259933,0.03732124774273112,26.502761733636166,38.0,2
38852,1.5954046671017168,1.0,71.18493197453851,1.713043318578456,0.74981849672868,0.10501676070355577,0.11398938173084487,0.005558738254789952,0.07654086052747315,0.4694400923118106,26.111095779929727,9.0,1
72047,2.234779091684268,0.0,100.99637054752286,1.1474217637968984,1.0143294574313837,0.11081194339916868,0.003976213546291906,0.0,0.1173334149753333,0.3444536710269561,27.444016825055513,33.0,2
134985,0.0,1.0,96.06075621248785,2.266422398777513,1.020776755417497,0.10501676070355577,0.2312091724753965,0.0,0.07298954199416931,0.643245026323755,26.2202905142856,27.0,2
95633,4.824000686513771,1.0,140.6165626519675,0.7299054380798758,0.8608547809331345,0.10326311031119288,0.16914742208479003,0.0,0.10437726552568219,0.553485336862008,32.18564680592137,58.0,3
62666,0.872923795046736,1.0,105.3005201363781,1.6423020601527738,1.7054004852858022,0.08889717616409516,0.2616620044246371,0.0,0.12567774876200102,0.6884644671359176,22.016767044582373,42.0,3
86751,1.5954046671017168,1.0,82.32809051584256,0.9693795334875999,0.7631224941741739,0.038157654766122096,0.33757350581436935,0.0,0.10437726552568219,0.7161185947953245,25.664968784249844,57.0,3
47119,3.3619271977508447,0.0,98.425446745038,1.3168623695632067,0.9094662464472685,0.10980454318077999,0.21678920175813712,0.0001599022463759289,0.08858182813778119,0.4105258689230816,28.5628162244292,4.0,1
148228,1.5954046671017168,0.0,102.36961378564952,1.6633439737814455,1.0143294574313837,0.0858828442467042,0.18376520063227575,0.006674222847987433,0.06297072826400497,0.5950243716781197,25.704885014514733,36.0,2
134260,0.872923795046736,0.0,172.85326183184225,1.4499888131526906,1.4456428644832313,0.030629476337651843,0.20847417397657522,0.0,0.10339044157515012,0.7872552495643941,23.529939003288476,14.0,1
1987,0.872923795046736,0.0,110.87006728464455,1.837289396713911,1.2412209663588705,0.08253683745040954,0.34862413654409774,0.0,0.07523239892816581,0.5285881430572061,23.90426603170064,23.0,2
35749,6.117892928831929,0.0,106.05866464606451,1.2409790360109807,0.23794773678388204,0.11948655491250224,0.1941059981153935,0.0,0.0929195560165614,0.3110799737441455,26.37079163917462,10.0,1
6496,0.872923795046736,1.0,83.02721731210168,1.3604447167824396,1.03805616547117,0.09018667070769226,0.08757148586722448,0.0395858627494188,0.09570786137811908,0.6441179843263861,26.209251944718464,54.0,3
16679,1.5954046671017168,1.0,143.79175033561492,1.1820405678953774,0.6975233845593646,0.032756846992377936,0.21764387222561646,0.0,0.08497450704940865,0.5756194484892455,25.21856703828044,46.0,3
152627,0.0,0.0,78.10979193046678,1.4761622725906902,0.7178926528129836,0.11562174646509024,0.2016502871049115,0.0,0.07253143383276514,0.4214534979133966,23.280926200252292,5.0,1
115755,0.0,1.0,62.06710623404895,0.4675905146382711,0.5259169346537883,0.03345331143459896,0.2694224671709391,0.14757443468811024,0.09540627374586548,0.33890739350112375,29.04512967539024,33.0,2
30874,0.0,1.0,49.18301470389684,1.246958858166756,0.48009200488394477,0.0431865287142909,0.2797896221963635,0.14336935305258075,0.07824336696718033,0.43417279113429047,27.971296754771984,36.0,2
10917,2.81870192439919,1.0,104.97313483073724,1.071541642188199,1.2838098666500841,0.04673112473458526,0.07056408099918726,0.0,0.10627575941954966,0.4050531875874435,26.809012129458274,69.0,4
64523,6.117892928831929,0.0,144.17924650142373,1.1445618616011808,1.2201729728079924,0.08115311709967152,0.1796884828622201,0.0,0.12464975206108977,0.4232724839940975,21.19875676123326,45.0,3
84092,6.117892928831929,0.0,151.2820744934723,1.4208581649724286,1.2981526855390904,0.03177121969776521,0.21934173687650124,0.0,0.08030591854684666,0.23984141670888795,21.71474224505284,27.0,2
71870,3.873488880460096,1.0,152.67221622776805,0.9719997127794917,1.645889431984084,0.05276348676969412,0.1285171062526024,0.0,0.10650624542551308,0.5410510166898501,26.368539763526393,25.0,2
22744,3.873488880460096,1.0,44.63111021491237,1.3076254137645986,1.0532791897548954,0.03802728989697946,0.367913156695341,0.14886448617601628,0.07523239892816581,0.659808559089989,20.32557948790438,4.0,1
71221,4.359420279727952,1.0,86.86301153073802,1.3045544042799484,0.8548562783934225,0.05369657621946309,0.16860685887279303,0.0,0.0846000186739813,0.6134845293745955,21.225453056421618,34.0,2
116878,1.5954046671017168,1.0,145.8913893347216,0.6851139901853912,1.6863534561629305,0.09929914618218678,0.04302042519222398,0.14848343783585247,0.1005400101632899,0.2821532349715344,26.531397504283735,23.0,2
110589,2.81870192439919,0.0,89.00069680450275,1.962772026906056,0.6147791006233524,0.08253683745040954,0.1304347681620652,0.0,0.06727271957900667,0.48114289466383386,28.478558521507182,7.0,1
15409,3.873488880460096,1.0,113.90183461774711,1.789185585833376,1.1969783179741296,0.10089770454746333,0.11194284909103239,4.099935782126631e-06,0.05467090247378054,0.6988499935977971,30.649868969205354,32.0,2
1841,6.117892928831929,1.0,172.2820776297335,1.5259518253987494,1.7135954813782412,0.10315298150069982,0.20303395783663156,0.0,0.1005400101632899,0.6893306308342276,23.895062410983826,14.0,1
115115,2.81870192439919,1.0,82.57019132674135,1.9939292486457882,0.9550055590897916,0.0814343853848159,0.2797896221963635,0.0,0.07019179955184995,0.654583124696766,19.926865984312922,33.0,2
526,0.872923795046736,1.0,123.80323267296758,1.4926549618789116,1.4785798387800124,0.09661164643050027,0.010821767172170031,0.0,0.12675805909983276,0.6685071173338719,28.00411382457843,48.0,3
20404,3.3619271977508447,1.0,131.5011180031111,0.9511404885049599,0.46885477553086813,0.028885681770251494,0.28809482449267676,0.0,0.08229821707572699,0.27653391437213615,26.22946475274723,54.0,3
132460,5.270402895934253,0.0,153.62750117325513,0.9589353474702558,0.7012100698643479,0.07759212050764247,0.25280882888740774,0.1459900800986709,0.06776790858233991,0.3203737089709441,28.640769616510212,27.0,2
57028,0.0,1.0,119.51297079759402,1.7094653201885666,0.8448971249366763,0.1080137256563241,0.12787458610078709,0.0,0.08823206529773955,0.4232724839940975,26.633497000249886,65.0,4
45322,6.117892928831929,0.0,173.00811252802973,0.6480902820411296,0.9612883852905215,0.07881827414418355,0.21849470962927253,0.016823724306544618,0.12665284588910405,0.329649459445562,22.36656264574341,46.0,3
125545,3.873488880460096,1.0,119.46704956143837,1.2024918523025487,0.7067541031969141,0.10558557925566092,0.09350737751597628,0.0,0.12417503957929378,0.6003049092046717,20.170153259395885,11.0,1
82193,6.117892928831929,0.0,112.95598253200761,1.3952422166886544,1.236529463082332,0.04673112473458526,0.2319999480755242,0.0,0.11239606234866689,0.7376339196406687,23.43895638711305,40.0,2
129395,2.81870192439919,0.0,94.51661317287396,1.0144220302914997,1.6112066071270141,0.06657208594270177,0.0421449613639152,0.12311438068917709,0.12229085868403589,0.25398849438243537,29.30957820354176,59.0,3
73900,3.873488880460096,1.0,116.70198812859276,1.0197912380668752,1.6351796831827423,0.05824462509301763,0.05585783783563089,0.0,0.09386772939038489,0.5800356203400376,27.030015365761777,45.0,3
66535,4.824000686513771,0.0,61.64117107063028,1.2680121847925503,0.6610661750968433,0.11150678063934065,0.2889273505092688,0.003939573289650818,0.13115754517295558,0.6754565700006173,26.46895236278732,35.0,2
84915,0.872923795046736,1.0,55.55847198104157,1.789185585833376,0.5426245627788366,0.11571712821303874,0.051639214901532914,0.0,0.09570786137811908,0.5169896259943355,28.524538343910223,6.0,1
91862,6.117892928831929,0.0,85.9972863417235,1.6809968297595563,0.6901723993940194,0.11510712233699172,0.13672143769829853,0.0,0.07479010183432175,0.20665925415005007,21.52068194717019,49.0,3
158877,4.359420279727952,1.0,147.81349652832532,0.8849480810453934,0.6218191154126793,0.02770197444137078,0.359209927422876,0.005864813330088342,0.10581030322960991,0.6266333978237972,21.999254203450786,24.0,2
29159,3.3619271977508447,0.0,114.02512365172902,0.8849480810453934,1.1106714973128837,0.08845352666152759,0.18426934876289744,0.0,0.0807099107755365,0.6832647885223685,26.52295411776657,16.0,1
29096,3.3619271977508447,0.0,91.5499433660154,0.35435041645980364,0.02288517425301062,0.0311310141664868,0.37483015478170034,0.14826535491985524,0.07479010183432175,0.12696004704742558,28.567959103765116,46.0,3
25852,1.5954046671017168,1.0,122.039871675104,1.4827469254218961,1.2482734227611447,0.0756753591574628,0.27067931385650346,0.0,0.11161742520075171,0.33890739350112375,28.05913164215726,18.0,1
118892,6.117892928831929,0.0,141.4287468817202,1.0414166221981487,1.3734305307687875,0.028369916082223195,0.02148457651345776,0.0,0.07344443758622808,0.6875981751909847,25.697201715430086,1.0,1
81515,6.117892928831929,0.0,103.31837842185033,2.0372453139730755,0.9466557329092349,0.11297815609525026,0.00031385270354663533,2.6197377818066512e-05,0.10510074374136276,0.4050531875874435,28.19021689877834,8.0,1
41559,4.824000686513771,1.0,79.83117913045372,0.7051038664063272,0.9675887642154379,0.04438898378389238,0.08341518447987438,0.0,0.12417503957929378,0.3287226888922308,21.70431903733869,19.0,1
49957,3.3619271977508447,0.0,127.61752198329891,1.3952422166886544,0.9675887642154379,0.0916158468366306,0.18071497178150703,0.09502637586531855,0.0834609979772711,0.6658989234852036,22.009583421610905,10.0,1
38010,3.873488880460096,0.0,115.42620103573921,1.2054289960576283,1.558545279477859,0.038157654766122096,0.03144101174407487,0.0,0.09999929605428569,0.7290371027083983,25.792391615384975,62.0,4
101770,0.872923795046736,0.0,93.576775519087,0.7574292631964193,1.2271707574696977,0.03414355059055638,9.378685181503592e-05,0.00041533967228489234,0.1368618113699408,0.07684682968636188,29.807941696092218,5.0,1
114532,5.701060861471607,1.0,124.56437795317017,0.9000075885026969,0.8911068094754843,0.025435779189136993,0.22516613192824542,0.0,0.10133787158252591,0.36381610868103414,24.379045646262753,35.0,2
97743,0.0,0.0,101.34646003023437,1.4305314995612604,1.3101611541437503,0.0814343853848159,0.07561811287312295,0.0,0.08534643612555834,0.24739195922341117,26.77559736296891,32.0,2
49170,6.117892928831929,0.0,115.28774177325977,1.1733338226503915,1.6191785944337034,0.06816008079340606,0.030532185089493704,0.0,0.08030591854684666,0.6414987105437209,29.05889326372334,58.0,3
79057,0.872923795046736,1.0,116.79413615732028,1.7708819284359916,0.8668705620052803,0.07296675335244636,0.11398938173084487,0.0,0.10186112363500793,0.34999362956189706,26.67610231910679,10.0,1
53690,0.872923795046736,1.0,49.680531723983684,1.1105412085910351,0.26890397549880163,0.054817363853910714,0.2824180459292544,0.12651942629048368,0.13439240208889255,0.43689424042349,25.57378558175991,37.0,2
100921,1.5954046671017168,1.0,167.67355421242462,0.5809646880805877,0.6218191154126793,0.032054095044992494,0.26396506912166884,0.08211180117589235,0.13773979706821,0.24739195922341117,24.08389469718749,6.0,1
98650,1.5954046671017168,0.0,144.5516982538067,0.7436060858271775,0.7328489612337938,0.03373015066982788,0.0021927874172266238,0.1483852528753606,0.07207008747600625,0.09758926824961449,19.366010792133306,36.0,2
2167,6.117892928831929,1.0,92.00031073117684,1.1907821343351075,1.6782223903772442,0.058670427061573556,0.10217491408483344,0.14881091808359515,0.12306481658547469,0.10363586022119907,31.4673046822544,16.0,1
77020,4.824000686513771,1.0,62.257521857562274,0.43813908429016785,0.8074882515588501,0.03226558454660768,0.24747716982900486,0.14879263879272445,0.10107366171887236,0.19522579199641732,25.055729124593405,19.0,1
151264,0.872923795046736,0.0,71.92054797190626,1.357305564867754,0.6342099553792683,0.03134499269087866,0.029620722255763815,0.13838919738801395,0.07253143383276514,0.4595172001147029,25.292225124410486,28.0,2
41367,0.872923795046736,1.0,134.48582533222947,1.8112948160060567,0.9424924981597133,0.09929914618218678,0.08981251686689971,0.1354989830225169,0.07207008747600625,0.6231300200369565,22.463256898769803,1.0,1
36523,4.359420279727952,0.0,143.0262536958315,0.6162115293567928,0.5476720855465492,0.04052797693875132,0.2900298579758404,0.0,0.05443551858350137,0.39957455327271907,31.171930691657966,31.0,2
99058,3.873488880460096,1.0,65.08732914507881,0.4564555043992068,0.054067609070847594,0.04379041442699696,0.3735420189563072,0.1428644082882285,0.07782218133052284,0.15786092743258234,24.30534530445552,40.0,2
4065,0.0,0.0,139.39452778418658,0.1598248836232207,0.3956501443205973,0.030629476337651843,0.3273603516800775,0.14736650942860754,0.09195206939260495,0.14050664092053686,20.57948315085972,18.0,1
133299,5.270402895934253,1.0,128.98625074348627,0.6120164099140819,0.5765830106954144,0.10258997345819416,0.33832185948404825,0.13805093376783517,0.11935085950785726,0.23889672081580507,22.523290957344074,45.0,3
67323,4.359420279727952,1.0,103.91723068481316,1.1704392993079824,1.1376138905461024,0.11289513551182562,0.18677221769714705,0.0,0.08190524688566762,0.4658339547302879,22.403706319485792,35.0,2
61327,4.824000686513771,1.0,107.075232312509,1.3920585419964056,1.4380918973981762,0.03310586124704776,0.020734519519788434,4.449243589816337e-05,0.07207008747600625,0.34168132433451065,26.627970693679362,60.0,3
113514,0.0,1.0,147.51649872163406,0.5995087379969654,0.3465606792872782,0.032756846992377936,0.3626433241814785,0.0009961907158109078,0.14441262356289378,0.2530467117592156,27.955769454433216,40.0,2
152721,5.270402895934253,0.0,105.42520007169733,1.7094653201885666,0.6520678855900447,0.08412484604572,0.21463560404457743,0.0,0.08111111514562246,0.3277957400099712,22.977944697487217,11.0,1
139341,2.81870192439919,0.0,102.07221523832615,0.9330796361672831,1.2155178905375075,0.09579709610988524,0.04916493445041518,0.0008224060011343983,0.10915962010817792,0.22754504202061962,29.794415809076536,40.0,2
30381,1.5954046671017168,0.0,109.06806624498678,0.9459621033695175,0.6235837141668364,0.10838398143894828,0.2737772756346401,0.0,0.07523239892816581,0.47124222729765775,18.50946009444592,10.0,1
79042,4.359420279727952,0.0,55.85994244983369,0.326277715311746,0.1252189380955101,0.036177528458350545,0.3273603516800775,0.14823212672171301,0.07066635954166857,0.060531497258383915,22.885926594525248,55.0,3
124776,5.270402895934253,0.0,119.29865007555173,0.5386998252594657,1.2271707574696977,0.046327188014090345,0.016577632105374596,0.0,0.11315533132292098,0.5107338658349185,27.594047632070183,31.0,2
58628,0.0,1.0,64.05681942565103,2.093175597478864,0.8850217453836101,0.11537254932925099,0.02843186267997368,0.0,0.07654086052747315,0.41325998704410216,25.169927386951567,2.0,1
61645,0.0,1.0,114.38974219432252,0.13639129550459467,0.07831411754977495,0.035235138009384284,0.34126489173914065,0.1480023296960682,0.0652563208801996,0.03305964455166364,19.37774743025655,48.0,3
32325,6.117892928831929,1.0,52.215159627415,1.8298402910541283,1.5847705774637866,0.10838398143894828,0.18122637916738668,1.0099961030423567e-06,0.07434469244013149,0.551710741535826,28.815075990423054,28.0,2
138433,4.359420279727952,1.0,98.66146699224207,1.4794525303974508,1.6836409726368637,0.04300431850321821,0.009949561672197385,0.14561186040409155,0.12665284588910405,0.686731754906846,26.637575440481793,23.0,2
156484,6.117892928831929,1.0,137.10093207250316,1.2172165115891747,1.2016011071995636,0.06235797169475681,0.2011869296779366,0.0,0.12356559458620506,0.5107338658349185,27.244354102596326,20.0,1
111743,5.701060861471607,1.0,151.70128094791585,0.7901631590571356,0.9760166024735442,0.037503497957860635,0.14764237027396704,0.1448137076338285,0.12121460761967925,0.16266919995123785,26.154944047986845,38.0,2
6462,0.0,1.0,56.4508397002815,1.8075989478811065,0.6112701122260614,0.06378849202968817,0.33832185948404825,3.399558421109926e-05,0.08150955334797905,0.531261178626178,27.285142791372994,54.0,3
149704,3.873488880460096,0.0,120.60923035571494,1.1937037408317457,0.8211903186456566,0.04730387785758131,0.3141219439720771,0.14795523970981728,0.07207008747600625,0.3008358881800992,22.603218308266296,25.0,2
61243,0.0,1.0,114.04053344004527,1.3920585419964056,0.6413309722210081,0.08954958276534362,0.16643138894708484,0.0,0.09660065570186806,0.304563566592905,20.564762332247703,5.0,1
38017,0.872923795046736,0.0,129.66731313216383,0.6675719032394865,0.7347269443802338,0.046037133494003575,0.01781139304250407,0.0,0.11532226495594795,0.3748461739260816,22.27508044129952,30.0,2
24551,5.701060861471607,0.0,133.53216280370384,1.7818509781400034,1.2861952396200695,0.0689341804959577,0.19362507690967473,0.0,0.07389614600927014,0.7419277041759904,26.894320511739824,69.0,4
22301,2.81870192439919,0.0,75.64823168258977,1.3920585419964056,0.7479254660277699,0.07400365818851558,0.2438272032254007,0.04098372227098399,0.0878799146864748,0.5205610680472806,25.54591385698934,35.0,2
82694,5.270402895934253,1.0,108.13182962755324,1.489348138354589,1.2695403925683402,0.04071676728200563,0.014670307255570792,0.13625593905587383,0.038053544031178284,0.7940679687734105,26.76655084126809,27.0,2
65252,6.117892928831929,0.0,73.3338863538939,1.6774576631672329,0.8231553808396798,0.030844808525263702,0.2911238442445418,0.09036896492578804,0.07160547706998972,0.5035754392914052,25.130258055644113,46.0,3
10463,5.270402895934253,0.0,136.55045449720566,0.44909275400574167,0.593835151024814,0.06776810307407538,0.2370566471492302,0.12859288017807205,0.07066635954166857,0.43961424622178924,17.126716399555146,19.0,1
117064,4.824000686513771,1.0,105.13944398556879,1.9127577036644625,0.9053728438287705,0.09943794886500139,0.05585783783563089,0.0,0.07207008747600625,0.3277957400099712,26.72351859773455,53.0,3
120130,2.81870192439919,1.0,109.58999699067374,1.0117429819484791,0.8153065731672732,0.03684347528477961,0.03505015914588083,0.0,0.07989911657905567,0.7031718835524514,23.850284483862026,34.0,2
133831,4.359420279727952,1.0,53.0122299087192,1.5903688309600632,0.8231553808396798,0.09754875144648864,0.35580609640493494,0.0013529616328733184,0.07654086052747315,0.039895818298304,20.34199363195482,21.0,2
41595,3.3619271977508447,0.0,99.84559915544959,2.279114124535793,1.0294007007666441,0.10270424619248793,0.2521076621480948,0.0,0.0878799146864748,0.7100803242379972,24.190508112164558,5.0,1
158147,6.117892928831929,0.0,148.26872713998577,1.433764130961678,0.9445731428547706,0.03550559855419764,0.08906753062547003,0.0009961907158109078,0.05306868496164823,0.47664490956611383,27.021417755008553,16.0,1
57291,0.872923795046736,0.0,85.74053693585043,1.3920585419964056,1.095087666887929,0.034280856815077226,0.004657329262094109,1.6399897251001977e-06,0.07907699494507488,0.4649320304843778,26.512529290811962,51.0,3
101173,6.117892928831929,1.0,134.395519989928,0.8650682795653099,1.5637735081033628,0.040085503505564654,0.02409600998560086,0.0,0.09386772939038489,0.7633508144214861,29.46557533517661,44.0,3
40793,5.270402895934253,0.0,107.29288843803184,1.2680121847925503,0.8668705620052803,0.10639383282620979,0.32124695739334475,0.0,0.100270542490563,0.648480779421834,27.403776500366718,70.0,4
92983,6.117892928831929,1.0,159.10162921389716,1.586940561014816,1.79660463980821,0.030629476337651843,0.0686456261630132,0.14814663838183756,0.10413295990069908,0.686731754906846,25.299582932205205,35.0,2
54177,1.5954046671017168,1.0,117.46957127137979,1.1246497122921346,0.9675887642154379,0.1104113823661705,0.19744118313193104,0.0,0.08497450704940865,0.3821859095722139,27.479709341239083,17.0,1
106874,6.117892928831929,0.0,125.68965371984197,1.0251752790418884,1.4557398888377278,0.03345331143459896,0.079196038339907,0.0,0.11617843095528736,0.7109433115136713,28.304481442845344,30.0,2
90756,4.359420279727952,1.0,118.84941828971083,1.3168623695632067,1.0294007007666441,0.05546965621292928,0.12267420854969888,0.0,0.13050531086363082,0.34999362956189706,21.72319919243306,51.0,3
10611,4.359420279727952,0.0,155.7762470243905,1.3292342453589678,0.7104594698327914,0.08636722143496323,0.15407694726749513,0.0,0.09417957066797655,0.529479302078413,25.27791411910012,49.0,3
127528,4.359420279727952,1.0,100.79250730802913,1.274062926972884,1.4557398888377278,0.05202756942412839,0.00046367842493128994,0.14774638962373376,0.08422295110813957,0.4856370331868439,26.50751382396314,32.0,2
119166,0.0,1.0,153.98182302159506,0.5687461083073212,1.3611555555156263,0.04557037994341877,0.03861793216455963,0.0,0.09747580878089683,0.2737217164713884,30.831428849438563,16.0,1
21398,5.270402895934253,0.0,152.28296303851738,1.0909488099104507,0.9950936437439697,0.07400365818851558,0.21463560404457743,0.020262220644609228,0.06050287974072933,0.43144989461358074,25.955691340913294,37.0,2
80143,4.824000686513771,0.0,130.3478636526828,1.5427567021324977,0.6324343108852805,0.08822904207283068,0.314807612848614,0.0,0.06990544778366203,0.3407568569568942,33.306628894080646,34.0,2
15349,5.270402895934253,0.0,103.60484772822336,1.7166256457400175,1.2766659695073987,0.05181565204652488,0.1071041786982304,0.0,0.08190524688566762,0.7821407418654969,27.026758914130163,33.0,2
28201,5.701060861471607,0.0,112.01414612429954,1.0063959825440436,0.6271184303094184,0.06559314306306437,0.051809106786018515,0.022774425824096823,0.1225519383900256,0.11531412862393906,32.394392669852046,39.0,2
69683,1.5954046671017168,1.0,115.44158393127928,0.8020177118754851,0.6883393129818888,0.03162939973567415,0.21593067514693054,1.769880321142231e-05,0.11081886050973534,0.35829179556682933,21.731201054510585,43.0,3
144710,0.872923795046736,1.0,97.8639179150904,1.6388100440527043,0.6060203886768876,0.10139935755464843,0.2300164851229946,1.3199334383009653e-05,0.0909648244230264,0.47124222729765775,28.559930917583205,3.0,1
60266,4.359420279727952,1.0,128.51677486306718,1.0037280259604542,1.6112066071270141,0.05431056943270107,0.03594595641034841,0.0,0.11684452751132064,0.5125219727084062,23.6202566421516,44.0,3
62874,0.872923795046736,1.0,75.74081201326067,2.053133596177965,0.7460343185053053,0.11385807947341539,0.007309173490924073,0.0,0.03819542292774373,0.5826836339638324,29.0607528662076,49.0,3
11520,0.0,1.0,83.48388509120518,1.1246497122921346,0.48817207662737105,0.07941640169894552,0.33757350581436935,0.0,0.08716837634649345,0.7221507233753106,25.85084129843699,38.0,2
159763,0.872923795046736,1.0,107.89888403122832,1.0468602170294494,1.2201729728079924,0.0348956968896556,0.07733493833212815,0.0,0.048322082490954564,0.29056960183628,25.973762937785587,25.0,2
84211,6.117892928831929,0.0,110.83912287165623,1.8298402910541283,0.7880755588262914,0.06006617278970318,0.13359821373595446,1.329932425995656e-05,0.08384328428839721,0.8187012206330496,26.630733944485574,43.0,3
152116,3.3619271977508447,1.0,98.03714865328627,1.2862118976616896,0.6574613049083465,0.03516737135838585,0.04580516818086499,0.14843876050703148,0.07113757653068406,0.41963386075746517,26.72824395175676,11.0,1
39448,0.872923795046736,1.0,113.53185287197407,1.2172165115891747,1.2459205763017733,0.11160832397974157,0.31134132697229877,0.14834609522529177,0.09689431395432624,0.10947906558311733,27.305068815365495,25.0,2
150420,3.3619271977508447,0.0,136.3752359098381,0.6480902820411296,0.8074882515588501,0.06657208594270177,0.1252878557882259,0.0,0.05612665587296426,0.3008358881800992,23.1434467634077,9.0,1
53262,0.0,1.0,52.111816530621645,1.7094653201885666,0.8330093229215549,0.0711798012622476,0.1146679813352171,0.11600597990351828,0.10763668424531088,0.388599298650405,26.111229133135694,4.0,1
18209,4.359420279727952,1.0,110.13222177074657,1.6916401609057337,1.5481140364786548,0.08115311709967152,0.07128021797356414,0.0650488152027444,0.11461791565793807,0.3674955385332786,20.00834040351588,21.0,2
152849,0.872923795046736,1.0,104.17744733926843,1.6774576631672329,0.30075169770155136,0.1116585814136889,0.16312805578940295,0.0,0.13107761505746676,0.20570758564253153,25.297130490856226,20.0,1
13705,2.81870192439919,0.0,100.86046825982777,1.440241690388494,0.8055384298711078,0.05728648091811103,0.13857634901143603,0.03258394399063037,0.07019179955184995,0.09973583900653984,28.9347356209515,20.0,1
67141,0.0,1.0,166.05385911296568,1.068784255159413,1.54291101289386,0.04257727432062326,0.0822707938427152,0.0009961907158109078,0.12855115469138523,0.5579193060105864,26.084415829947304,62.0,4
67157,2.81870192439919,0.0,96.21865883730034,1.752687621763492,1.2131933798627534,0.03421223449066382,0.03361150083134765,9.499655230897189e-06,0.11141967447734964,0.8558909984900992,27.029103586233333,31.0,2
134843,1.5954046671017168,1.0,63.65512129640558,0.22636377805089386,0.02651463304945561,0.029907481693841425,0.36011768658612775,0.14853421865942973,0.07697095147323091,0.03781648672357541,18.783157389045755,35.0,2
148780,1.5954046671017168,1.0,118.42037937705535,0.5308073037484302,0.06275643746977358,0.03134499269087866,0.3724974215112106,0.10835511142078431,0.06474316603131854,0.3027000936330375,23.1182596929353,40.0,2
8911,4.824000686513771,1.0,134.08440167170258,1.408017586653165,1.7714992544604575,0.048769691834977445,0.005248468261179619,0.11167039330784133,0.1046199903677044,0.18376276966746116,27.800810363520014,14.0,1
103496,2.234779091684268,0.0,97.64863082529232,1.1417057923154803,0.9487402689416761,0.11769793926383364,0.35113068640320727,0.00012993546175948237,0.08307607176161669,0.30176808255591336,21.48982146888804,6.0,1
58554,4.359420279727952,1.0,110.35932622994483,1.5259518253987494,0.8074882515588501,0.025435779189136993,0.17395390653627266,0.11744276161502963,0.07160547706998972,0.6910625738607122,23.43723473715326,52.0,3
131621,0.0,1.0,33.69335789782286,1.1849505506472449,0.5544274649064301,0.04379041442699696,0.28096359619784445,0.1426646660720693,0.0692325431781873,0.5116279940761842,28.595418901871756,9.0,1
2595,4.824000686513771,0.0,78.52709724582957,0.19234754390842515,0.044838173904440275,0.036909743172268895,0.37508546512046803,0.14856962913636654,0.07160547706998972,0.33798239709523725,36.225804458468396,36.0,2
142462,0.0,1.0,113.60894660562715,1.382531875836705,1.0620215341973758,0.04557037994341877,0.2524586145099518,0.0,0.05744283478429998,0.643245026323755,28.56545046115417,4.0,1
4168,0.872923795046736,0.0,103.29233013392755,1.1021217240069057,1.2388742016849947,0.09200993864114734,0.09715277734440843,0.0345292486555109,0.1125876738958727,0.490127341111776,23.288419807351016,73.0,4
2019,5.270402895934253,0.0,109.22313238501805,1.5192591302375724,0.6938441627854506,0.09628957850027947,0.050788310921096536,0.003939573289650818,0.07654086052747315,0.20189888019114546,23.592557385296292,82.0,5
57121,5.701060861471607,0.0,110.25094380910423,2.2537732683541702,1.1489248154734721,0.10152244608703388,0.06558179554898955,1.599990220223578e-06,0.090631273449164,0.6187477473978619,26.368539763526393,8.0,1
77879,5.701060861471607,1.0,91.60294414220758,0.7253656825023128,0.7104594698327914,0.05728648091811103,0.24819787995466153,0.0,0.08111111514562246,0.4838398383414279,27.23321091257346,58.0,3
86928,1.5954046671017168,1.0,104.4999870822878,1.9861127510729824,0.9176762744407007,0.1063065939423024,0.011884649306872191,0.0,0.0912961293942096,0.5107338658349185,21.71323184329282,32.0,2
82025,0.872923795046736,1.0,107.70729712253076,1.6075736872862627,0.8468851234775537,0.030629476337651843,0.10217491408483344,0.14273189978193468,0.07610775407689287,0.4041404961216831,23.529080436529267,42.0,3
155894,4.824000686513771,1.0,87.68484559157413,0.6036650358901219,1.8360040273160725,0.06931636345747896,0.06330339403872892,0.001984806558653298,0.09999929605428569,0.36657593878089856,26.45296192772919,12.0,1
102234,6.117892928831929,1.0,105.81468921873626,1.4048176378816764,0.5325783271168508,0.10511329257752373,0.13980511964077502,0.0,0.06956982969641935,0.762495346225589,21.097135526755803,32.0,2
89997,6.117892928831929,1.0,108.15253242927467,0.7482001681201292,1.7054004852858022,0.09829752883170788,0.026686206765712647,0.035854389907244315,0.13050531086363082,0.46763733513873956,25.424987624141906,7.0,1
65862,3.3619271977508447,1.0,112.98169996935836,1.5125831187873215,0.6628713893276507,0.0851415328131488,0.3364413409667387,0.0001928577781722681,0.06791578006764001,0.531261178626178,24.858820256578657,44.0,3
20708,4.824000686513771,1.0,142.5288635326187,0.9798822134503042,1.1173801565958892,0.041342447356368994,0.2460265192220273,0.001984806558653298,0.07739805058592603,0.46853879156411365,25.152286611026934,48.0,3
41126,2.234779091684268,1.0,136.7106261648741,0.9228387905195625,0.8448971249366763,0.026198033914667747,0.21849470962927253,0.0,0.12737664277608474,0.48294101076463797,27.272457430922053,60.0,3
153656,5.270402895934253,0.0,146.5060635063793,1.1820405678953774,0.74981849672868,0.02844379682282684,0.22310681446648367,0.0,0.07207008747600625,0.5463834888224122,23.230734738420548,24.0,2
4332,0.0,1.0,112.98169996935836,1.0798363793789911,0.6701107889329828,0.026953409443536608,0.3443059588382177,0.010552014101597989,0.07782218133052284,0.26339575548611793,28.691699334081058,45.0,3
101184,0.0,1.0,86.68676024995226,1.0278728688856018,0.7384885474384946,0.04071676728200563,0.3188440501384784,0.13929202536972024,0.10186112363500793,0.4241817332356303,26.462741982526587,7.0,1
137218,3.3619271977508447,0.0,85.68168310188737,0.8067838170617007,0.6737416234012596,0.047871617065426426,0.24308780253403353,0.14737848462801745,0.08680895131871912,0.10363586022119907,23.89095540750631,46.0,3
61479,1.5954046671017168,1.0,179.85510167797418,0.2007101649540725,1.5637735081033628,0.04843439090520536,0.09277239074984024,0.06715721024796094,0.08644706391858864,0.5152030121689768,28.756804373554203,35.0,2
99065,1.5954046671017168,0.0,126.84890207563757,1.1502855016786524,1.6351796831827423,0.0708133464056408,0.1964938211855431,0.0,0.042490673187064947,0.7290371027083983,30.4963645806772,9.0,1
154696,3.873488880460096,0.0,67.24669991714396,0.8067838170617007,0.7593119202228912,0.023890353676344383,0.0,0.14768326310243535,0.10339044157515012,0.7957699699053866,26.412626260494893,20.0,1
116769,0.872923795046736,1.0,122.00934933838055,1.3447892366328362,0.7384885474384946,0.06616661355998277,0.06984615629003488,0.0,0.11566792219410234,0.5062609762137036,25.688842671784005,34.0,2
128737,0.872923795046736,1.0,52.85753665484329,1.249954663221884,0.971798776571637,0.03345331143459896,0.0,0.0,0.07523239892816581,0.4694400923118106,27.286566407548573,16.0,1
133149,0.872923795046736,1.0,129.60679503115304,2.0096167646815903,0.8153065731672732,0.10961413721893093,0.06001745175361135,0.0,0.05687327673656359,0.4667357229045698,30.644967868011197,47.0,3
104070,4.359420279727952,1.0,84.4390516246566,0.5190624428324827,0.11350499871999624,0.041342447356368994,0.3723659549809126,0.14336935305258075,0.1005400101632899,0.1385740475400913,20.03018898779157,28.0,2
45291,0.872923795046736,1.0,68.52985721167383,1.249954663221884,0.971798776571637,0.03345331143459896,0.0,0.0,0.07523239892816581,0.4694400923118106,27.286566407548573,56.0,3
34866,5.701060861471607,0.0,91.40151788999326,1.7454404380504511,1.7218096897646715,0.047871617065426426,0.04993499265901868,0.14852705119053974,0.06050287974072933,0.599425165844399,26.19475070870233,8.0,1
69989,5.270402895934253,0.0,137.53608557823193,0.925393585596664,0.5143288414977084,0.025435779189136993,0.3534152681520182,0.001984806558653298,0.07697095147323091,0.3509163440956271,25.113283036860885,38.0,2
143865,4.824000686513771,1.0,87.52483448927823,0.5995087379969654,0.8749185103672998,0.053799353682425805,0.23278726790755302,0.0009961907158109078,0.09776367429658296,0.35552730403390576,27.54739964995366,62.0,4
135552,1.5954046671017168,1.0,103.56839428973421,2.0412105181439637,0.7574094640680615,0.1059512892555724,0.13919151447689318,0.0,0.061424427534635194,0.5259137815807644,23.18249360858107,8.0,1
20158,5.270402895934253,1.0,75.57197694937715,1.7745339005343035,0.44035862382797525,0.09296857348240582,0.32858651853078835,0.0,0.09323773806836998,0.4595172001147029,22.46266634797114,63.0,4
94719,3.3619271977508447,1.0,94.94912291279714,1.277094229670491,1.2695403925683402,0.09060308225465417,0.11936872550991845,0.0,0.1330863458634578,0.4892295852117562,25.554169284386475,11.0,1
102444,0.0,1.0,114.34353215278432,1.1246497122921346,0.7086058516452183,0.08058365006988354,0.033791696533971134,0.00017787902088633876,0.11081886050973534,0.17802005621458933,22.784447209402646,23.0,2
46951,6.117892928831929,0.0,125.50727485353602,1.0660306262012467,1.3343314548273377,0.06279572776316904,0.05752870250965461,0.09275157909340251,0.09417957066797655,0.6476084860628607,28.020131231948174,43.0,3
28718,0.872923795046736,1.0,108.25603794327372,0.9459621033695175,0.973906712521262,0.09296857348240582,0.14525821594835667,0.0,0.09917475099732172,0.49820029281298683,21.514603413275537,45.0,3
135818,5.270402895934253,1.0,134.60120285361577,0.7996398684795895,1.4887850777116909,0.045218147863641235,0.0006214222552675809,7.969757339138037e-06,0.07610775407689287,0.23984141670888795,29.050462044986972,50.0,3
44070,6.117892928831929,0.0,97.68539195177179,1.789185585833376,0.8809746737279629,0.11200102058496486,0.2267972213526766,0.0,0.11141967447734964,0.5348231690526993,21.789720620019157,20.0,1
55054,3.3619271977508447,1.0,81.22928838585699,1.5059237685634277,1.0358893422160114,0.046095246648766026,0.12267420854969888,1.1999944988780516e-06,0.12215914027194473,0.13277101043652648,29.184914268228635,3.0,1
97314,2.81870192439919,1.0,36.76952942941033,0.24988894099105236,1.1084392632811322,0.07044380416764916,0.18825977665822002,0.10367860948018143,0.13911013329458372,0.05954654974424027,27.57387866099351,4.0,1
115431,6.117892928831929,1.0,81.12144908330144,1.0743027900555246,0.973906712521262,0.032054095044992494,0.2599964583587398,0.11691216942864648,0.08497450704940865,0.677192634794403,25.408961434390687,19.0,1
108577,0.872923795046736,1.0,131.70241093652746,0.5687461083073212,1.8134383621135695,0.09101297716999975,0.002986602388962986,0.141170413189116,0.07253143383276514,0.12502128870570975,32.62569820830011,37.0,2
105462,1.5954046671017168,1.0,132.6780582893381,0.5850631189120629,0.7880755588262914,0.03577509228302261,0.010531289946026881,1.4699174514729554e-05,0.11600931508282333,0.05609734196719033,27.051501250744387,8.0,1
9185,0.0,1.0,116.07715433996654,0.9798822134503042,0.7997003756155685,0.03482762600454365,0.03683917775901111,0.13206390058035544,0.07344443758622808,0.1818493657511305,28.144751935942143,26.0,2
60803,6.117892928831929,0.0,86.86835168219119,1.9089419001378047,0.8668705620052803,0.10051148267888103,0.1887532915200161,0.0,0.06687402409031792,0.5950243716781197,23.903699724175894,11.0,1
35780,1.5954046671017168,1.0,80.44698930263586,0.9798822134503042,0.40783610587122643,0.026878179491613818,0.0011380606057794034,0.040287340300327955,0.12417503957929378,0.351838884233596,29.79344080794279,8.0,1
6478,0.0,0.0,69.98035728549071,0.2177177151624875,0.26617686285745656,0.03550559855419764,0.367913156695341,0.1488048488491456,0.09600744425199255,0.07429572595843473,25.484550417535964,25.0,2
85069,2.234779091684268,0.0,170.76566710767545,0.7276338680333096,0.9908405959351675,0.06093171277971563,0.028798143330841252,0.008651708847191578,0.06692398527059899,0.7727530213566,25.019643753855,2.0,1
40882,4.824000686513771,1.0,115.5595097263933,1.0090676336197404,1.368514367277708,0.06538667472254951,0.04623799356833079,0.0,0.10915962010817792,0.5152030121689768,32.63394233423245,1.0,1
72366,2.81870192439919,0.0,125.78082894464906,1.2409790360109807,0.4656601541525873,0.047871617065426426,0.2818379910590027,0.0,0.10510074374136276,0.723011956415217,25.554845878515206,47.0,3
30247,1.5954046671017168,1.0,48.655797294540136,0.8849480810453934,0.6095183704904821,0.07759212050764247,0.3534152681520182,0.1486383663644192,0.0580646063484746,0.8752442881447556,23.842768700307595,24.0,2
62204,1.5954046671017168,1.0,87.42880780614325,1.2529544013102096,1.044568472103753,0.06816008079340606,0.04205727721172596,0.0,0.07824336696718033,0.7290371027083983,21.98502748354624,4.0,1
123824,4.824000686513771,1.0,85.32843888497737,1.5293044363985917,0.7593119202228912,0.0973955388973874,0.07764597405794815,0.08676659780150073,0.10894620868502075,0.42054376079082423,27.740453196919052,50.0,3
3299,4.359420279727952,1.0,101.92085970292885,1.2260981136938247,0.668298156335253,0.029178943760520885,0.3310005172617356,0.010552014101597989,0.08608269509259017,0.3748461739260816,22.405776858562827,79.0,4
129086,1.5954046671017168,1.0,47.98837700923547,1.1502855016786524,1.393177598252768,0.049047764439865124,0.00014097029215850233,0.0900194552819806,0.12306481658547469,0.5196684304319891,28.558927285917733,8.0,1
106713,5.701060861471607,1.0,46.2235241611632,0.9356488839762348,1.4431238001219762,0.11845640420401277,0.027054514711093193,0.0682139288596933,0.057272400131346886,0.5720839688793614,34.48802755016639,10.0,1
34659,1.5954046671017168,1.0,104.16704045765628,1.1021217240069057,0.7253558029455678,0.03414355059055638,0.1146679813352171,0.0009961907158109078,0.11889944029238214,0.4159926286676566,31.393875317944563,47.0,3
51865,0.872923795046736,1.0,105.91332725374795,1.7708819284359916,0.6737416234012596,0.10986713521603828,0.14704857682625724,0.0,0.061424427534635194,0.5241301357294121,30.99565502960148,7.0,1
39920,2.81870192439919,1.0,104.58320003990727,1.0577922600757719,1.0707955444139763,0.028665038788637076,0.20712811703028133,1.3799272498523876e-05,0.11949950664623125,0.7367747935949783,28.55804908844606,19.0,1
114864,4.359420279727952,1.0,137.005872238354,1.0770677015296135,1.0337244907542096,0.036177528458350545,0.2517559697250103,0.14426958221684688,0.07207008747600625,0.723011956415217,24.36255658879409,37.0,2
3387,0.872923795046736,1.0,79.30666723615484,1.6283596013417518,0.7842157988769721,0.11532079873085721,0.1781395052452503,7.367925393178255e-05,0.11566792219410234,0.21236501541503539,27.69807297886748,22.0,2
19841,1.5954046671017168,1.0,111.62782072575921,1.1995585970342593,1.7081300168957543,0.042821623692057054,0.01809543890580775,0.1471027629212662,0.12727503714890795,0.06761606171293151,27.010212012025402,5.0,1
85643,0.872923795046736,1.0,114.83117036312369,1.4695941574011762,1.5221827970798172,0.09370898039945591,0.03772983306760561,0.13887710140023055,0.10979175009966557,0.24833490189782328,25.177856167705034,17.0,1
16247,1.5954046671017168,1.0,122.0144364703838,1.0523187556135853,1.550718696885937,0.06450986144918483,0.027789847142669463,0.12735141084815144,0.09479702346996888,0.31665838257302165,29.10350129134961,13.0,1
16707,0.0,1.0,123.0058491107879,1.0010637611083457,1.1557353982549923,0.060112080397729396,0.020358832082419225,0.0,0.07907699494507488,0.384019149597404,26.556321219849668,31.0,2
99625,1.5954046671017168,0.0,77.01352753379489,1.6388100440527043,1.5377163817742514,0.032756846992377936,0.1964938211855431,0.1480116311050532,0.06474316603131854,0.5703153792725135,26.49589657991252,15.0,1
12521,2.234779091684268,1.0,173.7433821244339,0.6763163713235399,0.4185907878720423,0.029178943760520885,0.22060518339361856,0.0478696886378571,0.09570786137811908,0.2821532349715344,29.88536050557164,29.0,2
30692,3.873488880460096,0.0,145.90626486045892,1.1937037408317457,1.3907019974812584,0.0711798012622476,0.004962882796202298,0.003939573289650818,0.11461791565793807,0.26339575548611793,24.981461899219976,50.0,3
30751,0.872923795046736,1.0,149.1192738299938,1.9357467418808714,0.7919429048882065,0.05937280274030666,0.0752264732481571,1.8999862089333166e-06,0.08030591854684666,0.5570327996307758,22.60586457579923,10.0,1
3237,4.824000686513771,0.0,106.02233296794735,1.6739227970966106,0.8074882515588501,0.11442847005276537,0.053587181320751305,0.0,0.10212019116983716,0.6353823972414456,19.673838900653116,28.0,2
78334,3.873488880460096,1.0,118.3386324817487,1.351039350458107,1.2016011071995636,0.10881139747315668,0.2053189330857846,0.0,0.07066635954166857,0.6449908092028069,25.044481953032943,29.0,2
104369,2.81870192439919,1.0,54.60132838047478,1.2260981136938247,0.4047791174136846,0.11949977658705736,0.2562708352527543,0.0,0.10160035464617702,0.3748461739260816,27.351610529598826,15.0,1
126352,5.701060861471607,0.0,40.143812058182036,1.0117429819484791,0.2208418052825745,0.037503497957860635,0.36609606149188056,0.1487301288625842,0.08534643612555834,0.5490477660515011,24.68260653438893,33.0,2
131187,3.3619271977508447,1.0,81.35327837754214,1.0414166221981487,0.2937520101620978,0.040085503505564654,0.37302130041070103,0.14854135749879283,0.08268848505094586,0.43144989461358074,28.873765259396002,10.0,1
65031,3.873488880460096,0.0,121.21538396983462,0.6588804120467933,1.699947820491657,0.08307477277729898,0.029620722255763815,0.14206566188278644,0.11874712021012017,0.3803519932120896,29.756130598741922,28.0,2
55939,5.701060861471607,0.0,133.9789994505918,0.6984104567706283,0.9321184334126422,0.029178943760520885,0.1304347681620652,0.14210230681572966,0.11315533132292098,0.29056960183628,24.95548113729278,39.0,2
20869,0.872923795046736,1.0,111.0402394942089,1.1105412085910351,0.6235837141668364,0.1110323446790209,0.0686456261630132,0.0,0.10785844760529659,0.3352063471934248,34.65878972862965,32.0,2
80597,0.872923795046736,1.0,104.36474582461088,0.894973455755926,0.9156208630438081,0.03684347528477961,0.1153448023958126,0.14831419246295957,0.07113757653068406,0.24361824637685142,26.67097635278081,59.0,3
2504,2.234779091684268,1.0,88.78246923159003,0.7925271422579314,0.9929661400695023,0.023107041720981665,0.20712811703028133,0.002965912600349943,0.03369720618794504,0.41417103144871215,19.365684706876795,66.0,4
122249,6.117892928831929,1.0,185.36234181894667,0.7925271422579314,1.4990236923422753,0.05170941569813888,0.003976213546291906,0.0,0.1325941870935916,0.5543724183688273,29.268639642477236,23.0,2
103042,2.234779091684268,0.0,67.28546647278533,1.4176418973042995,1.224836140286072,0.11175808059298264,0.23972090973170235,0.0,0.12229085868403589,0.7074906062297831,21.16788987622332,8.0,1
8992,3.873488880460096,1.0,125.59340293156654,1.4467356640090427,0.8055384298711078,0.10235887299442069,0.11056948609566525,0.0,0.0878799146864748,0.5374931232470989,29.599713156392482,5.0,1
58904,3.3619271977508447,0.0,116.87091823657018,1.6006790321669766,1.3125689770901088,0.05814955297599888,0.06631036976507354,0.0,0.05800828583945479,0.6213775183157527,26.368009891430813,45.0,3
69499,3.873488880460096,0.0,118.45614110465617,1.3045544042799484,1.0620215341973758,0.03310586124704776,0.1781395052452503,0.0009108169523599695,0.10807879371529658,0.5605779646133879,28.81420313473936,31.0,2
17487,4.359420279727952,1.0,136.10483536454777,0.7737119535467464,0.8568538604471809,0.032054095044992494,0.18122637916738668,0.010552014101597989,0.08534643612555834,0.4378010692265794,28.248526186476145,34.0,2
120186,2.81870192439919,0.0,90.65356541167105,1.2024918523025487,0.5800188445912715,0.11263934222691065,0.30825889883223306,0.0,0.09999929605428569,0.37759984787925627,18.764849087954822,2.0,1
33842,1.5954046671017168,1.0,105.28493366147377,1.4208581649724286,0.6218191154126793,0.036177528458350545,0.14224404248746633,0.043719125023246166,0.065765824499414,0.2821532349715344,27.5263068613065,33.0,2
112788,5.701060861471607,0.0,147.7541038157096,0.6632195463963222,1.103980770181698,0.10894991098191154,0.25831355985763427,0.0,0.14317402813727126,0.5897388344096739,34.14396365812125,33.0,2
63301,3.3619271977508447,1.0,150.09259300304504,1.0197912380668752,0.971798776571637,0.029907481693841425,0.17022461334284544,0.0,0.1427022859657942,0.47124222729765775,26.09602388569125,9.0,1
79704,4.359420279727952,0.0,156.3459079135589,1.2231336726202555,0.7707663064582774,0.036177528458350545,0.08150525731732736,0.14820684681572685,0.07523239892816581,0.055604357335072484,27.690642284700793,30.0,2
152373,0.872923795046736,1.0,92.51916777808319,0.7830919477975231,1.6351796831827423,0.09901837159570151,0.0026891436195031772,0.0,0.12892496155362296,0.6380044771041449,20.48728365550354,9.0,1
130303,0.872923795046736,1.0,60.675663916286716,0.8724965562789044,0.2001732032125568,0.09998279941324975,0.3695584367825989,0.0,0.0834609979772711,0.2999035103297946,26.635338929092477,19.0,1
96913,0.0,1.0,112.63187099147216,1.4176418973042995,1.3416224885557462,0.040085503505564654,0.06655282238106731,0.0,0.045552405348049455,0.7264556430606567,24.277756245757068,35.0,2
101999,5.701060861471607,1.0,90.99847514847968,0.8043990271576443,0.17368545515275774,0.028073724243569836,0.34090136157244855,0.1487301288625842,0.08422295110813957,0.06062997882351638,21.554396906875002,12.0,1
143382,5.270402895934253,0.0,154.70978460534803,0.544652211466266,0.7517134112457518,0.029178943760520885,0.06655282238106731,0.1485126298438773,0.04685152863155863,0.05067119003167404,20.377947577323475,11.0,1
17538,3.3619271977508447,1.0,29.155576494936284,0.15061524441669222,0.5392685908845773,0.03162939973567415,0.13485229153255027,0.14897701858018067,0.10604378231919075,0.03860874099813829,19.8167627430373,39.0,2
57978,4.359420279727952,1.0,78.99280560528861,0.8527586441232778,0.012109364452542617,0.041962598355487504,0.3755937936401596,0.14879263879272445,0.07160547706998972,0.6187477473978619,21.709002343224167,47.0,3
7997,1.5954046671017168,1.0,133.94386273774177,0.9746235506992239,0.8628581206184712,0.0461533086282955,0.1658841956233759,0.14235380608008283,0.10604378231919075,0.2009461949148218,26.50223368782838,63.0,4
93047,0.0,1.0,52.46191793205503,1.9588977384166186,0.46247264093949164,0.0977007986551314,0.34071913509562407,0.002965912600349943,0.0560111652642022,0.8516759405752526,26.210316040819837,37.0,2
19039,3.3619271977508447,0.0,98.95506854039314,1.6006790321669766,1.3077553750603137,0.04379041442699696,0.009852506517610308,0.14641727171804317,0.055431191649043365,0.4023146165258838,26.502893743970112,1.0,1
31225,3.3619271977508447,0.0,138.73548929161237,1.4016217618309161,0.7555088942782333,0.023812342699229164,0.1146679813352171,0.00016889094262087203,0.07567160824092482,0.14147261013649215,23.623824539075954,62.0,4
97969,3.3619271977508447,1.0,102.02002729854227,1.7454404380504511,0.8749185103672998,0.04014888271887748,0.08272911263989707,1.3599929340237007e-06,0.09510266620308695,0.5570327996307758,24.623124057095346,13.0,1
10619,0.872923795046736,1.0,95.72377330686304,1.8823565270014346,0.5476720855465492,0.11185624232246855,0.18776509519169676,0.0,0.0652563208801996,0.4041404961216831,29.38949293969267,42.0,3
152419,0.0,0.0,69.77104533220697,0.4041624271651455,1.5247664907417113,0.06056899457987591,0.009852506517610308,0.14828992278854083,0.11874712021012017,0.551710741535826,26.887262092948184,25.0,2
96800,1.5954046671017168,0.0,108.98018144264249,0.9075856561859189,1.0057605767148683,0.05328367386024081,0.2438272032254007,0.0,0.13742645275696636,0.6763246671744051,27.1535632692702,16.0,1
8410,4.824000686513771,0.0,103.08391001593934,1.9511627062983132,0.9612883852905215,0.1092211821840213,0.11936872550991845,0.0,0.07298954199416931,0.5596918883888553,28.3177329055228,62.0,4
109019,2.234779091684268,1.0,152.8840284008975,0.458303754548283,0.13709321484850392,0.036177528458350545,0.37010016318977634,0.14846866504801617,0.07697095147323091,0.09876026245068067,31.49875516833057,30.0,2
13181,5.701060861471607,0.0,77.84949295329129,0.9589353474702558,0.8251223509347365,0.07044380416764916,0.11870244613380132,0.12859288017807205,0.0944893301378407,0.3986608665711685,29.736853306234142,20.0,1
10481,5.270402895934253,1.0,125.37553318739108,1.0937363611747035,1.0840160182295047,0.03345331143459896,0.13359821373595446,0.05970014375000635,0.14545543161965746,0.38126903601002826,27.118358689991943,43.0,3
49483,0.0,1.0,118.26198742886436,1.4112216109464688,1.5926792334280553,0.08684389572442322,0.023538212772659724,2.0399841017327654e-06,0.1325941870935916,0.44414439156625246,25.707715310699236,18.0,1
18791,3.3619271977508447,1.0,103.59964020637048,0.23218090446103343,0.11583499524062144,0.03134499269087866,0.3575229982578859,0.14858359650791927,0.07567160824092482,0.04177618440531738,21.965399436873952,53.0,3
97915,6.117892928831929,1.0,146.7736286017881,0.8163577776207587,1.5795086777003646,0.07044380416764916,0.005946621798604477,0.0,0.1135278727644392,0.5089451600367382,26.854044447143846,49.0,3
127254,0.0,1.0,126.06948811828343,0.9050560474853104,1.2131933798627534,0.03783130597669388,0.0013970760998241996,0.0,0.08384328428839721,0.482042029581441,28.565325025073086,10.0,1
121616,3.873488880460096,1.0,147.73925510284323,1.6492989120715298,1.6809306175645167,0.11052780242844104,0.155228029851228,0.0,0.11781335401820275,0.6971203482380626,25.654713222809505,41.0,3
47782,5.270402895934253,0.0,140.87075372964918,1.7346023120600809,1.2600680937293525,0.027999508729725647,0.28837287361916497,5.439886946526263e-06,0.053248268515888486,0.8760844031087931,25.968141578631638,24.0,2
77395,5.701060861471607,0.0,130.37305944203055,0.9202876017469687,1.0057605767148683,0.09121551619797047,0.003610400919810928,0.0,0.11812843327074328,0.2943053803806194,29.7008379725604,23.0,2
46997,0.0,1.0,28.768990385990868,1.5596663441426157,0.3205773944213085,0.04730387785758131,0.2671982360325522,0.1412524173700177,0.09386772939038489,0.5303703138952661,25.120950137145268,9.0,1
123809,0.0,1.0,66.35418818248365,1.837289396713911,0.9135673883268748,0.1132994499859932,0.051639214901532914,0.0,0.07989911657905567,0.49461383429655437,28.186925853247477,57.0,3
39768,0.0,1.0,140.76111074437182,0.6939649337958178,0.716031549250245,0.03134499269087866,0.25069643121022134,0.0,0.11061603839739241,0.417813571389132,24.620071051880114,58.0,3
43918,3.3619271977508447,0.0,101.43526121092172,1.818699770638293,1.1992887046249214,0.0858828442467042,0.08981251686689971,0.00010395869243371654,0.06297072826400497,0.7419277041759904,26.623364842116153,39.0,2
76512,3.3619271977508447,1.0,114.09189725051291,1.8823565270014346,1.1443944415571772,0.09296857348240582,0.21506826913802218,0.0,0.1340154924426626,0.8584186867061977,29.055049827372297,3.0,1
106355,3.873488880460096,0.0,140.8358686521407,0.6437972553886573,1.691784810850091,0.05918638842682127,0.005946621798604477,0.06510096349073521,0.06727271957900667,0.44504994222165256,33.80486809325128,31.0,2
14396,3.873488880460096,1.0,108.26638771641286,2.266422398777513,1.2388742016849947,0.0814343853848159,0.32486877333512926,0.0013628579521025935,0.08927426336727629,0.3922603925171521,25.566751946268152,39.0,2
131556,3.873488880460096,1.0,39.95908031370682,1.237995013338512,1.5768808873604883,0.11086761095635628,0.3233907084761867,0.0,0.14448067839080309,0.6606790044748683,29.747225064542896,51.0,3
35777,2.234779091684268,1.0,139.3496075448725,1.6916401609057337,1.0250847906186369,0.05675240505934864,0.31273927947477687,0.0,0.12344151675057939,0.6719828838800403,26.104560905846387,52.0,3
69902,1.5954046671017168,1.0,93.76696332144812,1.2201731395132756,0.3911092445795827,0.059651224241981105,0.37090656488349194,0.14814663838183756,0.07567160824092482,0.24550549161982108,30.453163498451467,45.0,3
155682,5.270402895934253,0.0,148.016395829718,0.8454152376174606,0.41550924816995743,0.04730387785758131,0.2053189330857846,0.0009961907158109078,0.06971386977315287,0.22565033036371449,23.848866533956603,1.0,1
42221,4.359420279727952,1.0,107.29806995707658,1.1675486338704655,1.2108708886987363,0.0769637268850384,0.017527096931831115,0.00017887765810431407,0.04568318054743846,0.8246325601771349,36.604662102439974,29.0,2
137412,0.0,1.0,175.27054330930721,0.7253656825023128,1.33675974885698,0.030629476337651843,0.0009985074216367666,0.02110588240330083,0.10510074374136276,0.4214534979133966,24.695488539384993,32.0,2
53024,0.872923795046736,0.0,120.19129095504283,1.688088075804631,1.420545549682991,0.05349048423209528,0.03207562732122864,0.0,0.04568318054743846,0.7676263476484754,26.504081816852516,15.0,1
74926,4.824000686513771,1.0,113.38792452975602,1.3014873780326923,1.1062090211057984,0.03359185530961047,0.14941484002339908,0.0682139288596933,0.10339044157515012,0.6029433102477434,24.048379947918544,31.0,2
119096,4.359420279727952,1.0,77.41538557641803,0.977251050003743,1.4939002107471904,0.06492934472932263,0.010821767172170031,0.12195741211779408,0.10604378231919075,0.5214535572646147,28.149186657969793,1.0,1
4896,5.701060861471607,1.0,142.53881377121618,1.433764130961678,0.9950936437439697,0.03737196454856716,0.010143585842662407,0.14857662675398156,0.13971096393930774,0.11045214003547281,28.06065533686292,10.0,1
79840,5.701060861471607,1.0,121.06770591549673,1.4467356640090427,1.4658701681640962,0.06530384151959417,0.04432893974522694,5.439886946526263e-06,0.11141967447734964,0.8567336732943355,29.31364526047283,8.0,1
132081,1.5954046671017168,1.0,119.66092205745794,0.9615409198141054,0.8972092364676427,0.029907481693841425,0.3046086394461067,0.1375230998498073,0.1192013035939258,0.5641208390442669,26.669530446216545,51.0,3
137227,2.234779091684268,1.0,98.93934304265976,1.4926549618789116,0.288182827141673,0.11023371510657519,0.31728994901761837,0.11914319391400896,0.08497450704940865,0.3231583147981585,24.319341800649212,47.0,3
30452,0.0,1.0,132.38144985999423,1.6110273795933783,0.716031549250245,0.03697595187732207,0.002718901467656564,0.0,0.061693333802855174,0.1007111868006316,25.97122004434836,38.0,2
65066,5.270402895934253,0.0,193.99615749154705,1.6492989120715298,1.1106714973128837,0.039448600807730404,0.03861793216455963,0.096894553979929,0.08823206529773955,0.7187045430626944,24.2842002579379,12.0,1
68640,3.3619271977508447,0.0,113.23368659029225,1.1105412085910351,1.2178444213202304,0.05747943529414456,0.018000784738486663,0.0,0.12331669781090818,0.5879758736035932,20.320527201215143,50.0,3
135024,0.0,1.0,48.98612617552682,1.1907821343351075,0.043346566462758036,0.054817363853910714,0.373801201041412,0.14437275756392093,0.07160547706998972,0.3610547290259492,25.3394805846495,40.0,2
57307,3.3619271977508447,0.0,151.15381338650454,0.8799567951318898,1.802207267989014,0.09424935215065408,0.019417686065019802,0.0,0.1031396955853106,0.44414439156625246,24.883629341936842,15.0,1
97707,3.873488880460096,1.0,102.36439733192688,1.1907821343351075,1.393177598252768,0.10549248652952234,0.07842206986670712,0.0,0.11041192561352685,0.4793441631124205,25.596500669145115,31.0,2
71692,0.872923795046736,0.0,132.4166456633828,1.5495079674127066,0.9383370423726153,0.11566973581071192,0.10640559698907252,0.0,0.07253143383276514,0.3849355163638353,26.46736682799341,14.0,1
91121,0.872923795046736,1.0,126.16568680897346,1.0037280259604542,1.7054004852858022,0.09612667909729579,0.13359821373595446,0.04806266029062765,0.09323773806836998,0.4784445662216481,30.67269384869673,17.0,1
7,0.872923795046736,1.0,84.05287856142657,1.382531875836705,0.6701107889329828,0.11499614630561956,0.018473777957743368,0.0,0.10388706186522997,0.22375482435312113,20.86980050446751,6.0,1
132485,4.359420279727952,1.0,128.7944515016233,0.7344587426213406,0.9887170107264152,0.03880600336970576,0.27530300231186905,0.11250321231581391,0.09861591438912895,0.4468605662115773,24.387427019880707,53.0,3
99386,3.3619271977508447,0.0,132.02438803745736,1.1733338226503915,0.6792018079786396,0.02770197444137078,0.20757782895809845,0.0009961907158109078,0.09660065570186806,0.4032276391499472,25.02650680473767,54.0,3
2084,0.872923795046736,1.0,103.03179558240373,1.7094653201885666,0.8608547809331345,0.07727921957627658,0.23474058021231803,0.0,0.07019179955184995,0.5508232274881332,25.25677830223192,15.0,1
125293,3.3619271977508447,0.0,96.23444706427318,0.5406808071146674,1.0773968561658953,0.023107041720981665,0.20936643468293328,0.0,0.13091639863629476,0.35829179556682933,18.528439062072803,56.0,3
120476,0.872923795046736,1.0,73.95168424467472,1.8937234471278688,0.7745995549638897,0.11704081402563,0.0005605299802037879,0.0011053080646422546,0.1279740703260935,0.2680922205501752,29.870033733506833,15.0,1
113227,1.5954046671017168,0.0,122.06021929262259,1.2231336726202555,1.395655262877005,0.044982288551343556,0.09859728595086668,0.018555850659359212,0.08892922146119757,0.4387077377800461,24.380582377342705,44.0,3
79856,4.359420279727952,0.0,107.71765441639484,1.3793644304245756,0.729098628509576,0.08115311709967152,0.3379483210404142,0.0,0.07523239892816581,0.43689424042349,23.43981718009716,2.0,1
13396,4.824000686513771,0.0,104.04214628454815,1.0278728688856018,0.11934197262109546,0.039448600807730404,0.37470221175114343,0.14872374146642076,0.08384328428839721,0.18471915968581262,22.30728365071043,16.0,1
20405,2.81870192439919,1.0,115.13899976911476,0.7528078866341287,1.5847705774637866,0.03880600336970576,0.20025699425502924,0.14437275756392093,0.10829773278800112,0.7821407418654969,28.582255494215417,53.0,3
9498,1.5954046671017168,1.0,151.8393361029012,1.0577922600757719,0.8911068094754843,0.03414355059055638,0.16312805578940295,0.14756329632777992,0.06727271957900667,0.12405157644659484,26.104961032120563,31.0,2
71167,1.5954046671017168,1.0,159.3072966622411,0.9904435638128387,1.5533254571377446,0.060112080397729396,0.025948304091180735,0.0,0.06474316603131854,0.5152030121689768,24.325358619073373,21.0,2
120086,5.701060861471607,0.0,118.64514173253303,1.5360221992945484,1.0928693631362019,0.10482157753073958,0.11398938173084487,0.0,0.11667954399222695,0.49640736697300886,21.715195351833362,13.0,1
31241,4.359420279727952,1.0,147.44223588149663,1.249954663221884,1.5481140364786548,0.029907481693841425,0.0822707938427152,0.0009961907158109078,0.10510074374136276,0.7393518023357826,26.765108449862375,57.0,3
43705,5.270402895934253,0.0,105.34208245776699,1.9165779889820305,0.4466415085671937,0.10874140811719965,0.3223236178244389,0.06639285889265559,0.07160547706998972,0.2896351940766277,27.80566573937039,2.0,1
117331,3.873488880460096,1.0,126.50989089696779,1.752687621763492,0.9972231075729378,0.10786191730577435,0.08981251686689971,0.0,0.06966589041842604,0.7298973410881702,20.17062930119147,2.0,1
44746,4.824000686513771,1.0,81.49879750671442,1.1646618235594426,0.9197336231387233,0.07851550707857491,0.18973683608982944,0.004905852458809698,0.07019179955184995,0.14533430943290376,24.013394281243897,25.0,2
58928,0.872923795046736,1.0,130.02025485898804,0.8211656767816108,1.6782223903772442,0.11493958942953454,0.00944456102606642,0.0,0.08497450704940865,0.40870230130966556,26.51569662163364,4.0,1
157992,4.359420279727952,1.0,81.8112691313252,0.7925271422579314,1.0729939993093416,0.023656107767540582,0.0005146038757471122,0.1485905385235853,0.12964737404116164,0.31851640614259263,30.595568223379306,18.0,1
36770,0.872923795046736,0.0,85.97589473581178,1.593801330922556,1.2435697576993787,0.07881827414418355,0.07286526281342046,0.0,0.06566421446421968,0.6953901935688297,20.167296851162995,46.0,3
84000,0.872923795046736,1.0,102.28092890568327,1.2113149601562354,0.6130236887191868,0.03671076172813789,0.2247560956944594,0.000429294507699728,0.08111111514562246,0.12211148451059364,28.56770824627596,1.0,1
39264,0.0,1.0,153.76038558456978,1.0523187556135853,1.1923635900503382,0.05117544300866493,0.2011869296779366,0.0,0.10533879505897356,0.6178708851250911,27.484732103828858,45.0,3
70605,6.117892928831929,0.0,115.99004918877532,1.767234330366132,1.0143294574313837,0.10390712915025974,0.02223288089874668,0.14318458314541363,0.12229085868403589,0.3361318741060772,21.468825446796,41.0,3
45290,0.0,1.0,113.09484675144756,1.2619772416422685,1.8162515217920812,0.03345331143459896,0.0019940376062208094,0.1462521177174929,0.07253143383276514,0.5570327996307758,29.307606158172277,15.0,1
72155,0.872923795046736,1.0,106.19359531270783,1.756317752022725,0.6359874431092684,0.03995857585723361,0.007406982179324428,0.0,0.04289595725436679,0.23417030061314106,23.19463247495981,54.0,3
97050,3.873488880460096,0.0,104.45837705291083,1.7202123044997546,1.2553441352295662,0.04257727432062326,0.10780091166141967,0.0,0.11979409945598393,0.5053659477481252,23.812263715102112,7.0,1
89429,0.872923795046736,1.0,119.15063456559938,1.0224814030232345,0.4309872701855709,0.03134499269087866,0.2905779107542213,0.14626896722824653,0.09660065570186806,0.31851640614259263,29.55083914412247,7.0,1
85524,4.824000686513771,1.0,76.58962402806165,1.0909488099104507,1.2108708886987363,0.11086761095635628,0.054177532011139076,0.004905852458809698,0.11797137715506432,0.39683299385755855,28.227665716416393,17.0,1
149323,2.81870192439919,1.0,141.518394902076,0.9984031852273931,0.7178926528129836,0.025435779189136993,0.28975503342092523,0.0,0.09630503739313614,0.24927765074655053,26.674393738131336,45.0,3
29055,0.872923795046736,1.0,102.93276778006538,1.7238032976844435,1.079601259342487,0.041342447356368994,0.15637341109399755,0.001984806558653298,0.0994514137349725,0.44052059468949495,25.206413091520407,53.0,3
119507,5.270402895934253,1.0,176.0382340218084,0.5406808071146674,1.3882284599771346,0.03550559855419764,0.131070708116066,0.10669751904935258,0.10741349334001439,0.5285881430572061,27.72739814091811,39.0,2
115201,6.117892928831929,0.0,150.57150889175523,0.7095829213622472,1.3832875724289047,0.09815004583580092,0.14764237027396704,0.0,0.1323042586793445,0.601184514321482,26.982705431639694,11.0,1
9295,4.824000686513771,1.0,87.59417775081138,1.0853850452792237,0.07154523887308223,0.037503497957860635,0.37090656488349194,0.1477875979271654,0.07344443758622808,0.14340389481984422,23.147932175808705,51.0,3
18089,2.234779091684268,1.0,134.77173498627127,1.2801294904916005,0.7919429048882065,0.02770197444137078,0.2460265192220273,0.009628717289747853,0.09323773806836998,0.39043018103571125,24.603413782498155,56.0,3
15212,3.3619271977508447,0.0,101.9678355446142,1.2113149601562354,1.1923635900503382,0.0856377240318309,0.1416366259819575,0.0,0.08229821707572699,0.6055804699512913,27.708448053420245,40.0,2
70799,0.0,1.0,132.27082575045154,1.6041242390834507,0.9612883852905215,0.029907481693841425,0.17076124987887595,0.0009961907158109078,0.09195206939260495,0.8466141568671022,27.269868087939816,63.0,4
96672,1.5954046671017168,1.0,178.22280424232403,1.0605346314265924,1.3562599631415344,0.05581785744347516,0.060842390389807495,0.0,0.07782218133052284,0.5835660242459407,28.84524075605403,47.0,3
98100,5.270402895934253,1.0,116.68662911198332,0.8724965562789044,1.0664045786492466,0.027552803013641613,0.2300164851229946,0.0,0.13656581491432346,0.2980382035009999,21.867081917957563,4.0,1
45940,0.0,1.0,79.44730638806321,1.7818509781400034,0.6060203886768876,0.1057697557925517,0.3075369769343362,0.0,0.08571582562284803,0.41417103144871215,27.887608819610225,48.0,3
133847,5.270402895934253,1.0,122.12634569745128,1.2231336726202555,0.34802053343545675,0.02627387989249491,0.33548893733695057,1.3099934441073954e-06,0.06865042905475728,0.3213020905324471,26.35264045011785,1.0,1
135899,1.5954046671017168,1.0,81.75740686041796,0.6895327855205698,0.9424924981597133,0.11378673119378105,0.2382034174387412,7.377919760094454e-05,0.08111111514562246,0.304563566592905,19.314280604067775,26.0,2
120993,2.81870192439919,0.0,97.35972456393345,1.3984299557000819,1.1106714973128837,0.11326021166844137,0.025393748523096872,0.0,0.07389614600927014,0.5446065792778642,32.16391155643989,9.0,1
21356,6.117892928831929,0.0,120.02813626066953,1.499281057085816,0.3465606792872782,0.030197061090221734,0.007103680751642244,1.1099529320763315e-05,0.07523239892816581,0.079200284378457,24.749736959014427,32.0,2
146296,3.873488880460096,0.0,143.26988435729757,1.94730195698168,1.2838098666500841,0.05456451665558833,0.011401949328277764,0.02857967988709368,0.04383465447377062,0.7169807027788505,26.238503897952388,48.0,3
12156,2.81870192439919,1.0,96.22392162071635,0.318177144217186,0.1263991383510244,0.03482762600454365,0.37183808953849257,0.14840069542405054,0.06474316603131854,0.07723916604445669,26.30171875930234,41.0,3
16066,4.359420279727952,1.0,92.09564224381472,1.3014873780326923,1.3882284599771346,0.06438331875107245,0.07499123038645801,0.0,0.06339166281937757,0.1770622063486073,19.524383001478895,27.0,2
29333,0.0,1.0,140.37227781574958,2.1093213954162473,1.6890680687112196,0.0689341804959577,0.10500286109376333,0.0019158486456273976,0.12405459357167793,0.7100803242379972,26.50223368782838,52.0,3
85604,4.824000686513771,0.0,116.64055032663234,0.6829095930719221,0.8290620173475927,0.06288283098020886,0.18071497178150703,0.0,0.09386772939038489,0.4667357229045698,30.1657666774961,28.0,2
25583,4.824000686513771,1.0,119.88534986659602,1.7023222984191564,0.6042741472907891,0.09596252188748704,0.09715277734440843,0.0,0.07948948280021469,0.6090947568251034,28.55804908844606,15.0,1
96865,3.3619271977508447,1.0,108.2094622134528,1.2831687122254798,1.2909720999978591,0.03414355059055638,0.23357115209643636,0.0,0.1176543571357466,0.7204278830259115,23.957741261300352,57.0,3
69438,2.234779091684268,1.0,90.81808413330619,1.0010637611083457,0.5392685908845773,0.03198347162171691,0.03639288845580984,0.1482817668352984,0.06627170617944157,0.5923822294541841,31.93984275747869,43.0,3
101094,5.701060861471607,0.0,130.17147358855516,0.6183139566629519,1.5144442747914244,0.041342447356368994,0.019417686065019802,0.0,0.09747580878089683,0.4241817332356303,30.19959004299113,58.0,3
40547,1.5954046671017168,1.0,136.3752359098381,1.5903688309600632,1.4913416009490772,0.08226457702046334,0.014765940356248917,0.0,0.12331669781090818,0.6406253525679155,21.69071849887453,49.0,3
12323,0.0,0.0,159.91428339909598,0.2409866415684936,0.28402374109287,0.03482762600454365,0.35373740916090357,0.14397553805943164,0.10212019116983716,0.0477083815054258,19.669159687960125,26.0,2
10989,1.5954046671017168,1.0,127.11192583458406,1.8484962499838813,0.5680252931599925,0.06318652327346878,0.07389085414700808,4.7099152521222085e-06,0.07824336696718033,0.057575934581328994,27.287601732984488,11.0,1
50801,1.5954046671017168,1.0,134.82690052781777,1.2680121847925503,1.393177598252768,0.030629476337651843,0.02502350614647099,0.08129859283466698,0.06971386977315287,0.6624195015311976,25.61514926207962,25.0,2
11704,0.872923795046736,1.0,114.26137437123988,1.5972380637191486,1.4887850777116909,0.06969534196105091,0.015720724575124998,2.7799704757133036e-06,0.026306164916656116,0.5809184321198676,22.45986108903377,31.0,2
158540,3.873488880460096,1.0,105.86141413580711,1.6951965578252368,1.85017773398087,0.044864046298832415,0.015243683732244764,0.14699581907929538,0.09479702346996888,0.5870941836445066,26.763141467239336,19.0,1
111060,2.81870192439919,0.0,115.03127288335321,1.3416702104497014,1.0995302396656046,0.0851415328131488,0.012462949201906487,8.767062468692628e-05,0.04851206876569219,0.567661430117058,23.74861487238556,15.0,1
124007,5.270402895934253,1.0,134.61625105089905,1.7382106712178036,0.5955704093858848,0.05581785744347516,0.10074959601613999,0.005864813330088342,0.05828948169065652,0.7906625533781805,24.04922594908954,30.0,2
919,4.824000686513771,1.0,79.23633434297957,1.867263047261125,0.6466911138682083,0.11521531410293635,0.03861793216455963,0.0,0.06776790858233991,0.4784445662216481,30.64413104091517,48.0,3
119585,2.234779091684268,1.0,129.9597603161602,0.6352505547361027,0.6007871602881386,0.04718972990883316,0.2569545847468735,0.0,0.12306481658547469,0.5826836339638324,19.97657576733027,35.0,2
154956,6.117892928831929,0.0,102.79202063847569,0.6632195463963222,1.640530318907042,0.05992821307386076,0.0013572406464509139,7.799767580449118e-06,0.14131345052778904,0.3684149667388865,29.793197054245667,33.0,2
82158,0.0,1.0,102.3956954846798,0.39889551584562244,0.33061589901214944,0.03134499269087866,0.3494665287383906,0.1374628889344402,0.06474316603131854,0.15497339791921644,25.736006648548415,43.0,3
72334,3.3619271977508447,1.0,113.63464285398057,1.274062926972884,1.3758917009694793,0.11135185545816513,0.18376520063227575,0.0,0.1446848075871672,0.5187756442984244,23.85439621660024,33.0,2
24178,0.872923795046736,0.0,102.14527195099306,1.7382106712178036,0.5225970518766018,0.05752756983506813,0.17183062586123532,0.0,0.03819542292774373,0.29337171326094935,20.165075013657994,36.0,2
112311,0.872923795046736,1.0,115.95930396032443,0.9615409198141054,0.9633865604732803,0.1146152668702922,0.21463560404457743,0.0,0.09833371298734968,0.4004880737342039,26.837556020791574,16.0,1
8168,0.0,1.0,118.79324724803953,1.3984299557000819,0.850866867530047,0.02770197444137078,0.21593067514693054,0.0,0.10212019116983716,0.7582161929317754,24.504283935496787,67.0,4
41066,1.5954046671017168,0.0,166.4285839242232,0.8454152376174606,0.6755598265644066,0.03345331143459896,0.13422605430153228,0.002965912600349943,0.07160547706998972,0.2971052741693927,21.40819443147345,32.0,2
65710,2.81870192439919,1.0,110.29223414585792,1.3416702104497014,1.1286011489630472,0.02829596852094633,0.04959298730708899,9.286703840341381e-05,0.09355379050258464,0.5685462219497042,26.900724282145944,47.0,3
159623,1.5954046671017168,1.0,111.5299212910196,2.045180298001813,0.9760166024735442,0.11114030478122258,0.1523395503043589,0.0,0.14275967910907167,0.7770219563481559,28.818941276970893,29.0,2
43476,5.701060861471607,1.0,85.79403542399982,0.633122062221687,0.001792429178914073,0.03809250140100743,0.3753400103877654,0.14876792934782157,0.08150955334797905,0.07743532012723064,24.524326398504115,43.0,3
110107,6.117892928831929,0.0,90.78624512055329,1.3952422166886544,1.2131933798627534,0.10462353021933235,0.05836061652265536,0.0,0.11651353817190897,0.5089451600367382,21.579129082132877,1.0,1
39429,5.701060861471607,1.0,80.76543427797199,1.5125831187873215,0.6993657939488159,0.0897636276352218,0.3516246407894022,0.1440029101497214,0.07113757653068406,0.10947906558311733,28.48245495224875,42.0,3
72204,6.117892928831929,1.0,122.45690093196009,1.4597729435754092,0.5275795784089966,0.04937984661545867,0.3427068096617039,0.01889917121527426,0.08534643612555834,0.36381610868103414,23.18639585432308,2.0,1
15615,6.117892928831929,1.0,107.93512473095933,1.635322297431103,1.366059372813981,0.07226092540897922,0.02843186267997368,0.00012693840554597888,0.07160547706998972,0.46763733513873956,26.500781524960434,77.0,4
146179,4.824000686513771,1.0,89.24012706110722,1.6492989120715298,0.7384885474384946,0.09296857348240582,0.012751715278126845,0.001984806558653298,0.07782218133052284,0.4014014281029086,29.137792886563314,54.0,3
42904,4.824000686513771,1.0,165.0166494060944,1.249954663221884,0.971798776571637,0.03345331143459896,0.0,0.0,0.07523239892816581,0.4694400923118106,27.286566407548573,27.0,2
156471,3.3619271977508447,0.0,123.97581750661301,1.9013237270942018,1.4380918973981762,0.0461533086282955,0.2460265192220273,0.003939573289650818,0.0944893301378407,0.8187012206330496,25.88452663970871,39.0,2
147477,5.701060861471607,1.0,91.48103581097556,1.0660306262012467,1.5926792334280553,0.03697595187732207,0.025486241740571458,0.002652771794181869,0.1432248914557322,0.36381610868103414,26.385889075839362,56.0,3
17848,2.81870192439919,0.0,79.27420700506491,0.6785107863592905,0.47687246253654997,0.11611811209378554,0.3653873670030248,0.13793579055402838,0.04825866070611102,0.18376276966746116,20.965355340510925,36.0,2
132560,0.0,1.0,108.70612255770249,1.3230403074748542,1.0078998505255499,0.04071676728200563,0.09424038591331747,0.14714191966744974,0.09833371298734968,0.8744040626692703,27.841424381677218,9.0,1
48687,4.359420279727952,1.0,76.63855298316011,1.6528037535325126,0.9612883852905215,0.09442669630209094,0.1796884828622201,0.13376264379882233,0.12215914027194473,0.0654526455184243,23.197233103373577,19.0,1
7033,2.81870192439919,1.0,128.14303793531548,1.5226033909488335,1.1017545099034765,0.032054095044992494,0.04822107664482468,0.012377812595437692,0.0642263303982092,0.832250298026632,24.318502164539762,59.0,3
1924,0.0,1.0,72.6222280529907,1.3762010353347607,0.27850199182241897,0.0756753591574628,0.08682041266096152,0.14846866504801617,0.0692325431781873,0.3305760518370182,25.28895452166658,22.0,2
17067,4.824000686513771,1.0,64.90924542528404,1.4926549618789116,1.1671264680853237,0.06450986144918483,0.04649739313307388,0.14790716125883133,0.07523239892816581,0.7005791303777831,31.592860448136122,14.0,1
1728,1.5954046671017168,1.0,176.98390918764343,1.2083700310814445,0.47687246253654997,0.05223874875548161,0.1744815277128284,0.0,0.07948948280021469,0.5026799590533929,28.979971093154642,51.0,3
83686,6.117892928831929,0.0,138.5157101803378,1.5698625629767227,1.2482734227611447,0.06616661355998277,0.10429869371523375,0.11796375845620094,0.06217493746567762,0.1971334117769646,24.887211491604162,26.0,2
100768,4.359420279727952,0.0,92.81547105157202,1.4208581649724286,0.8270912295607865,0.10723265730154023,0.24819787995466153,0.0010755578725053392,0.11651353817190897,0.5773863402581226,29.7907594421659,16.0,1
106753,6.117892928831929,1.0,39.810015711807544,0.6675719032394865,0.37907688330725015,0.029471148318205066,0.029985624383385114,0.14759657025333267,0.08307607176161669,0.3082883206301165,33.748180091174035,28.0,2
31872,6.117892928831929,0.0,117.4235365593984,0.6373823175983337,0.8448971249366763,0.032054095044992494,0.3060809988926816,0.12859288017807205,0.11443906789033216,0.1491925360676931,27.712161942323537,27.0,2
25921,4.824000686513771,0.0,122.03478469486063,1.7094653201885666,1.2506282976724197,0.06056899457987591,0.11194284909103239,0.0,0.04685152863155863,0.8760844031087931,24.463468798792118,28.0,2
138212,4.359420279727952,1.0,75.22869492531535,0.8139590618663869,0.7977581590258924,0.08636722143496323,0.2697376361401066,0.0009961907158109078,0.1220266290353647,0.475744849543228,19.54415992665256,28.0,2
120221,5.270402895934253,0.0,182.8733516059037,0.5974354268582583,0.5459877684173237,0.030916456657733713,0.06313996865797028,3.239599001733518e-05,0.08534643612555834,0.16939184884033198,29.189734780882862,15.0,1
34847,5.270402895934253,1.0,92.21743424675073,2.053133596177965,1.2459205763017733,0.10639383282620979,0.019417686065019802,0.0,0.11315533132292098,0.5782695745186084,25.65430834092966,39.0,2
147791,3.873488880460096,0.0,85.03390941511934,1.1878644052004304,0.9781284470444853,0.08612600426799331,0.2988083318684791,0.0,0.07253143383276514,0.6134845293745955,27.30209348016717,29.0,2
168,6.117892928831929,0.0,171.93826805713343,1.5026003343861656,0.9591921604105726,0.0614711458158501,0.23081248243290878,0.0,0.09917475099732172,0.8051225882576657,24.870813407619664,21.0,2
26966,3.873488880460096,0.0,122.82290541925872,1.5766811031181405,1.4939002107471904,0.06279572776316904,0.079196038339907,0.0,0.09029545927515505,0.8178534252352518,25.33825569383303,56.0,3
13788,2.234779091684268,1.0,40.25697571672036,0.2710396899408596,0.14912856914224387,0.032054095044992494,0.34605478800853107,0.1487428283688967,0.07567160824092482,0.060531497258383915,23.146195956648008,48.0,3
8554,1.5954046671017168,1.0,82.38189945269285,1.5293044363985917,1.3270588689493945,0.09370898039945591,0.08379560804947994,0.0,0.11634650289624089,0.5089451600367382,23.904407607165545,9.0,1
86037,3.3619271977508447,0.0,124.62524077049444,1.2649927397327414,0.7536102102164997,0.11482428707732073,0.1847723004118197,0.012377812595437692,0.10133787158252591,0.37851739929939954,26.179844670799323,49.0,3
9005,3.3619271977508447,0.0,115.03127288335321,1.1995585970342593,0.9993545321705947,0.09121551619797047,0.10429869371523375,0.0,0.06006529268604362,0.5160963935823022,22.161600358544263,68.0,4
23189,5.270402895934253,0.0,134.46575822922674,0.8478595149544487,1.1062090211057984,0.03345331143459896,0.2838582084562178,0.0,0.08608269509259017,0.7092172109919126,27.591864216006933,5.0,1
120596,6.117892928831929,0.0,136.97084781245727,1.818699770638293,0.858853361084863,0.0916158468366306,0.007905355412165744,0.0,0.0875253578926078,0.5259137815807644,25.787415883314075,26.0,2
92227,5.701060861471607,0.0,104.40636118513784,1.7309982986371468,0.5544274649064301,0.11017367031918551,0.13547693088861773,0.0,0.1151478184282261,0.4032276391499472,29.05901723975383,22.0,2
62150,2.81870192439919,0.0,123.68138734995942,1.2680121847925503,1.5067245784156227,0.04557037994341877,0.1220165471564242,0.0,0.1028873097127769,0.7642061619901985,25.355400512773162,16.0,1
13280,6.117892928831929,1.0,117.36726840465516,1.277094229670491,1.3101611541437503,0.02844379682282684,0.22144278435145062,0.0,0.07207008747600625,0.6849985289500192,27.050980518257518,49.0,3
136589,4.824000686513771,0.0,112.01414612429954,1.3604447167824396,1.178567726183657,0.03861210524436159,0.015529992453677007,0.1097187703044099,0.08858182813778119,0.38951482378095875,26.638759424206363,60.0,3
68450,5.270402895934253,1.0,33.25949980407966,1.5393873568146128,0.8608547809331345,0.050636785623080244,0.131070708116066,0.0,0.10133787158252591,0.7513632447261314,25.136005896869474,32.0,2
31733,3.3619271977508447,0.0,132.55238835869508,1.6633439737814455,0.7593119202228912,0.03240626087208351,0.0978759997682047,0.0,0.07866163055322024,0.44142678332063784,26.768911004026656,47.0,3
137738,3.3619271977508447,1.0,142.93674178422648,1.8484962499838813,1.2039155262962848,0.03530284399437761,0.11601985112802114,3.779945415078446e-06,0.059790517208288665,0.867678271931209,24.331654211733504,24.0,2
127232,0.872923795046736,0.0,89.63897410693036,1.6457983485520453,0.6095183704904821,0.11826104743227153,0.12915797286804528,0.0,0.10363955969640551,0.43054194018397496,27.362074979556997,28.0,2
122791,0.872923795046736,0.0,141.36897701077424,1.4728761491942823,0.593835151024814,0.11185624232246855,0.3092152367522777,0.00016889094262087203,0.07523239892816581,0.16555160761465107,22.603806385736533,11.0,1
158070,4.359420279727952,1.0,132.5423340272254,1.2113149601562354,0.3134583851303576,0.05581785744347516,0.06808366584766418,8.427285794548387e-05,0.10741349334001439,0.2521047362767937,30.46216718732639,9.0,1
134600,3.873488880460096,0.0,141.19960936974792,1.5293044363985917,0.9279824033589994,0.07366089915094279,0.29906579540725825,0.14327763949295524,0.12787593330562827,0.5285881430572061,22.46222342801796,35.0,2
4103,3.3619271977508447,0.0,114.51295592272875,1.9666508341413012,1.2742887424067721,0.02844379682282684,0.1892456434457902,7.947586052457237e-05,0.13008243038714398,0.684131723091564,23.190875664578844,24.0,2
71981,6.117892928831929,0.0,68.76730734007837,1.752687621763492,1.6138618224161947,0.080004802065222,0.014765940356248917,0.0,0.12499849218571271,0.8718827224649798,28.934984299568345,31.0,2
148635,0.0,0.0,114.17920813944393,1.563060875323366,0.8448971249366763,0.0614711458158501,0.08682041266096152,0.0,0.1028873097127769,0.6797957612726563,24.264444296859708,30.0,2
153100,4.359420279727952,1.0,164.0418915109866,0.9075856561859189,0.7141723179935984,0.025435779189136993,0.25661306681080637,0.0,0.07019179955184995,0.3536834419639886,26.408391893930418,55.0,3
126581,4.359420279727952,0.0,98.40446325844556,0.14411234201688544,1.8416670275191742,0.0685487630522728,0.17183062586123532,0.1312356419071509,0.1422982595179943,0.006993692540088694,22.85208521448179,2.0,1
123195,4.824000686513771,1.0,22.501683678509032,1.7166256457400175,0.8809746737279629,0.04888106720670597,0.008207920032530163,0.1205882402115548,0.08716837634649345,0.2896351940766277,25.976707129466018,39.0,2
95506,2.81870192439919,0.0,98.87643748148055,1.277094229670491,0.6449025530655125,0.10558557925566092,0.2800839896815336,0.10013504319183014,0.07389614600927014,0.11822862398498821,21.702052678127256,20.0,1
3043,0.0,0.0,28.36292184080287,1.277094229670491,0.45611891744501903,0.07881827414418355,0.3210304668545022,0.1468138836082364,0.08680895131871912,0.5711997449849593,28.167300713164202,10.0,1
11919,0.0,1.0,101.30466739359684,1.5528898930012174,0.6938441627854506,0.04373026595070187,0.25661306681080637,0.0,0.06365352429629562,0.22091007236670035,25.68870783337009,63.0,4
38226,2.81870192439919,1.0,82.82832076253268,1.6598262815654952,1.2695403925683402,0.11488230646481791,0.2300164851229946,0.0,0.10673525114395638,0.6815305328788934,28.139429639871324,58.0,3
158126,0.0,1.0,125.85173646732139,0.9177400165281233,1.1129057238060638,0.06102200408319748,0.07686774310307744,0.0,0.11979409945598393,0.2971052741693927,27.74224474034539,52.0,3
76043,1.5954046671017168,0.0,132.1803052586983,1.2559580752183774,1.3416224885557462,0.0431865287142909,0.14704857682625724,0.0,0.0560111652642022,0.7530772108816399,30.042817300620513,38.0,2
43600,6.117892928831929,1.0,77.98508077321414,1.1246497122921346,1.7603971408092527,0.11108650909359,0.050020433388347954,0.09839630700281216,0.06742164623006794,0.7161185947953245,31.20370338096273,39.0,2
111373,2.234779091684268,0.0,86.33944903248813,1.8002204158456978,0.7919429048882065,0.10270424619248793,0.11056948609566525,0.0,0.07253143383276514,0.47214306179705734,23.439386786271225,16.0,1
144069,2.81870192439919,0.0,115.53900212947036,1.573269725078865,0.971798776571637,0.1090864959917678,0.08073762434352733,0.0,0.06627170617944157,0.7005791303777831,30.690849830555077,24.0,2
25304,1.5954046671017168,1.0,60.13582961581089,1.8484962499838813,0.8708906902532544,0.11306008200418462,0.05510287280776125,8.599717460428175e-06,0.11667954399222695,0.745360522114038,31.24784118538565,22.0,2
42961,5.270402895934253,0.0,109.10425116190717,1.586940561014816,0.8035905104059599,0.10808882738822913,0.2832838458935142,0.0,0.03946287364222885,0.5835660242459407,26.250729961949286,41.0,3
52902,4.359420279727952,1.0,107.87817427873915,1.071541642188199,1.5663907762113518,0.03254668444495259,0.001974156102805006,3.9094160204793674e-05,0.042761062469472144,0.5366032848165226,26.512001377321695,52.0,3
52582,0.872923795046736,0.0,90.73848361419027,1.5427567021324977,0.585186269256022,0.09692880978339921,0.18825977665822002,0.0,0.12065670517582489,0.39683299385755855,28.04503478837574,47.0,3
17208,6.117892928831929,0.0,83.62886970845952,1.635322297431103,0.8911068094754843,0.03414355059055638,0.0978759997682047,0.11038156139749708,0.08644706391858864,0.7264556430606567,26.32970745462951,5.0,1
96465,4.824000686513771,1.0,124.78752082390164,1.3354442055656686,1.1900592475800453,0.05776762020712451,0.18376520063227575,0.0009961907158109078,0.0652563208801996,0.4513843481564584,25.304078656028114,35.0,2
14965,2.81870192439919,1.0,163.97362738598363,1.1531530780227583,1.691784810850091,0.03590947778731781,0.0023119804074790097,2.6697276783785746e-05,0.07298954199416931,0.3922603925171521,22.6145369914909,36.0,2
14408,0.872923795046736,1.0,72.21668744044852,0.9075856561859189,0.5192843709763387,0.03590947778731781,0.1098800831673712,0.0,0.06899059756252661,0.35276125013630455,19.841639646222852,27.0,2
82494,5.270402895934253,1.0,146.31773496766718,0.8043990271576443,1.757626974603384,0.05431056943270107,0.0,0.0,0.09479702346996888,0.3240861578407269,27.45909658262171,54.0,3
1677,0.0,1.0,116.36402287809189,0.8163577776207587,0.7309728561567572,0.061916456303725574,0.30945321700189027,0.0,0.07697095147323091,0.37759984787925627,21.51049975176212,77.0,4
104181,3.3619271977508447,1.0,124.86357919840196,1.1474217637968984,1.234186749955301,0.02770197444137078,0.049079250964874775,0.007761030056575878,0.06971386977315287,0.6423719350959114,27.11263988018314,45.0,3
141881,6.117892928831929,0.0,26.03559747126687,1.0251752790418884,0.15034099223757447,0.11873558608904501,0.3477747674240067,0.0,0.13845494890294738,0.6493529401476361,27.304292662262544,10.0,1
138701,5.701060861471607,0.0,126.63640279844218,1.573269725078865,0.9217929097588613,0.09829752883170788,0.02129722678586382,0.0,0.07523239892816581,0.3064263084600735,25.249139186470355,6.0,1
154415,4.359420279727952,1.0,176.99837816359607,1.0387004217770066,1.550718696885937,0.05581785744347516,0.002986602388962986,0.14636849726653992,0.05940416375632923,0.21426532189317865,26.8532594402499,10.0,1
102929,5.270402895934253,0.0,123.3614615619596,0.5486362213143707,0.46725657598435466,0.036177528458350545,0.3208135880075849,0.14256257067207853,0.100270542490563,0.07625825463492976,24.797000251628507,53.0,3
14218,6.117892928831929,1.0,110.6998577196514,1.1733338226503915,1.1241067643567022,0.0431865287142909,0.009852506517610308,0.1228302628351898,0.08858182813778119,0.39317524704291157,28.52566835745354,26.0,2
3135,0.872923795046736,1.0,92.50329057017973,1.3416702104497014,0.9012871754952682,0.1063065939423024,0.21025463587619359,0.0,0.07160547706998972,0.5178827095260955,24.466116910937536,61.0,4
119188,0.872923795046736,0.0,104.26589983718814,1.258965687733321,0.5342481847143612,0.06816008079340606,0.2791991299722246,3.509952934465802e-06,0.06474316603131854,0.38768360549391373,31.00348301682967,8.0,1
120467,5.270402895934253,0.0,117.40307585864237,0.7006382405716461,1.6218401523063755,0.042821623692057054,0.00021293221236092847,2.769706898594117e-05,0.1031396955853106,0.30363192158696917,30.994706090483962,12.0,1
11835,3.3619271977508447,1.0,121.01168335905854,0.8356733126244692,1.0358893422160114,0.036177528458350545,0.17395390653627266,0.12627545705346438,0.06971386977315287,0.3509163440956271,27.9124655657852,31.0,2
125854,0.0,1.0,128.65814823856053,0.8824506569237538,1.8050118109561257,0.053747987292612404,0.001635988970882703,0.11167039330784133,0.12393343090235127,0.44595533372469104,22.458679856859217,19.0,1
54393,2.81870192439919,1.0,137.87606824139613,1.3076254137645986,0.903329043187519,0.07226092540897922,0.19217553698332104,0.14245895917801923,0.11296729991626979,0.6519686275075127,31.95122865953668,59.0,3
46266,4.824000686513771,1.0,134.53097474593497,0.6653940706483308,0.7726819849845797,0.030629476337651843,0.23667272982350548,0.0,0.104861145959801,0.23038562363391338,24.276775533796876,54.0,3
26596,3.3619271977508447,0.0,104.18265072436712,0.8675408250285294,1.6782223903772442,0.07664561864626834,0.3060809988926816,0.0,0.11749437973115917,0.7795818849243831,26.735199688656078,32.0,2
63183,6.117892928831929,1.0,82.60246378771775,0.8235748656635028,1.5325301385083494,0.048209874127943704,0.23551596238262423,0.0,0.0700964840406363,0.2774709371189399,32.86761732453794,22.0,2
25907,6.117892928831929,1.0,57.86770987207932,1.7202123044997546,0.5921017208742838,0.05636078343304576,0.24234522406641582,0.14813789512926956,0.07782218133052284,0.7462184204087837,28.586518384305386,41.0,3
55885,4.824000686513771,1.0,108.33883216922862,1.6110273795933783,1.2695403925683402,0.03359185530961047,0.3055920446641296,0.0,0.05687327673656359,0.8752442881447556,26.63862787222711,17.0,1
81154,3.3619271977508447,1.0,30.96071934826955,1.5059237685634277,0.5275795784089966,0.04379041442699696,0.0949714230421777,0.0,0.10186112363500793,0.5923822294541841,25.39387968979888,6.0,1
22440,1.5954046671017168,1.0,124.23970429649755,1.5125831187873215,0.6810255875210611,0.02844379682282684,0.09129645354967957,0.0,0.08229821707572699,0.7031718835524514,24.154958800320376,60.0,3
5233,1.5954046671017168,1.0,90.41467207409923,0.8799567951318898,0.858853361084863,0.0856377240318309,0.2684731067739852,3.849943374729479e-06,0.08571582562284803,0.5241301357294121,33.30346772983825,15.0,1
14307,3.3619271977508447,0.0,121.72951028386673,1.8975213518964196,0.5443052610488156,0.10270424619248793,0.14525821594835667,0.0,0.07434469244013149,0.3175874845356611,25.977242412691957,20.0,1
54348,3.3619271977508447,0.0,120.86396973019771,0.9798822134503042,1.368514367277708,0.07759212050764247,0.24159944956993276,0.0,0.058457712096383514,0.7906625533781805,23.782016446710646,31.0,2
81338,3.873488880460096,0.0,86.31272454281373,1.2172165115891747,0.26617686285745656,0.06322975991368103,0.35129560712583835,0.14837748463692157,0.0807099107755365,0.326868612631449,19.79154361495227,51.0,3
5827,0.0,1.0,115.87731098217972,1.0441365530273317,0.20530068529837028,0.0711798012622476,0.3677746731213747,0.0009961907158109078,0.0642263303982092,0.49640736697300886,25.53183485417538,18.0,1
31597,4.359420279727952,0.0,139.13495996980112,0.1571809461143201,0.07931775464716478,0.040085503505564654,0.37050428781081524,0.14883495884772957,0.06874779249788905,0.07135016416561014,18.45614924276322,49.0,3
30621,0.872923795046736,1.0,62.363894600283736,2.1541043833322413,1.2201729728079924,0.10235887299442069,0.028065156470147463,0.00020284266287495686,0.06747121786729587,0.6510968640924567,28.310665985776502,27.0,2
127324,2.234779091684268,0.0,75.39763927072043,0.8899536272626166,0.5309102739761682,0.10337243046019386,0.23590238986591258,0.059811938514290716,0.07567160824092482,0.3922603925171521,31.87333052477381,41.0,3
87841,5.701060861471607,1.0,78.04472877953525,1.1907821343351075,0.8729036385143312,0.09844389461644934,0.20757782895809845,0.0,0.10237756976806238,0.5026799590533929,27.75401577780966,52.0,3
45137,2.234779091684268,1.0,51.680907549544465,1.2083700310814445,0.42787759020018756,0.037174223482640885,0.352279493375899,0.0,0.08892922146119757,0.7264556430606567,20.974322815419388,19.0,1
83693,2.81870192439919,0.0,76.05655328742202,1.489348138354589,1.3562599631415344,0.03296644366899756,0.02925539670568832,0.1414538593150346,0.08030591854684666,0.1703513804874109,24.18910367163697,24.0,2
139880,1.5954046671017168,0.0,71.00910290983121,0.9485494790226465,0.10309892739980701,0.03345331143459896,0.3516246407894022,0.14607939875372355,0.1087314302634894,0.1942716743024051,23.529652816717967,25.0,2
15383,0.0,0.0,79.05775704281713,0.5132321194330479,0.2993483601119892,0.0431865287142909,0.33832185948404825,0.14830613545063218,0.07610775407689287,0.1866313169426985,22.9657287611552,36.0,2
33691,0.872923795046736,1.0,111.62782072575921,1.249954663221884,0.971798776571637,0.03345331143459896,0.0,0.0,0.07523239892816581,0.4694400923118106,27.286566407548573,36.0,2
56689,4.824000686513771,0.0,163.24684900655976,1.0965276954317247,1.1992887046249214,0.026198033914667747,0.019417686065019802,0.14767258601261452,0.10999979085255757,0.4214534979133966,26.191290892332585,25.0,2
111660,2.81870192439919,0.0,115.61590293404122,0.7690426018513223,1.730043125748694,0.05631163987576615,0.0,0.07062026919522872,0.0912961293942096,0.25587148181996267,25.684257896160798,49.0,3
90051,6.117892928831929,1.0,112.6267252893181,1.0278728688856018,1.1557353982549923,0.027552803013641613,0.013712425199831665,0.0006235103928898083,0.10650624542551308,0.098662692203127,26.636786098108477,24.0,2
147686,2.234779091684268,0.0,73.24087935969413,1.6110273795933783,1.1489248154734721,0.09957570687151389,0.09055548875425853,0.0009961907158109078,0.09861591438912895,0.47214306179705734,24.51917765744075,32.0,2
112982,5.270402895934253,1.0,92.99530360564893,0.49018984423203915,1.7659439067404081,0.05743125917177892,0.002758574459070547,0.14840837001970544,0.1283610048523297,0.45319275256535035,32.55866147187702,13.0,1
63088,5.270402895934253,1.0,93.03760993300443,1.5026003343861656,1.5015885652972079,0.05556935789140062,0.0015762767956208703,0.13618895995534963,0.12242178962049771,0.36657593878089856,27.02780100771894,38.0,2
22877,4.824000686513771,1.0,102.70338794240519,0.4788351013562413,1.79660463980821,0.07261531317345733,0.003976213546291906,0.001984806558653298,0.10339044157515012,0.3803519932120896,28.852217960822966,49.0,3
157666,6.117892928831929,0.0,83.82212683698542,1.7781902494919293,0.6901723993940194,0.10763012901892503,0.19744118313193104,0.0,0.06286511691039007,0.7135315184130544,22.715354963525872,34.0,2
36175,4.824000686513771,1.0,124.8686495208574,0.7667130778006805,0.36863987357613676,0.03724019604240859,0.1304347681620652,0.0,0.08384328428839721,0.1075322378998024,26.008276032273365,4.0,1
15229,4.359420279727952,1.0,103.19854852371643,0.6545544784683045,1.2600680937293525,0.0431865287142909,0.008880373055813805,0.0,0.0875253578926078,0.721289365608233,32.4069340127224,74.0,4
95073,0.872923795046736,1.0,102.08265236880443,1.0414166221981487,0.6920073491138415,0.09181366582891372,0.07530484433310232,0.0,0.08190524688566762,0.4169031817689732,25.775713619799802,12.0,1
60655,0.872923795046736,1.0,118.19044563346225,0.9511404885049599,1.7135954813782412,0.04899224740895944,0.0,0.0,0.1110204011529758,0.6884644671359176,24.695488539384993,49.0,3
140497,0.0,1.0,88.18061589059869,0.6939649337958178,0.7631224941741739,0.027253648886448583,0.2911238442445418,2.199981510007411e-06,0.1192013035939258,0.3766821266125737,19.71575740467638,25.0,2
31214,1.5954046671017168,1.0,179.69629917323394,1.456507450130662,1.4836782886015223,0.05328367386024081,0.10074959601613999,0.035267599177157063,0.11041192561352685,0.6806632116178793,28.104437442661187,26.0,2
112879,0.0,1.0,130.4436039431526,0.7482001681201292,0.11350499871999624,0.027253648886448583,0.35643393693268677,0.010552014101597989,0.07567160824092482,0.07537523328320962,23.66775122321112,33.0,2
71195,4.359420279727952,1.0,116.8146120843584,0.894973455755926,0.7726819849845797,0.02597008295674694,0.241972737467687,4.10935475411943e-05,0.09889625578485943,0.38951482378095875,21.72350118540411,5.0,1
121745,0.872923795046736,0.0,119.4211257993747,2.0332846826395863,1.0294007007666441,0.06292632681838277,0.08019902976976555,0.0,0.08030591854684666,0.7048997520634385,25.162133659331467,40.0,2
113502,0.0,1.0,115.25184104542821,1.313779393613908,0.850866867530047,0.09628957850027947,0.1373413159554467,0.0,0.08268848505094586,0.5035754392914052,27.63024948664283,39.0,2
45745,5.701060861471607,0.0,106.20916265855539,0.6632195463963222,0.05633877128502868,0.03421223449066382,0.375466997075387,0.14866510521289292,0.07654086052747315,0.05649168630009414,26.27875556789592,42.0,3
22998,3.873488880460096,0.0,98.32052292053916,1.2024918523025487,0.850866867530047,0.08115311709967152,0.2722361158306361,0.07252479276527941,0.08229821707572699,0.4910249444225651,30.65022756526431,38.0,2
129350,4.359420279727952,1.0,40.01868427875632,1.2801294904916005,0.21693416964812412,0.03462304693822591,0.20303395783663156,0.14876792934782157,0.11532226495594795,0.29617216065705904,20.169518525339083,27.0,2
6136,0.0,0.0,102.55216575897472,1.3920585419964056,0.6956828410527327,0.08199009495769913,0.03835177025479612,0.0014321110484759498,0.07523239892816581,0.1818493657511305,31.34787788629843,6.0,1
74225,5.270402895934253,1.0,168.93662107117072,1.5293044363985917,1.2766659695073987,0.03414355059055638,0.3033689816821263,0.0,0.07019179955184995,0.6362565578510048,22.244480665670938,54.0,3
117501,4.824000686513771,0.0,70.59676056522537,0.7667130778006805,1.378354930922237,0.08867623283039489,0.011981103784704574,0.14765109619313957,0.13528264563514616,0.35921294629456185,31.58173724282809,16.0,1
95833,2.81870192439919,1.0,148.14999066884567,1.2172165115891747,0.8628581206184712,0.025435779189136993,0.3362515133779401,0.0,0.09355379050258464,0.4041404961216831,25.528043453316076,25.0,2
11714,2.81870192439919,0.0,94.54299379413919,0.894973455755926,1.6782223903772442,0.04071676728200563,0.010046588110102056,0.0016495230198917178,0.12654701746975344,0.6090947568251034,23.621826561618228,32.0,2
61800,2.81870192439919,0.0,114.87222109749852,1.6041242390834507,1.0402249611304715,0.08253683745040954,0.2855678070131954,0.0,0.09479702346996888,0.4150819119420289,26.585181196509794,20.0,1
4523,6.117892928831929,0.0,131.22930251272243,1.752687621763492,1.3808202212133387,0.09661164643050027,0.07056408099918726,0.0,0.11315533132292098,0.4667357229045698,27.635125278269776,54.0,3
3004,1.5954046671017168,1.0,108.87160387196008,1.0909488099104507,1.481128021569572,0.08226457702046334,0.015625372543004,0.0,0.1046199903677044,0.6806632116178793,26.71038963013393,58.0,3
54968,0.872923795046736,1.0,109.20245871903599,1.3857033743699478,0.9259172992484815,0.03345331143459896,0.10918885741547443,0.01941222798933369,0.10437726552568219,0.5446065792778642,24.143851173781826,46.0,3
67064,2.234779091684268,0.0,97.10748813219918,1.50925136242719,0.7593119202228912,0.10442257216654599,0.23551596238262423,0.0,0.1085152749541968,0.39957455327271907,27.860312727965578,1.0,1
86038,5.270402895934253,1.0,86.51045786018912,0.30060308869430796,0.09965886989306001,0.08754475966298475,0.3605683341804634,0.14822373451728077,0.07160547706998972,0.04177618440531738,28.332998389793055,39.0,2
130773,0.0,1.0,109.25414183512343,1.4959659338530724,1.2062319625131506,0.03414355059055638,0.06001745175361135,0.0,0.062121579541474924,0.5303703138952661,25.880502070119604,47.0,3
36879,2.81870192439919,0.0,119.04853957406546,0.5426649349516074,1.6836409726368637,0.06776810307407538,0.0,0.1384445480535052,0.07907699494507488,0.3342806431153462,29.072280586042762,1.0,1
2495,0.0,0.0,152.19918104993394,1.1077309178046657,0.8251223509347365,0.023421221852930045,0.003323400990755232,0.14833816802967426,0.08111111514562246,0.16651198557114857,25.018133711454663,27.0,2
38882,2.234779091684268,1.0,122.5179125411958,1.1133552989984767,1.173985195547883,0.03835276660146445,0.028065156470147463,0.0,0.09162520541474937,0.3342806431153462,22.618064113413276,10.0,1
65257,1.5954046671017168,1.0,144.92897577430966,0.5486362213143707,1.2108708886987363,0.03345331143459896,0.14465841868461957,0.0,0.10533879505897356,0.4232724839940975,28.109891080440867,31.0,2
35007,6.117892928831929,0.0,102.78680725280242,1.3857033743699478,1.5015885652972079,0.03557306247571486,0.0004367147505157529,0.0,0.08422295110813957,0.7324773129381172,26.499065262704747,46.0,3
47253,4.824000686513771,1.0,96.74999291959188,1.7490618513824774,1.314978844489941,0.039448600807730404,0.1014632060448643,0.0,0.08268848505094586,0.7727530213566,23.48082360624555,16.0,1
53490,1.5954046671017168,1.0,163.7980723370667,0.8115638316796402,1.5325301385083494,0.038157654766122096,0.02129722678586382,0.0,0.12476668575403163,0.5844482742465293,27.475201200968137,31.0,2
8798,0.0,1.0,119.87004988142485,1.4305314995612604,1.0143294574313837,0.07881827414418355,0.048650468459405787,0.0,0.07697095147323091,0.5008885459395205,22.473147072583085,67.0,4
34373,2.81870192439919,0.0,78.2019515225078,1.2201731395132756,0.6324343108852805,0.07632487083264694,0.21420196030178915,0.0,0.06830856655814778,0.3766821266125737,25.956762488552002,1.0,1
35594,5.701060861471607,0.0,126.30743416522151,1.6774576631672329,1.4330682921235658,0.06327295966540593,0.05333381640356864,0.006417682091147526,0.07113757653068406,0.49461383429655437,26.635865178560014,12.0,1
82658,4.824000686513771,0.0,148.05598128713626,0.5347472887120701,1.582138574210083,0.05776762020712451,0.0,0.06405100973701222,0.05884883476647055,0.5410510166898501,28.089721699892465,42.0,3
14556,5.270402895934253,0.0,120.36970512171607,0.9563334199741291,1.2909720999978591,0.029178943760520885,0.010821767172170031,0.009628717289747853,0.08497450704940865,0.38951482378095875,26.896673037794468,67.0,4
121931,3.3619271977508447,1.0,147.44223588149663,0.9589353474702558,1.0250847906186369,0.04673112473458526,0.1964938211855431,0.0,0.10741349334001439,0.39774701348203345,26.19395231710604,37.0,2
9426,1.5954046671017168,1.0,91.8519892397825,1.688088075804631,0.5093894862776464,0.03887052098015331,0.00012497665133050573,0.0,0.07907699494507488,0.12502128870570975,24.324798957501187,33.0,2
22588,0.0,0.0,92.18036954645764,1.4112216109464688,0.7650306132434314,0.0412801290540494,0.12593704731803265,0.00029965647339996266,0.12148854744236103,0.3684149667388865,24.755129719170977,24.0,2
132741,6.117892928831929,0.0,117.23937187694578,1.456507450130662,1.3808202212133387,0.0756753591574628,0.1098800831673712,0.0,0.07610775407689287,0.5543724183688273,23.869279521771336,47.0,3
36002,0.872923795046736,0.0,143.6774600856141,0.8724965562789044,1.331905210558965,0.03880600336970576,0.0,0.055685670262276735,0.11371239933650804,0.23417030061314106,22.117918931025212,4.0,1
63478,0.0,1.0,98.95506854039314,2.1418351341507593,0.9341893605956845,0.05904615596595763,0.18426934876289744,0.0,0.07989911657905567,0.5374931232470989,23.902991827022916,56.0,3
20037,0.872923795046736,1.0,118.98217111141153,1.0144220302914997,0.6324343108852805,0.10739334615536911,0.2562708352527543,0.0,0.06874779249788905,0.3342806431153462,22.43312547824541,56.0,3
115364,5.701060861471607,1.0,93.77752769533528,1.532661226759913,1.4406068112877073,0.03550559855419764,0.12723040671399632,0.0,0.07019179955184995,0.8760844031087931,28.997480657895846,48.0,3
140139,5.701060861471607,0.0,60.66442433222401,1.955027965828709,1.0489198800185926,0.0685487630522728,0.051809106786018515,0.06841345819005222,0.1279740703260935,0.19236282222973636,28.941325110731405,14.0,1
75461,5.270402895934253,1.0,63.917381534728335,1.3667351240154904,1.2482734227611447,0.05117544300866493,0.2080265135636827,0.0,0.13631186222496286,0.7324773129381172,25.379743531171325,47.0,3
110952,5.701060861471607,0.0,70.29415854222238,1.3762010353347607,0.3163008607122087,0.030629476337651843,0.3587527883203148,0.0,0.07019179955184995,0.6945249250145904,22.69219500287745,45.0,3
75113,5.701060861471607,1.0,86.63334068660689,1.7708819284359916,1.1376138905461024,0.06522086742444376,0.23667272982350548,0.0,0.12488293093845737,0.8280193672926581,28.5810016203528,17.0,1
138475,3.873488880460096,0.0,124.43756674069893,1.6144853188230401,0.8769353064372962,0.07911856488323085,0.13359821373595446,0.0,0.08858182813778119,0.5658914195524049,26.039017309990918,50.0,3
23217,1.5954046671017168,1.0,149.48499260392916,0.366150337342963,0.15764955306624195,0.032756846992377936,0.3499686469037859,0.14855554980531355,0.07654086052747315,0.06840247319254529,21.610206998979923,54.0,3
45775,3.3619271977508447,1.0,125.53767396459784,0.5891743712319182,0.2499554292750488,0.029178943760520885,0.367913156695341,0.0,0.10237756976806238,0.1866313169426985,23.006722106484496,11.0,1
1659,6.117892928831929,1.0,152.53919635176848,1.0523187556135853,1.730043125748694,0.11140384870955194,0.08981251686689971,0.0,0.14038557465398255,0.51341580185349,29.441130564484585,78.0,4
58543,5.270402895934253,1.0,132.86401850938293,0.915196032112578,0.12404034121642822,0.08199009495769913,0.3694224856483645,0.14790716125883133,0.0846000186739813,0.22754504202061962,24.57480098801967,31.0,2
89156,3.873488880460096,0.0,123.88952939151392,1.0577922600757719,1.1946699466487898,0.08438210118699253,0.21849470962927253,0.10288698952167864,0.08823206529773955,0.13664057928942153,25.437206384244462,47.0,3
27122,2.81870192439919,0.0,127.34959181719088,0.915196032112578,1.6782223903772442,0.060112080397729396,0.03505015914588083,0.0,0.09323773806836998,0.6301346135010327,29.391215193777374,30.0,2
124124,6.117892928831929,0.0,162.99797937231673,1.0063959825440436,0.8310347149247238,0.03134499269087866,0.2791991299722246,0.0,0.10160035464617702,0.1942716743024051,26.592030663180587,28.0,2
16249,5.270402895934253,1.0,122.42130881743947,0.9930930893391963,0.9950936437439697,0.10747283603763581,0.06896625627207055,0.0,0.0875253578926078,0.5588056688922406,27.50520304944527,62.0,4
10572,5.270402895934253,1.0,91.83079766657018,0.6741252782109894,1.5716316228929437,0.04065389307740725,0.24345789896605846,0.0,0.11874712021012017,0.7753147408630994,25.066698678476506,69.0,4
79827,3.873488880460096,0.0,167.25547041874535,0.8899536272626166,0.2001732032125568,0.02844379682282684,0.3722342889233416,0.14851985496221193,0.08030591854684666,0.1443692107658123,29.01473478738963,24.0,2
151436,3.873488880460096,0.0,99.00748428911022,0.6895327855205698,0.6466911138682083,0.03537048937348555,0.2197638288032268,0.1339224353449099,0.051739665881156846,0.3315024662333718,26.330900835442026,38.0,2
6128,6.117892928831929,0.0,139.61909788684264,0.7459014238100226,1.103980770181698,0.06366010318565381,0.03683917775901111,0.0,0.09570786137811908,0.3407568569568942,26.454812396940024,61.0,4
80010,2.81870192439919,0.0,70.926661732317,1.5461302380608775,0.17368545515275774,0.05328367386024081,0.36322782224080397,0.1488048488491456,0.07567160824092482,0.13277101043652648,28.27518698997223,32.0,2
36118,0.0,0.0,146.912338529285,1.4467356640090427,1.0057605767148683,0.026122119145500968,0.23396181207368982,6.37984450151958e-06,0.0909648244230264,0.5694308716311162,23.19000865006594,34.0,2
24815,5.701060861471607,0.0,92.4927055488709,1.1820405678953774,1.1308513369073827,0.11081194339916868,0.030986927302689288,0.0,0.13099723383694759,0.5897388344096739,19.779327935521994,48.0,3
154710,4.359420279727952,1.0,122.44673190748281,0.5229649023558965,1.4406068112877073,0.03684347528477961,0.007905355412165744,0.0,0.14514867951092245,0.5071558543350404,25.741393081199455,9.0,1
42790,3.3619271977508447,1.0,114.84143324347944,0.22058914726502396,0.03825551017862046,0.0340748050535792,0.36707903837705214,0.14772552432777777,0.050327215821000644,0.07723916604445669,18.35057208306497,53.0,3
79024,4.359420279727952,1.0,92.84192013171202,1.0853850452792237,0.6060203886768876,0.10648044685009093,0.17762069843415543,0.0009961907158109078,0.09630503739313614,0.6213775183157527,21.77781411228105,15.0,1
16641,0.0,0.0,148.89681440925486,0.32953771883083965,1.3734305307687875,0.0461533086282955,0.0,0.13793579055402838,0.12229085868403589,0.18471915968581262,27.123297001203042,56.0,3
95133,2.234779091684268,1.0,161.1468211073843,0.6204196326368729,0.36419289502993807,0.026198033914667747,0.29983526196182336,0.001984806558653298,0.08995736455673303,0.1971334117769646,25.002755216782052,38.0,2
2562,5.701060861471607,0.0,151.44977703643983,1.071541642188199,1.208550416448057,0.03134499269087866,0.15000270958900153,0.0,0.08927426336727629,0.45771100209068194,27.587240122520736,44.0,3
109396,4.359420279727952,1.0,124.93963094137939,0.8356733126244692,0.8890765263984753,0.0461533086282955,0.2569545847468735,0.0009961907158109078,0.11389577405950702,0.4694400923118106,29.504240976582768,62.0,4
107894,2.81870192439919,0.0,133.05999028660938,0.8259875510638431,1.01218429027079,0.06534527571603274,0.10570515998144205,0.0,0.12344151675057939,0.21331526928243794,31.565808811222947,49.0,3
5038,0.0,0.0,112.20981158437317,1.6598262815654952,1.208550416448057,0.06459404389736675,0.06671434502687135,0.0,0.06201474868435833,0.7812879084874744,32.395773531712656,14.0,1
36279,0.0,1.0,119.66092205745794,2.0096167646815903,0.48817207662737105,0.11029334661670147,0.059604114318874475,0.0,0.06889357886322464,0.40779027040891674,29.314384683895916,5.0,1
8801,3.3619271977508447,1.0,90.61110205514694,0.2021130503443883,0.029640572774768267,0.03482762600454365,0.3613146724313329,0.14766186378149912,0.07113757653068406,0.036825947133042346,21.18447881289666,67.0,4
70974,5.270402895934253,1.0,135.41847331682843,1.499281057085816,1.5247664907417113,0.039448600807730404,0.15864721974158413,0.0,0.06318149722485808,0.8558909984900992,27.071414147463592,26.0,2
73786,4.824000686513771,1.0,94.8225638596579,1.0632807525460788,0.2566849717186903,0.030701318429724542,0.356590267128926,0.14856962913636654,0.07697095147323091,0.10168630609411251,20.165868545804678,42.0,3
882,0.0,1.0,111.40108751901874,0.8576718908979484,1.1443944415571772,0.05918638842682127,0.17236337369497504,0.10207996056964548,0.11239606234866689,0.41143740592545724,27.506232759720213,42.0,3
17142,5.701060861471607,0.0,88.38307423733016,1.313779393613908,0.9300494478737024,0.11603283490114359,0.08493377205314297,0.0,0.09162520541474937,0.417813571389132,20.7926167032283,29.0,2
7515,5.701060861471607,1.0,151.54348156601824,0.9382217518481557,0.9654866865759476,0.026953409443536608,0.22352051064288078,0.0,0.10160035464617702,0.47124222729765775,24.50052473858727,47.0,3
34506,1.5954046671017168,0.0,156.46373159631796,0.5995087379969654,0.0726508877644811,0.03345331143459896,0.3753400103877654,0.1445486878845403,0.0626534392312979,0.17610414704469207,24.041188125620014,30.0,2
115858,4.359420279727952,0.0,105.5706333697354,0.8356733126244692,0.3701256670861469,0.10859994509028802,0.3508000342321385,1.7398843435764832e-05,0.07948948280021469,0.379434781026071,26.891183592417487,17.0,1
131236,4.359420279727952,1.0,73.94622023443027,0.5327757286296287,0.1228633469718539,0.027478115992428973,0.3753400103877654,0.14840069542405054,0.07989911657905567,0.12889791880300963,17.80445889483154,35.0,2
145568,0.0,1.0,106.19878446422813,0.9459621033695175,0.7688525187496839,0.025741511009059373,0.286415091197947,0.0,0.11497228316209064,0.326868612631449,28.57096927627226,23.0,2
69141,4.359420279727952,0.0,131.2796447933622,1.2801294904916005,0.5342481847143612,0.07727921957627658,0.17710064452048874,0.034751323415794906,0.0834609979772711,0.18089235141197046,30.998738944068805,9.0,1
49244,1.5954046671017168,1.0,170.33413094392898,0.562679835601423,0.9675887642154379,0.02844379682282684,0.03861793216455963,0.01769303436637822,0.1379994292252095,0.3610547290259492,24.609244694922673,8.0,1
26458,0.0,1.0,154.21305338070104,0.7597450800680996,0.4124347299272793,0.025435779189136993,0.31862323659454755,0.0,0.10133787158252591,0.20761071993731683,28.443474244476686,28.0,2
64398,0.0,1.0,116.32304785768967,1.3230403074748542,0.9950936437439697,0.10011646490093588,0.16478578751621065,0.0,0.12767794942651947,0.666768452000647,21.688300026282764,53.0,3
119441,0.872923795046736,1.0,82.29580274851688,1.104924423867234,1.2412209663588705,0.10390712915025974,0.28837287361916497,3.6095021915583795e-05,0.07344443758622808,0.41872379767106116,33.9668559627618,52.0,3
22481,3.3619271977508447,0.0,76.50806587991194,1.3604447167824396,1.5118689516687127,0.03995857585723361,0.062403422993279896,0.0,0.08858182813778119,0.6178708851250911,26.765764088876853,56.0,3
145719,2.81870192439919,0.0,130.20675433828538,1.408017586653165,1.2412209663588705,0.026878179491613818,0.0023517019260328163,1.009961030643975e-05,0.05396269146940636,0.35737047171995895,22.897005235906008,26.0,2
2030,0.0,1.0,149.10938775537315,2.2202499098244823,1.1466586274561965,0.09258961304742667,0.13170501708479113,0.0,0.13139465733721323,0.7778753850791839,22.902688926505633,24.0,2
27691,5.270402895934253,0.0,122.45690093196009,1.0993228154521477,1.1946699466487898,0.1036956043327662,0.08682041266096152,2.7799704757133036e-06,0.09630503739313614,0.49640736697300886,24.232194894098686,46.0,3
139938,2.81870192439919,0.0,112.87882519452974,1.5026003343861656,0.9135673883268748,0.0851415328131488,0.07016545502755042,0.0,0.061693333802855174,0.41872379767106116,29.9296076420529,8.0,1
23869,5.701060861471607,1.0,129.57149093689526,1.13316055416276,0.6846787275032765,0.06056899457987591,0.286415091197947,0.0,0.08111111514562246,0.4784445662216481,30.317406714505015,62.0,4
32618,4.359420279727952,0.0,81.97821008637027,1.6214139493243716,1.4684079384441668,0.06079598510061997,0.21376733495324746,0.0,0.12344151675057939,0.3129401677457382,24.6116045602771,36.0,2
115555,4.824000686513771,1.0,98.62475803168758,2.266422398777513,0.9217929097588613,0.11333843021810176,0.004183657729026378,0.0,0.12654701746975344,0.6336336735553394,27.28371912459049,47.0,3
146510,6.117892928831929,0.0,109.65715035243332,1.837289396713911,1.4734897236080668,0.06357432797182413,0.10217491408483344,0.0,0.1005400101632899,0.6901966663783777,24.04950794500994,16.0,1
56589,5.270402895934253,1.0,104.41676465488617,2.187027436278164,0.6324343108852805,0.11564581627380506,0.053924667438071026,0.0,0.06672392693128805,0.406878074585287,27.802727028337156,39.0,2
120018,3.873488880460096,1.0,146.10954193753895,0.9719997127794917,1.7327918798529205,0.04257727432062326,0.11056948609566525,0.0009961907158109078,0.11479565148345594,0.7118061729084739,28.98009529992939,31.0,2
102545,3.873488880460096,0.0,123.17351328878979,1.6951965578252368,1.095087666887929,0.05186870073877971,0.10640559698907252,0.1447665332466122,0.12777722757972032,0.069581805563666,27.026889177324968,27.0,2
30248,3.3619271977508447,1.0,62.330305990432734,1.2619772416422685,1.2225035455976938,0.06931636345747896,0.23396181207368982,0.0,0.14146663283044106,0.5026799590533929,23.209366771144403,28.0,2
11424,0.0,1.0,61.38316545385704,1.8522407310256643,0.46088154821066385,0.03233595433488032,0.13359821373595446,0.14593551265220295,0.08497450704940865,0.8288657823573593,21.7161015463613,21.0,2
64801,3.3619271977508447,0.0,133.00472038377103,1.2923101708008011,1.4280529796370869,0.11246303557064592,0.07333907014086735,0.0,0.0557796807581785,0.6519686275075127,20.06428566602889,56.0,3
112358,4.359420279727952,0.0,157.9648724719289,1.1646618235594426,1.3270588689493945,0.03557306247571486,0.007934648015399368,3.0196516072525145e-05,0.07824336696718033,0.4269085074607398,28.308015580339045,2.0,1
120825,4.824000686513771,1.0,109.72429783514856,0.5190624428324827,0.9012871754952682,0.038157654766122096,0.07842206986670712,0.09106104626622927,0.09660065570186806,0.5259137815807644,26.64112728426159,9.0,1
149127,5.270402895934253,0.0,194.84315142271333,1.2529544013102096,0.4849346932821102,0.04673112473458526,0.27890300212052405,0.14273189978193468,0.14555134959152125,0.37025330913284016,22.02170487218848,12.0,1
140746,5.701060861471607,1.0,152.76581284549852,0.515172448703798,1.1353577070957022,0.032756846992377936,0.0019940376062208094,0.13898245284998711,0.09889625578485943,0.21331526928243794,21.78128101468553,20.0,1
71950,1.5954046671017168,1.0,148.96108535539784,0.8799567951318898,0.9633865604732803,0.036177528458350545,0.20025699425502924,0.056271470857134964,0.12135199042106064,0.529479302078413,29.2973747155777,39.0,2
145075,1.5954046671017168,1.0,101.81645786623787,1.9089419001378047,1.353815249832546,0.05616395375539321,0.2596612745405304,0.0007160346295889939,0.07523239892816581,0.7445025014285709,25.969747765583392,20.0,1
83674,2.81870192439919,0.0,164.06139479811563,1.1360051413715428,1.0489198800185926,0.060112080397729396,0.2791991299722246,0.007761030056575878,0.12417503957929378,0.7889591378426426,23.689409052870214,43.0,3
67558,5.701060861471607,1.0,178.16016614591945,0.3360917427758378,0.23662190264723806,0.030629476337651843,0.35146025839216477,0.14469493809036457,0.07654086052747315,0.06938527388908416,21.403772094755407,42.0,3
135709,3.3619271977508447,0.0,142.93176866473385,1.9242320163545066,0.8911068094754843,0.03162939973567415,0.14224404248746633,0.0,0.10533879505897356,0.6953901935688297,22.45971343729745,41.0,3
12786,0.872923795046736,1.0,118.82388646904622,0.4219109607463171,1.5170216896823014,0.09477728604255982,0.0014369067972119119,0.0,0.08030591854684666,0.5125219727084062,21.842568974575123,53.0,3
13167,0.872923795046736,1.0,95.3497346143566,1.440241690388494,1.4734897236080668,0.07007114572550133,0.02631747011447818,0.0,0.12578864764343925,0.2774709371189399,26.758682609034228,19.0,1
105199,6.117892928831929,1.0,85.05533463821509,1.7273986281211327,0.8789540273492653,0.09692880978339921,0.06719837402725257,0.0,0.07298954199416931,0.22943896094336566,24.91255211467754,6.0,1
21048,4.359420279727952,1.0,123.99104392852692,1.3168623695632067,0.9570978852161511,0.030916456657733713,0.19601848270027006,1.2799937409002742e-06,0.07434469244013149,0.2511625677425661,28.9283938224845,8.0,1
101332,1.5954046671017168,1.0,48.51661681859857,1.1502855016786524,0.6253501522484253,0.041342447356368994,0.2460265192220273,0.14803011878439143,0.09833371298734968,0.4595172001147029,25.972290756934058,26.0,2
88742,0.0,0.0,150.70477650021567,1.2409790360109807,1.1762754558995927,0.07727921957627658,0.21376733495324746,0.0,0.10510074374136276,0.5570327996307758,24.40125202774098,15.0,1
130205,2.234779091684268,1.0,164.9192108617066,0.5586515365791151,0.043346566462758036,0.03550559855419764,0.3749579057766519,0.14862483687317665,0.08823206529773955,0.0850780231491007,21.79981512292304,49.0,3
128911,4.359420279727952,1.0,158.78815783683984,2.0491546563964507,1.3636064357556406,0.06737279893323408,0.1744815277128284,0.0,0.05884883476647055,0.7727530213566,25.611906690510043,48.0,3
53464,2.81870192439919,0.0,72.57840138058353,0.5850631189120629,0.20916362909390335,0.05728648091811103,0.2878162330360538,0.14378022707720145,0.07160547706998972,0.12114110433570777,20.576508233838407,44.0,3
10546,1.5954046671017168,1.0,87.42880780614325,1.104924423867234,0.46725657598435466,0.09596252188748704,0.3341417403785182,0.12027383939465348,0.1028873097127769,0.45771100209068194,26.477011166230994,64.0,4
58569,1.5954046671017168,1.0,150.24567238485358,1.0414166221981487,0.9341893605956845,0.024666575841302687,0.11803442510194988,0.07252479276527941,0.05940416375632923,0.5178827095260955,26.307158905413438,67.0,4
50451,0.872923795046736,1.0,187.29171835902727,1.2260981136938247,1.5690101476162517,0.10212431892508796,0.022792962324377972,0.0,0.11277808358501228,0.6055804699512913,29.210123235974546,26.0,2
34272,4.824000686513771,1.0,115.18003478999132,0.5586515365791151,1.6325075429004299,0.05531977924046881,0.006927442155667886,0.0,0.07866163055322024,0.6336336735553394,31.364235220262756,43.0,3
17370,2.81870192439919,0.0,158.9400066084783,1.3920585419964056,0.9508267515704789,0.03584231509880679,0.0746772705247517,0.0,0.06596861017267418,0.1942716743024051,29.802458735005242,44.0,3
42399,6.117892928831929,1.0,119.01280336760522,0.9511404885049599,1.4031006457171435,0.044982288551343556,0.023165805092240477,0.0,0.14029348036829614,0.6327591102779849,25.97014930177818,51.0,3
10802,3.3619271977508447,1.0,75.11421808137915,1.886141037519727,0.5259169346537883,0.10337243046019386,0.3582934576644075,0.006939710508637067,0.09323773806836998,0.4568076672489063,24.607301161369065,67.0,4
5041,4.359420279727952,1.0,113.96348151930177,1.3261352750235784,1.32222071931342,0.10432098682144851,0.006525658078072423,2.849968970185522e-06,0.11334218617191304,0.3509163440956271,30.044756181516398,55.0,3
59266,5.270402895934253,1.0,106.67084584100502,1.7094653201885666,1.0402249611304715,0.049600266743561945,0.06150067928691705,2.0098456665771915e-05,0.08307607176161669,0.5623496876972396,29.55329028606376,8.0,1
59217,0.872923795046736,1.0,117.9348886042492,2.029328621294194,1.5953196693962126,0.04998414880074258,0.20072249983297194,0.001025959078889148,0.049892601603147534,0.8802833227321611,26.638759424206363,23.0,2
112848,5.701060861471607,0.0,113.881284590187,1.258965687733321,1.3857569851549003,0.1110323446790209,0.23896380348877203,0.0,0.13335915191286388,0.7821407418654969,21.460758097237473,41.0,3
41072,4.824000686513771,1.0,115.28774177325977,1.3888789288233903,0.4450681356611424,0.03854735724850431,0.2671982360325522,0.0001638972987816528,0.08190524688566762,0.31851640614259263,22.902688926505633,52.0,3
94548,0.872923795046736,1.0,94.76982380567813,1.071541642188199,0.811393604128813,0.04661596813141037,0.17553296004468336,0.0,0.08030591854684666,0.4423328122524797,29.201227652919503,17.0,1
76297,4.359420279727952,0.0,110.09092286009508,0.5347472887120701,1.6647131528044516,0.06816008079340606,0.12593704731803265,0.012377812595437692,0.11041192561352685,0.47124222729765775,26.232921146467945,21.0,2
87125,0.872923795046736,1.0,113.31080931331279,1.2862118976616896,0.8369642726908375,0.093155845558655,0.2292169810837569,0.0,0.10807879371529658,0.43689424042349,24.2389275999312,21.0,2
35804,4.824000686513771,1.0,75.49571126493434,1.6041242390834507,0.47526536432381916,0.11476552077136203,0.27711379178608764,0.0,0.12644056977927082,0.6213775183157527,24.389242727323374,12.0,1
123284,2.81870192439919,1.0,118.11378683349416,1.3730416877687452,0.7707663064582774,0.050636785623080244,0.1786570689416453,0.0,0.14047630593838678,0.5570327996307758,20.633451486736966,61.0,4
127133,0.0,1.0,117.62811553257167,0.2942962661319116,0.007512346544740936,0.03604362302059359,0.37483015478170034,0.14825709864946238,0.07434469244013149,0.03533967515680946,19.20447717605285,33.0,2
90585,3.873488880460096,1.0,109.70880278378252,0.6807085260360416,1.3029499461191854,0.042943474147672495,0.0004107476747890515,0.06876129801392002,0.13451532550793535,0.2952388627866774,30.95756318484904,16.0,1
35598,3.3619271977508447,0.0,127.43048489291932,1.928065764092387,1.1511930062111049,0.05265890464584999,0.16533566327191976,0.0,0.07610775407689287,0.6780604729547725,24.325358619073373,40.0,2
146813,0.872923795046736,1.0,90.91359162023411,1.4208581649724286,0.9383370423726153,0.09389050618719966,0.08606729572137231,0.0,0.10763668424531088,0.3564489745952911,28.893310235270413,57.0,3
83611,1.5954046671017168,1.0,114.56942254362701,1.1733338226503915,0.3077939213433398,0.03684347528477961,0.35736816540440997,0.015947865155063325,0.09323773806836998,0.4332653199494439,26.549333635486153,24.0,2
87855,0.0,1.0,90.34564168626441,1.310700409278527,1.486230640455675,0.028812200552599924,0.03035010374323756,0.14834609522529177,0.12405459357167793,0.34999362956189706,24.6116045602771,18.0,1
91903,4.824000686513771,1.0,109.21796402097334,1.4048176378816764,1.4456428644832313,0.1069043158630909,0.1511740477018857,0.0,0.09417957066797655,0.44504994222165256,25.758355345114317,55.0,3
50575,0.872923795046736,1.0,99.08085968064626,1.4467356640090427,0.744145053523369,0.10452341798063405,0.29139601967277307,0.0,0.0878799146864748,0.7436443582672503,20.311209848145385,4.0,1
84731,0.872923795046736,1.0,130.31258837581495,1.1937037408317457,1.1466586274561965,0.11011320908121598,0.05752870250965461,0.0,0.1005400101632899,0.4550005252381872,20.31879028394899,13.0,1
127693,4.824000686513771,1.0,101.48226910454527,1.563060875323366,1.1762754558995927,0.06275212031393411,0.27192601356089097,0.0,0.1294698537927405,0.5250220325545847,29.425031197643502,17.0,1
74618,6.117892928831929,0.0,83.18843494886441,1.7273986281211327,0.7049042238456557,0.1080137256563241,0.2382034174387412,0.0,0.06115455296583073,0.5782695745186084,29.4164260112923,11.0,1
51158,5.701060861471607,0.0,91.12047543562257,1.3762010353347607,0.6646784571795217,0.1069043158630909,0.12333016422336632,0.0,0.09999929605428569,0.7761684083032372,33.31565965357971,23.0,2
2516,3.873488880460096,1.0,105.93409148263045,1.0577922600757719,1.2529852016303604,0.10682075272588769,0.1580808751609178,0.0,0.12293774418845033,0.3601339240615556,23.499017266647588,50.0,3
49082,0.872923795046736,1.0,147.07579399042157,1.382531875836705,1.486230640455675,0.04257727432062326,0.0009985074216367666,0.001984806558653298,0.10237756976806238,0.6849985289500192,26.721155707506394,35.0,2
145450,0.872923795046736,1.0,153.90801561944633,1.1907821343351075,0.31062274053913125,0.024898070612616233,0.35798601276689124,0.0,0.07824336696718033,0.4604200635633939,21.873846045619036,16.0,1
86572,2.234779091684268,0.0,97.94266458315721,0.8284037357211327,0.8094399761009098,0.029907481693841425,0.29594365698262864,0.14790716125883133,0.0692325431781873,0.12599077882340193,26.327718404889815,25.0,2
18197,4.359420279727952,0.0,94.72235417494855,1.3323372212749316,1.448164004953569,0.02785087616681932,0.015816048561053418,0.002014348684030785,0.06672392693128805,0.37851739929939954,26.501969662241184,42.0,3
119321,6.117892928831929,0.0,78.57043551190988,0.9305140056689871,1.4431238001219762,0.05431056943270107,0.09350737751597628,0.12501210725730438,0.12622580018510962,0.7161185947953245,28.058877687550094,16.0,1
81912,6.117892928831929,1.0,157.9795793847048,1.0605346314265924,1.0995302396656046,0.058717534870942424,0.0949714230421777,0.10013504319183014,0.06627170617944157,0.30363192158696917,27.732390274848655,28.0,2
3951,0.0,0.0,107.24625315680872,1.2083700310814445,0.8448971249366763,0.0332450285748339,0.2535070519600315,0.0,0.06443350824811658,0.8643127111903918,30.786763179578852,49.0,3
149517,0.872923795046736,1.0,72.12896044672058,1.6110273795933783,0.5510461517347672,0.11218955999206842,0.027330464731949347,0.0,0.0642263303982092,0.33335476170646205,28.553532352872526,22.0,2
41368,2.234779091684268,0.0,132.89417070692318,1.1646618235594426,0.9279824033589994,0.039063729311291664,0.304855180705445,0.0,0.1110204011529758,0.8777643017856138,31.35246794545402,24.0,2
58491,3.873488880460096,1.0,122.19246697825506,0.9330796361672831,1.2648001779253042,0.02844379682282684,0.08832052273494422,0.0,0.10915962010817792,0.6423719350959114,28.59780040952977,34.0,2
63496,4.359420279727952,1.0,159.92407079686114,0.4527680845221138,0.2771257817307102,0.040085503505564654,0.3639533056653995,0.12367263895685356,0.08384328428839721,0.283089132646496,28.544371918239317,16.0,1
61570,0.0,1.0,39.33845437025596,0.9877977162194078,0.17992649786762693,0.05918638842682127,0.35469759064187173,0.14744927028821977,0.08571582562284803,0.4892295852117562,22.81806395969369,49.0,3
1860,1.5954046671017168,0.0,85.53184732316005,0.6895327855205698,0.07708917997120883,0.04379041442699696,0.3752128331966564,0.1482817668352984,0.07610775407689287,0.7161185947953245,25.01154371260904,16.0,1
84386,3.873488880460096,0.0,77.74642372322546,2.4215565334950155,0.2117471892219363,0.11638118009990876,0.2665568873392643,2.229981002339337e-06,0.09386772939038489,0.659808559089989,25.965866031595827,14.0,1
65297,3.3619271977508447,0.0,190.56466122204168,1.2172165115891747,1.2201729728079924,0.026198033914667747,0.32253779789110704,0.0,0.09630503739313614,0.684131723091564,24.895338920588145,53.0,3
64769,0.0,0.0,136.74566013263936,1.2083700310814445,0.74981849672868,0.11314092919575607,0.08455490089482158,0.0,0.1375171518960045,0.49551067655190706,27.138368059796203,33.0,2
49489,5.270402895934253,1.0,129.0518568963766,1.5159190404539722,1.2506282976724197,0.09858915255184081,0.11736465633327059,0.0,0.11532226495594795,0.4990965284816648,28.892812386303607,34.0,2
152006,0.872923795046736,0.0,109.85857518179556,0.7597450800680996,1.4913416009490772,0.026953409443536608,0.02409600998560086,0.03745043260059521,0.07253143383276514,0.3766821266125737,27.605990118345094,3.0,1
123711,0.0,1.0,123.05157894704985,1.3354442055656686,0.643115839399645,0.037503497957860635,0.2603309480928278,0.07963860969314841,0.12065670517582489,0.6152394809651552,26.93664457487617,48.0,3
48024,3.873488880460096,0.0,167.99916701103393,1.2113149601562354,0.8270912295607865,0.03880600336970576,0.07452016071660737,0.09036896492578804,0.08608269509259017,0.6476084860628607,31.24182491468366,68.0,4
84839,2.81870192439919,0.0,128.32992588029813,1.9013237270942018,0.6646784571795217,0.09220467864151599,0.04950742531454963,0.0,0.12964737404116164,0.4004880737342039,25.978714402933107,11.0,1
64202,1.5954046671017168,1.0,117.78662922649936,1.2231336726202555,1.1017545099034765,0.06737279893323408,0.09277239074984024,0.0,0.09833371298734968,0.28121715024146815,24.147085396183467,54.0,3
132515,5.270402895934253,0.0,137.70609194231878,1.1878644052004304,1.5221827970798172,0.05974371263427105,0.18020234098276874,0.0,0.06980972660585218,0.4793441631124205,20.197117148163375,14.0,1
19534,3.873488880460096,1.0,118.26709732012354,1.3730416877687452,1.4105646242891337,0.06575768768239226,0.1458565046907266,0.001984806558653298,0.06727271957900667,0.6362565578510048,27.78317281646406,36.0,2
16252,1.5954046671017168,1.0,91.8572870240789,1.1675486338704655,0.5192843709763387,0.032756846992377936,0.3138925520714904,0.10261970860420891,0.06318149722485808,0.6711141375205762,28.09340112875821,66.0,4
115157,4.359420279727952,1.0,130.085786065666,1.684540299697343,1.4431238001219762,0.02844379682282684,0.28975503342092523,0.0,0.09804963764136568,0.8254794341360275,27.628581317988367,48.0,3
149048,6.117892928831929,0.0,117.1933242412275,0.6851139901853912,0.811393604128813,0.10212431892508796,0.26623522842521585,0.1283729471921023,0.14285356334266303,0.33335476170646205,30.546233636363876,7.0,1
69107,3.3619271977508447,0.0,153.18935795861626,1.3292342453589678,1.4355790578709804,0.11406662280616449,0.1941059981153935,0.0,0.11889944029238214,0.8542053123215064,26.846586250891423,25.0,2
27456,0.0,1.0,107.39133118607921,1.684540299697343,1.0973079588623809,0.09141646816813875,0.2818379910590027,0.0,0.07782218133052284,0.5596918883888553,23.347591012795032,8.0,1
23156,2.81870192439919,1.0,121.94321385928215,1.2409790360109807,0.5629124880905149,0.023890353676344383,0.29435554691593196,0.12965566199889592,0.0909648244230264,0.38768360549391373,26.63112867867787,44.0,3
56109,1.5954046671017168,0.0,114.27164455589698,1.3762010353347607,0.8133491362738893,0.06969534196105091,0.22760737007515214,0.0,0.08229821707572699,0.5125219727084062,24.466256279888523,45.0,3
109441,4.359420279727952,0.0,111.85963886479408,1.5059237685634277,0.6077684628587345,0.03482762600454365,0.15637341109399755,0.13838919738801395,0.0642263303982092,0.31944514756429193,25.497156382379288,22.0,2
25472,0.0,1.0,93.98349906708947,1.3292342453589678,0.7403721686283902,0.03379920531112484,0.27890300212052405,2.9599665286851397e-06,0.08927426336727629,0.48114289466383386,20.955147848708197,6.0,1
660,0.872923795046736,1.0,132.89919597791132,1.035987948999315,0.5748678265386208,0.11255177811980693,0.3306016896660256,0.0,0.11425910032408468,0.5720839688793614,27.553442505017465,10.0,1
61844,2.81870192439919,0.0,159.777250805411,0.633122062221687,0.12168795461954093,0.030629476337651843,0.35890541083679917,0.0,0.10604378231919075,0.5605779646133879,25.532782644700895,29.0,2
105044,3.3619271977508447,1.0,145.097712237647,1.1704392993079824,1.6271696146393297,0.03651124605851635,0.011788166338059581,2.059983788352612e-06,0.12578864764343925,0.5879758736035932,25.971487725305707,21.0,2
94679,4.359420279727952,1.0,126.58073979211191,1.351039350458107,1.4105646242891337,0.09677083598355257,0.054177532011139076,0.0,0.08608269509259017,0.5879758736035932,25.977108592587882,39.0,2
50714,5.270402895934253,1.0,89.14968641250607,0.9279519897293446,1.368514367277708,0.10867092527459508,0.32919477649516676,0.0,0.1110204011529758,0.5187756442984244,21.16174361552287,14.0,1
128240,3.3619271977508447,1.0,118.31308492018151,1.1077309178046657,0.20145259986694777,0.032756846992377936,0.36467313436362186,0.08823651191531458,0.07066635954166857,0.43961424622178924,23.63595266864695,61.0,4
31010,1.5954046671017168,0.0,109.80693282694114,0.6395173535198868,0.08267241937393645,0.047871617065426426,0.3753400103877654,0.14859745292575602,0.06318149722485808,0.19236282222973636,24.33501141066389,34.0,2
88455,0.0,1.0,131.9539651651679,0.576879057113873,0.7460343185053053,0.03345331143459896,0.22598348239194627,0.003939573289650818,0.07567160824092482,0.29337171326094935,30.172654254245813,53.0,3
32377,0.0,1.0,143.06603419042324,1.1849505506472449,1.5118689516687127,0.03345331143459896,0.22060518339361856,0.13499334566157378,0.11061603839739241,0.7419277041759904,30.601910703133665,58.0,3
46236,6.117892928831929,0.0,154.41472437338714,1.357305564867754,1.1062090211057984,0.03345331143459896,0.09203541848258019,0.004905852458809698,0.06727271957900667,0.7983220901795082,26.84226770316582,39.0,2
133265,4.824000686513771,1.0,164.4465166293363,1.0441365530273317,0.882997246197953,0.026198033914667747,0.28443031496949606,0.0009961907158109078,0.08823206529773955,0.3352063471934248,28.221468762061875,26.0,2
69333,0.0,0.0,136.3752359098381,1.5664596139965252,1.2131933798627534,0.05456451665558833,0.22760737007515214,2.9996562062366968e-05,0.06976181515991639,0.5561461496395317,27.02623785707585,28.0,2
107507,6.117892928831929,1.0,194.62907377244218,0.7253656825023128,0.716031549250245,0.025435779189136993,0.14645328997075285,0.14231840799077333,0.08190524688566762,0.23984141670888795,30.741098713483698,33.0,2
93783,1.5954046671017168,1.0,114.78498577771104,1.1218203956730715,0.8330093229215549,0.026198033914667747,0.3028698528357083,0.0,0.11634650289624089,0.602063981300623,22.944922506804886,7.0,1
91048,2.81870192439919,0.0,134.2399737414572,0.7208394540873487,1.6593243330522978,0.032756846992377936,0.051639214901532914,0.002965912600349943,0.0875253578926078,0.47664490956611383,28.326186388378908,21.0,2
39235,3.873488880460096,0.0,120.37989907349987,1.1445618616011808,1.5768808873604883,0.08933383591792979,0.15921216697781893,0.0,0.1005400101632899,0.6318844125769992,25.57270356944073,21.0,2
957,6.117892928831929,1.0,133.34131339573491,1.7094653201885666,0.8389446157210648,0.10954978063179283,0.14041716978012045,0.0,0.12093734207546923,0.4775448150825342,22.40133983150343,70.0,4
141981,5.270402895934253,1.0,79.01445692916971,0.4272934474675271,1.5953196693962126,0.08636722143496323,0.02502350614647099,0.0009961907158109078,0.09917475099732172,0.326868612631449,25.206413091520407,2.0,1
159356,4.824000686513771,1.0,110.27675052862139,0.8020177118754851,0.08829505143528084,0.041342447356368994,0.3356800726978754,0.14263080117173976,0.07113757653068406,0.26527491248338686,28.60293899080473,15.0,1
69695,5.270402895934253,0.0,96.97607794717321,1.313779393613908,0.6520678855900447,0.10698728321032973,0.027789847142669463,0.0,0.08716837634649345,0.48024360588362286,23.770080800916777,11.0,1
152191,3.3619271977508447,0.0,76.12185575853486,1.4016217618309161,0.729098628509576,0.10816339972175154,0.19506447347566547,0.0009961907158109078,0.07389614600927014,0.4169031817689732,25.74543240359377,41.0,3
31621,1.5954046671017168,1.0,90.14912937036051,1.8559896484373444,0.4640655093621761,0.041092841861565026,0.3418078903960608,0.09869082632721077,0.08384328428839721,0.43417279113429047,21.643828330561,44.0,3
125508,3.873488880460096,1.0,106.6967746156896,1.0853850452792237,0.1824343649085685,0.029178943760520885,0.20667737463872096,0.0,0.06474316603131854,0.5339328914848354,24.059799267102285,31.0,2
103663,5.701060861471607,1.0,157.49414744389884,0.8924617548512922,1.1218625664872488,0.025282496644454047,0.009463998505479555,0.0001069562753105397,0.07697095147323091,0.12792909362503982,22.90472899394401,29.0,2
31743,0.0,1.0,93.81978349261408,1.2831687122254798,1.329481015462743,0.041092841861565026,0.06671434502687135,0.0,0.12344151675057939,0.7281767403020308,30.045119712142178,19.0,1
149665,0.872923795046736,1.0,130.12611061237052,1.0660306262012467,0.31062274053913125,0.04071676728200563,0.33832185948404825,0.08448632097646082,0.07567160824092482,0.304563566592905,22.10031071225407,41.0,3
100587,0.0,1.0,124.07224699282682,0.7505023214854164,0.3049719219434852,0.027776458983118688,0.3687395914417553,0.1479929896671981,0.059569982643832974,0.3287226888922308,27.93004737262262,20.0,1
2942,4.359420279727952,0.0,99.56808529692125,1.071541642188199,0.4341039988334495,0.029907481693841425,0.37050428781081524,0.14858359650791927,0.07697095147323091,0.601184514321482,28.183254762233574,31.0,2
145451,0.872923795046736,1.0,95.60262872761119,1.1502855016786524,0.9570978852161511,0.025435779189136993,0.13980511964077502,0.0,0.065765824499414,0.5062609762137036,21.41490301454971,42.0,3
119987,0.872923795046736,1.0,119.05364462110683,1.7490618513824774,0.8708906902532544,0.09829752883170788,0.18726924343725465,0.0,0.08571582562284803,0.7710446098806706,21.71474224505284,61.0,4
11234,0.872923795046736,1.0,109.57449922565793,1.9666508341413012,1.7493293362478723,0.04071676728200563,0.03505015914588083,0.00016090102092225608,0.04736584746102333,0.8271728376179924,27.548171128572235,38.0,2
3493,0.0,1.0,95.73957315967819,0.4997366955494057,1.5847705774637866,0.0964512307573751,0.0019940376062208094,0.005864813330088342,0.10627575941954966,0.43054194018397496,27.37628159623965,67.0,4
98480,3.873488880460096,1.0,100.46829569053413,0.5347472887120701,0.7309728561567572,0.032756846992377936,0.27005216575859037,0.14569028301229384,0.10533879505897356,0.27465930423277096,26.576222389935005,28.0,2
105306,4.359420279727952,1.0,92.18036954645764,0.313350595599195,0.006067678603081957,0.03379920531112484,0.375466997075387,0.14893304993367745,0.09323773806836998,0.06663283347551557,27.84308384330266,47.0,3
13045,6.117892928831929,0.0,151.1784801955122,1.6318388174675127,0.9612883852905215,0.05096054475763202,0.1988539897807107,0.0,0.10186112363500793,0.3693342235535494,28.05709996137947,20.0,1
121382,4.824000686513771,1.0,129.40503878750184,1.1246497122921346,0.5544274649064301,0.02844379682282684,0.30136114710807355,0.0,0.07782218133052284,0.47664490956611383,28.06522608225591,18.0,1
153062,2.81870192439919,0.0,128.9509223743846,1.9127577036644625,1.4006167860242422,0.08612600426799331,0.023631246789753486,0.04105308182450855,0.060448319140414306,0.7530772108816399,27.28397797686083,17.0,1
72228,2.81870192439919,0.0,131.546412758359,1.3793644304245756,0.6792018079786396,0.08754475966298475,0.13233770064580988,0.0,0.0542585308030303,0.5357133001241309,25.15256017543239,65.0,4
84246,5.701060861471607,1.0,118.49190128757105,1.9705341629668967,0.6466911138682083,0.060341027895466415,0.23551596238262423,0.0,0.07567160824092482,0.768481093321827,25.560799382793768,60.0,3
97987,5.270402895934253,0.0,75.38674126226861,1.2984243322312379,0.8608547809331345,0.11665981657753692,0.16914742208479003,0.0,0.10363955969640551,0.7298973410881702,25.102464250268046,9.0,1
125277,5.701060861471607,0.0,145.0828248579445,1.0826088263724851,1.5559343178098457,0.04379041442699696,0.020358832082419225,0.0,0.07160547706998972,0.5685462219497042,27.882380606314722,13.0,1
157636,1.5954046671017168,0.0,100.64610763244413,0.08152838820273929,0.017835480340708823,0.03637793803600697,0.3443059588382177,0.14868488297490098,0.07523239892816581,0.03593425061154117,33.04536094238254,46.0,3
115388,4.824000686513771,1.0,171.26489011677003,0.5606640996118144,0.5143288414977084,0.032756846992377936,0.32124695739334475,0.1470229045733354,0.0929195560165614,0.3250138217148678,26.707369346455167,31.0,2
50261,5.701060861471607,0.0,114.52322287724701,0.3610759328950257,1.4406068112877073,0.0708133464056408,0.02898112427759635,0.14833816802967426,0.1388472401835037,0.07616015056283384,33.41837879938984,21.0,2
134988,5.270402895934253,1.0,115.58001680273549,0.9904435638128387,0.5697331973345253,0.11046979282060683,0.040915096803283965,0.00022281014420678772,0.0807099107755365,0.2821532349715344,28.51524596184101,9.0,1
65340,5.701060861471607,1.0,124.6759565348199,1.1021217240069057,1.0707955444139763,0.10164462000814617,0.2855678070131954,0.001984806558653298,0.09660065570186806,0.5017843279773949,29.977572447677236,35.0,2
91576,6.117892928831929,0.0,99.51047424540954,1.1218203956730715,0.9487402689416761,0.09477728604255982,0.27711379178608764,0.0,0.12022932698877,0.7402105591570741,17.326149213252645,62.0,4
14289,2.234779091684268,1.0,62.61013277617147,0.9228387905195625,0.9176762744407007,0.04730387785758131,0.14764237027396704,0.0,0.090631273449164,0.591501237117933,27.98122096391396,44.0,3
45082,4.359420279727952,1.0,111.55053271918521,0.9930930893391963,1.2719135502914645,0.06020377739301121,0.01781139304250407,0.0,0.07389614600927014,0.3684149667388865,32.174086759712054,62.0,4
130932,2.81870192439919,1.0,96.29759627510754,0.5171158889397719,0.8055384298711078,0.05271121848415356,0.0002828803469536097,0.0,0.07948948280021469,0.19617970441626129,33.0940315804553,15.0,1
17741,0.0,1.0,133.7279939475778,0.49018984423203915,1.5403126485640692,0.06366010318565381,0.08531212762005844,0.0,0.14591117757015915,0.3922603925171521,27.492329453193456,30.0,2
59997,5.270402895934253,0.0,108.35435507947882,1.4794525303974508,0.9259172992484815,0.0461533086282955,0.06166502125087374,0.14578632070984665,0.0642263303982092,0.31201016143727445,29.865166965233435,37.0,2
50497,5.701060861471607,0.0,128.5117254022199,0.915196032112578,0.6755598265644066,0.04438898378389238,0.2524586145099518,0.0,0.08422295110813957,0.2774709371189399,26.303178385773446,48.0,3
21374,1.5954046671017168,1.0,87.19934980284765,1.6563128757565557,0.8094399761009098,0.09352603656759394,0.09642761173667264,0.0,0.12453212525422737,0.37759984787925627,23.199689071946025,57.0,3
39918,0.0,0.0,173.3419416952566,0.38670890522831725,1.3734305307687875,0.03496370680718108,0.22310681446648367,0.0,0.13857475916463247,0.5071558543350404,23.70493176883194,25.0,2
5175,4.824000686513771,0.0,119.6507193629961,1.5125831187873215,1.0642120665634267,0.09579709610988524,0.09424038591331747,0.0,0.07523239892816581,0.2699694764964411,26.04382675671712,56.0,3
80710,4.824000686513771,0.0,162.57331116209403,0.3593902352338047,0.014148908096184002,0.03880600336970576,0.3735420189563072,0.14878649775854638,0.05940416375632923,0.07625825463492976,25.8233072374786,28.0,2
41895,4.824000686513771,1.0,132.14007107933236,0.5871171410342558,0.2065866813387133,0.041962598355487504,0.37405960254010995,0.1485905385235853,0.08534643612555834,0.1866313169426985,25.644859865484364,60.0,3
69741,0.872923795046736,1.0,149.4207540072982,1.9511627062983132,0.9053728438287705,0.05862327865161531,0.2499863334884807,0.0008969135926314807,0.07523239892816581,0.039895818298304,24.60799529242339,14.0,1
78879,6.117892928831929,1.0,50.10806507772672,1.433764130961678,0.7938794242950211,0.09141646816813875,0.2977735712272259,0.0,0.06860169549037468,0.599425165844399,23.105659219007737,37.0,2
107448,5.270402895934253,0.0,145.39045291586464,0.755116866294833,0.5459877684173237,0.038157654766122096,0.348285230433806,0.0,0.10133787158252591,0.3398322134003418,24.15875428599266,52.0,3
117293,0.0,1.0,152.26325022417024,1.433764130961678,1.5299401608787968,0.05665475355660492,0.00940568261406196,1.859986783516919e-06,0.07019179955184995,0.8178534252352518,25.702728456378246,7.0,1
22531,1.5954046671017168,1.0,114.7593265262052,1.5192591302375724,0.8153065731672732,0.05776762020712451,0.2900298579758404,0.0,0.07019179955184995,0.7846985293539909,25.581494020533334,54.0,3
4921,5.270402895934253,0.0,134.97232146247927,0.6162115293567928,1.4990236923422753,0.03414355059055638,0.015625372543004,0.07528457935098694,0.10107366171887236,0.591501237117933,29.29552539889419,47.0,3
2515,1.5954046671017168,1.0,90.31908953378654,0.7276338680333096,0.17368545515275774,0.05223874875548161,0.3494665287383906,0.14751826706726512,0.0912961293942096,0.4014014281029086,31.154085720168208,4.0,1
33720,5.270402895934253,1.0,109.77594574727915,0.12875964834528467,0.4185907878720423,0.040085503505564654,0.36581324459950676,0.1376425709870549,0.07523239892816581,0.0019994840278861,19.121068989729288,48.0,3
59592,1.5954046671017168,1.0,87.45548339273306,1.443486624022477,0.8890765263984753,0.06616661355998277,0.1529201254059554,0.0,0.1199400574388863,0.0758658242321529,28.17692452831534,10.0,1
95779,4.824000686513771,1.0,126.84384316162335,1.2619772416422685,1.1084392632811322,0.039448600807730404,0.29932277078008496,0.0,0.10937167434329613,0.7633508144214861,21.0510598757376,30.0,2
58109,5.270402895934253,1.0,138.02102430338726,0.925393585596664,1.5979622149768788,0.07434357648268704,0.2343516206207626,0.009628717289747853,0.13539598647876638,0.5685462219497042,26.308883670110735,26.0,2
62467,6.117892928831929,0.0,117.65879798631411,0.9930930893391963,0.5955704093858848,0.026953409443536608,0.2697376361401066,0.016823724306544618,0.08680895131871912,0.5959048078477117,24.23079208782731,40.0,2
80352,1.5954046671017168,1.0,123.0058491107879,1.4016217618309161,0.10886415102659006,0.053024146441152956,0.375466997075387,0.14874914070204115,0.07253143383276514,0.48743361513789707,25.99155845936399,48.0,3
17824,4.359420279727952,1.0,89.39437800820193,1.635322297431103,0.4309872701855709,0.08933383591792979,0.2362879782028371,3.609950214540376e-06,0.07907699494507488,0.6815305328788934,32.166108662636994,6.0,1
1939,3.3619271977508447,1.0,102.33831449359482,1.2290664655179893,1.1648442414606313,0.027627422474071267,0.2619930523580206,0.09596965385219867,0.08030591854684666,0.3213020905324471,27.929792617753378,45.0,3
107629,0.0,1.0,130.7509127032854,0.25437647934640445,0.1824343649085685,0.047871617065426426,0.3562773553028658,0.1487301288625842,0.06370578415960063,0.04375456099840894,19.313137257550068,14.0,1
105437,0.0,0.0,90.41467207409923,1.3014873780326923,0.8488750374661344,0.024666575841302687,0.10849580240222706,0.14305838067368332,0.11949950664623125,0.553485336862008,24.713072749461343,16.0,1
32985,4.359420279727952,0.0,83.59665400229967,1.2680121847925503,0.6060203886768876,0.10530426513964988,0.007836995869457283,0.09898343511000066,0.0846000186739813,0.47394426546045465,24.741992116665124,39.0,2
129848,1.5954046671017168,0.0,110.33868313306678,0.7459014238100226,0.09965886989306001,0.04557037994341877,0.37470221175114343,0.148828983874177,0.07610775407689287,0.21426532189317865,28.018097621806003,42.0,3
156907,5.701060861471607,0.0,123.89968138086444,1.874800880341669,0.9197336231387233,0.11092289844555954,0.07772367959124425,0.0,0.036262096376852536,0.7505060789938793,20.32636883195425,23.0,2
8803,6.117892928831929,1.0,136.7306457324993,1.8484962499838813,1.6006068707433185,0.0461533086282955,0.0009985074216367666,0.09658827078456002,0.0571585712331885,0.8592610254589722,26.897849248298414,12.0,1
33226,0.0,1.0,131.43065505317804,0.4454294914141913,0.15155503421599448,0.030629476337651843,0.3626433241814785,0.14808467352381494,0.06318149722485808,0.0909473830636574,25.27518759040277,9.0,1
62793,5.701060861471607,0.0,84.37470695666848,1.9978443082733723,0.7822887621101576,0.1119048278669858,0.0016160861004485103,0.0,0.07654086052747315,0.05649168630009414,26.49536844105774,8.0,1
62660,2.81870192439919,0.0,122.71617025561005,1.670392228724202,0.9633865604732803,0.08226457702046334,0.21891869809742429,0.003939573289650818,0.06874779249788905,0.2199614227629816,24.715425898459813,20.0,1
114868,4.824000686513771,1.0,69.9252838301081,1.4663162944046058,0.6342099553792683,0.09844389461644934,0.20257379790106939,0.0,0.08229821707572699,0.351838884233596,26.06359259094545,5.0,1
106353,0.872923795046736,1.0,142.30495682823351,1.440241690388494,0.9675887642154379,0.11180732738915318,0.2791991299722246,0.0,0.10263327184459343,0.6222538369971233,32.20090169747221,1.0,1
129485,0.0,1.0,83.6127620764974,1.2201731395132756,0.3627140338773831,0.047871617065426426,0.2652662918471982,0.14821530793506596,0.07207008747600625,0.12017050102339782,20.564762332247703,34.0,2
27463,6.117892928831929,0.0,169.33954523074158,1.1907821343351075,0.9362622300425101,0.03219515144426198,0.0059171521526392,0.0,0.04639900998989982,0.4423328122524797,27.921002603738973,28.0,2
1013,2.234779091684268,0.0,130.1009079804206,0.8139590618663869,0.3865840447244628,0.0973955388973874,0.19314302867308558,0.0,0.07654086052747315,0.2709078202006909,23.467207953649233,98.0,5
100072,4.824000686513771,1.0,108.01277751723912,1.313779393613908,1.393177598252768,0.02717869094408675,0.14764237027396704,0.0,0.09323773806836998,0.47214306179705734,21.715648452269416,52.0,3
95388,5.701060861471607,0.0,134.39050277165612,0.7854455645604872,0.9887170107264152,0.03373015066982788,0.013232424417963167,7.038107001499982e-05,0.1291997447414657,0.21331526928243794,26.757371083926046,62.0,4
57750,5.270402895934253,0.0,108.8664331254222,2.105278016812088,1.1062090211057984,0.0462113194824791,0.16033788778722907,0.0,0.07697095147323091,0.601184514321482,22.60939260823823,42.0,3
48714,5.270402895934253,1.0,146.21860072896922,1.0605346314265924,1.7355427726221995,0.03184203401148653,0.08211785388657757,0.0011152232817411482,0.07298954199416931,0.7676263476484754,21.714591208049402,1.0,1
116291,3.3619271977508447,1.0,93.5080830365511,1.7745339005343035,0.9321184334126422,0.031487324236659966,0.04275804879042787,1.1499494787303795e-05,0.0878799146864748,0.639751861069095,26.099225490594122,38.0,2
904,0.872923795046736,1.0,69.26391964564237,2.270648237396543,0.6520678855900447,0.11571712821303874,0.02943811244950024,0.00811807105980546,0.06196127568927948,0.461322770147165,25.957030270770503,65.0,4
84604,4.824000686513771,1.0,92.84720981870223,1.3416702104497014,0.9217929097588613,0.036177528458350545,0.1133089973400213,0.14309016173429945,0.11812843327074328,0.7031718835524514,28.465735436597875,9.0,1
13821,5.270402895934253,1.0,91.68243710430013,1.5192591302375724,1.2981526855390904,0.09258961304742667,0.03144101174407487,0.057430635859968215,0.08229821707572699,0.5809184321198676,26.808357210433897,28.0,2
21611,6.117892928831929,0.0,122.49249156593606,1.5293044363985917,1.0773968561658953,0.051602993765987544,0.15349925612982013,0.0,0.08995736455673303,0.5879758736035932,21.408499397639176,59.0,3
19022,1.5954046671017168,1.0,85.19457984815183,2.3003618671629127,0.6737416234012596,0.11011320908121598,0.1696866721569423,0.0,0.08823206529773955,0.49461383429655437,26.321220130344308,11.0,1
28029,6.117892928831929,1.0,70.02991812848703,1.4176418973042995,0.3865840447244628,0.04926934653047175,0.1744815277128284,0.148828983874177,0.05484699175740777,0.5348231690526993,32.17339306613462,8.0,1
43539,0.872923795046736,0.0,110.39028984014902,0.9641501397610845,1.7742801479019172,0.07971180677246352,0.002986602388962986,0.13728033190226302,0.11315533132292098,0.5232380909858012,29.797340681405913,6.0,1
135085,5.701060861471607,0.0,123.86414889714032,0.6632195463963222,0.9466557329092349,0.04843439090520536,0.02007677765445061,0.00034454574491353784,0.06028440139859205,0.5588056688922406,29.18899319899193,12.0,1
114702,0.872923795046736,1.0,149.47016866372735,1.4794525303974508,1.1716969445284566,0.11114030478122258,0.25315830735000466,0.0,0.09660065570186806,0.7983220901795082,28.774281844530197,64.0,4
52128,4.359420279727952,0.0,162.41218850199485,0.8115638316796402,0.9654866865759476,0.032756846992377936,0.19601848270027006,0.0,0.11407800504076084,0.6893306308342276,26.276099984111514,55.0,3
3887,0.872923795046736,1.0,85.01248342249757,1.1303197887629002,0.6484815224571175,0.11714672097411001,0.16312805578940295,0.0,0.04672247535860631,0.7778753850791839,31.58384500412048,26.0,2
103641,6.117892928831929,0.0,113.90697204177788,1.9127577036644625,1.2155178905375075,0.08777467453951815,0.029894438511510166,0.0,0.0612626192409623,0.8195489005836394,29.55329028606376,60.0,3
5354,0.872923795046736,1.0,145.1274863402792,0.6675719032394865,1.7631694513334089,0.058717534870942424,0.0,0.016823724306544618,0.10413295990069908,0.26433542927204406,28.48056962799861,54.0,3
149213,0.872923795046736,1.0,123.08714491580088,1.792859470542298,1.0928693631362019,0.08307477277729898,0.12333016422336632,0.016823724306544618,0.08307607176161669,0.7195662755401635,26.895366096168086,64.0,4
26461,1.5954046671017168,0.0,114.97996929468005,0.8332466137621517,1.558545279477859,0.030557569463256933,0.0015563703610381558,0.0,0.09776367429658296,0.684131723091564,23.910353265241984,19.0,1
105122,0.872923795046736,0.0,93.56620791338668,1.2984243322312379,0.8290620173475927,0.03345331143459896,0.11601985112802114,0.14296210381157964,0.10763668424531088,0.08605683009437633,25.022114599121725,3.0,1
52791,1.5954046671017168,1.0,122.46198539887524,1.1474217637968984,1.4913416009490772,0.026953409443536608,0.07452016071660737,0.0,0.0834609979772711,0.7255949080509491,26.670450574746315,46.0,3
76223,4.359420279727952,1.0,142.0909543514059,1.2801294904916005,0.3880907013868155,0.03550559855419764,0.36041835637235076,0.0,0.07907699494507488,0.4059657136933484,26.405348157790364,11.0,1
6980,6.117892928831929,0.0,99.55237366422129,1.0305741753174436,1.5533254571377446,0.05154971309384792,0.04082706055637783,4.74991380654403e-06,0.13433043687704121,0.5044707688151407,27.28863703165865,26.0,2
121012,2.234779091684268,1.0,77.25250602961036,1.1937037408317457,0.06166487462878362,0.04257727432062326,0.3753400103877654,0.14854135749879283,0.06971386977315287,0.4892295852117562,22.97649064883458,37.0,2
76229,5.270402895934253,1.0,105.53947150320157,1.2439669833584739,1.3562599631415344,0.11442847005276537,0.2777125758922266,0.0,0.13215685807976912,0.745360522114038,25.65039425913368,48.0,3
154196,6.117892928831929,0.0,138.44077406587186,1.3762010353347607,1.1466586274561965,0.10755176218457028,0.1796884828622201,0.0,0.13620837712054312,0.5658914195524049,29.307236389559467,26.0,2
9601,6.117892928831929,0.0,115.75943153270691,1.3323372212749316,0.8488750374661344,0.036177528458350545,0.030532185089493704,0.018555850659359212,0.07824336696718033,0.3922603925171521,26.857576784898335,3.0,1
159350,3.873488880460096,0.0,91.9685304284963,1.274062926972884,0.47526536432381916,0.10648044685009093,0.2382034174387412,7.76976936501521e-06,0.07567160824092482,0.1866313169426985,23.167603194709013,1.0,1
57270,4.359420279727952,1.0,106.88343522548791,0.9930930893391963,0.8231553808396798,0.09181366582891372,0.07764597405794815,0.0,0.045552405348049455,0.7983220901795082,30.4213358376324,54.0,3
158189,4.824000686513771,1.0,140.476978770207,1.1762322066763853,0.5748678265386208,0.029178943760520885,0.27590901786834404,0.0,0.07866163055322024,0.4838398383414279,24.749875244855374,36.0,2
17598,0.872923795046736,0.0,121.9076003212384,0.7760517866541442,1.7026730866736057,0.05431056943270107,0.003976213546291906,0.05208167588019315,0.07907699494507488,0.46402995003512487,27.120178139056183,58.0,3
87797,6.117892928831929,0.0,109.70363769713066,1.7023222984191564,0.9929661400695023,0.051282610873317286,0.02843186267997368,0.13833355630017338,0.1005400101632899,0.5579193060105864,28.563945203346297,4.0,1
60345,6.117892928831929,0.0,113.91210943266874,1.5059237685634277,0.8369642726908375,0.04300431850321821,0.2128951275573229,0.0005787170081095224,0.0875253578926078,0.6624195015311976,27.284754523633254,4.0,1
92284,5.701060861471607,0.0,118.14445120745526,0.8405372437315713,0.630660508976416,0.024201689325126154,0.3441294643385888,0.0,0.06318149722485808,0.4775448150825342,22.58101084672868,19.0,1
2114,5.270402895934253,1.0,92.3709653730787,1.2201731395132756,0.9487402689416761,0.05170941569813888,0.23357115209643636,0.0,0.10937167434329613,0.8407036013755891,28.001062181068374,55.0,3
80102,4.359420279727952,1.0,129.08213504840734,1.2892590495900826,1.4734897236080668,0.04077958565007201,0.0001529650208860556,0.08823651191531458,0.05834559901846051,0.20761071993731683,30.76065785846218,34.0,2
94877,5.701060861471607,1.0,133.60246589300954,1.0798363793789911,0.5748678265386208,0.032756846992377936,0.2800839896815336,0.0,0.09386772939038489,0.6213775183157527,22.074030076344467,25.0,2
41005,0.872923795046736,1.0,142.68805540996348,1.1995585970342593,0.9404137982053083,0.11333843021810176,0.015625372543004,0.0,0.061639629824901246,0.5703153792725135,27.204950295155108,52.0,3
18686,3.873488880460096,0.0,146.93215270037254,1.3168623695632067,0.4232262745791235,0.06279572776316904,0.23667272982350548,0.0,0.09417957066797655,0.12502128870570975,23.156033371421476,44.0,3
63724,5.270402895934253,1.0,111.7308595003657,0.9000075885026969,1.7355427726221995,0.042516051572452085,0.3122750050704796,0.14895520426593578,0.12381154675558945,0.37300954001041753,25.95207599594195,7.0,1
118945,5.270402895934253,1.0,121.03714861745875,1.2054289960576283,1.3270588689493945,0.05009339799691467,0.03772983306760561,0.0009961907158109078,0.09833371298734968,0.4468605662115773,24.77047399192618,37.0,2
36556,2.234779091684268,0.0,128.7793077149806,1.4112216109464688,0.1600987184866599,0.05276348676969412,0.22269219649736002,0.14633561656093394,0.07066635954166857,0.35552730403390576,28.227033416684943,16.0,1
116361,4.824000686513771,0.0,95.50253624054291,1.7273986281211327,0.4017291313143787,0.03730610971165305,0.36409772189476247,0.03672814674600689,0.08384328428839721,0.7898109046633108,22.611450456064876,6.0,1
142831,4.824000686513771,1.0,69.73247813849767,1.0798363793789911,0.8911068094754843,0.038157654766122096,0.232394038701296,0.13734150688490174,0.07824336696718033,0.6449908092028069,26.843838138868964,27.0,2
53492,1.5954046671017168,0.0,125.20322571364413,0.8284037357211327,1.126352958314032,0.02844379682282684,0.04822107664482468,0.015065401060720823,0.1005400101632899,0.3082883206301165,26.09962567244394,57.0,3
93782,0.872923795046736,1.0,87.24204617668705,1.6633439737814455,1.1241067643567022,0.1132207133723428,0.22144278435145062,0.07157913323006877,0.09227673809299898,0.4050531875874435,29.563338513685892,53.0,3
45153,4.824000686513771,1.0,101.32556401971515,1.1704392993079824,0.7593119202228912,0.05223874875548161,0.002986602388962986,0.1193076475783222,0.10212019116983716,0.5481598184332552,25.287046537599437,81.0,5
81014,5.270402895934253,0.0,99.07037795709654,1.7818509781400034,0.7253558029455678,0.06616661355998277,0.07530484433310232,0.033036169012816585,0.07697095147323091,0.7333370560811653,28.24713581568351,46.0,3
95913,0.872923795046736,1.0,92.19625467835922,2.199450696876145,0.5093894862776464,0.11314092919575607,0.1847723004118197,0.0,0.06860169549037468,0.35552730403390576,27.802088150078323,33.0,2
1958,4.359420279727952,1.0,119.46194704596797,0.4436023788930477,0.3911092445795827,0.032756846992377936,0.3145794733439592,0.14588019917183806,0.11843967107822272,0.3157291000839103,25.21419753722434,13.0,1
77664,5.270402895934253,1.0,113.23882833882908,0.8774664929240397,1.5170216896823014,0.040085503505564654,0.10500286109376333,0.13903471949599652,0.09999929605428569,0.5089451600367382,28.528179389195824,51.0,3
68749,4.359420279727952,1.0,94.15773222313493,1.354170443691811,1.0402249611304715,0.1090184426822874,0.1696866721569423,0.0,0.0834609979772711,0.48114289466383386,21.86242136823938,62.0,4
84592,3.873488880460096,1.0,95.10728787864922,1.2953652640842788,0.7726819849845797,0.05918638842682127,0.2548947328680451,0.0,0.1220266290353647,0.38951482378095875,22.725903598201157,20.0,1
120246,0.872923795046736,1.0,113.55755161486384,0.5953653373173764,0.11700238927665027,0.03684347528477961,0.37405960254010995,0.14847606628565815,0.08716837634649345,0.34999362956189706,24.856889958129234,39.0,2
88936,4.359420279727952,1.0,110.08059778634873,1.4728761491942823,1.4006167860242422,0.03550559855419764,0.1832598522183656,0.0,0.07523239892816581,0.7118061729084739,24.932234132904803,52.0,3
97256,0.872923795046736,1.0,61.994278369661835,0.053883783807092064,0.0030068247416499077,0.026198033914667747,0.04126698976593212,0.12639779551552602,0.09227673809299898,0.011981502361555608,13.725937933726547,12.0,1
38747,0.872923795046736,1.0,85.12496130171553,1.635322297431103,1.3416224885557462,0.10763012901892503,0.045631865334373974,0.0,0.11200919934125854,0.6685071173338719,28.245239780215798,30.0,2
153201,1.5954046671017168,1.0,102.80244729649493,1.2649927397327414,0.668298156335253,0.0426995572243835,0.3373856175871146,0.00031362367795815106,0.07824336696718033,0.6231300200369565,27.92138481751608,49.0,3
32960,0.872923795046736,0.0,135.80430001921857,1.2172165115891747,0.643115839399645,0.07154319726812285,0.06558179554898955,0.0031124347781236166,0.1274776608148665,0.3054950288257411,27.03639723618048,15.0,1
128007,2.81870192439919,0.0,146.83307801349488,1.1704392993079824,1.2459205763017733,0.026198033914667747,0.016577632105374596,0.13793579055402838,0.11497228316209064,0.283089132646496,25.29440536691698,27.0,2
16894,5.270402895934253,0.0,124.6810279488116,0.8527586441232778,0.776519017031305,0.05531977924046881,0.2678369711125156,0.10207996056964548,0.10581030322960991,0.31201016143727445,31.258574125048376,68.0,4
119679,0.0,1.0,104.0785759635872,1.1189948897666122,1.178567726183657,0.11473585419921435,0.2821283049873707,1.509991289388214e-06,0.06747121786729587,0.4023146165258838,23.914458017671556,16.0,1
123380,0.0,1.0,89.93130107642544,1.0414166221981487,1.6809306175645167,0.06133680723133715,0.0011579920132691814,3.5799510385180996e-06,0.128645412749902,0.3250138217148678,26.649413667202438,43.0,3
130692,5.270402895934253,1.0,90.75971139302543,1.94730195698168,0.6520678855900447,0.032756846992377936,0.237821988557352,0.0,0.10186112363500793,0.8440817409401928,24.109662997192565,12.0,1
41698,5.270402895934253,1.0,88.03672362147532,1.4499888131526906,0.7997003756155685,0.11782134654455854,0.29139601967277307,0.0,0.0878799146864748,0.4694400923118106,22.443467757703026,30.0,2
48416,0.0,1.0,107.82121952852539,1.3447892366328362,0.30356347791601046,0.11942235583475379,0.3233907084761867,0.0,0.12807164233603202,0.6003049092046717,25.35812118954977,19.0,1
18096,0.0,1.0,105.91332725374795,1.5835165182702335,1.4230459552752195,0.07821024105866159,0.01781139304250407,0.0,0.12622580018510962,0.6143620734538914,25.9630548747021,35.0,2
21050,2.81870192439919,0.0,139.2747358679919,0.8235748656635028,1.4255484317321425,0.05117544300866493,0.008880373055813805,0.05208167588019315,0.07253143383276514,0.3564489745952911,27.19470412480289,34.0,2
123545,3.3619271977508447,1.0,155.54535113635131,0.8874490702428841,0.7328489612337938,0.030629476337651843,0.2626531020560216,0.14823212672171301,0.08571582562284803,0.4223630722672164,28.1633745651267,21.0,2
149420,2.81870192439919,1.0,98.22083047512072,1.3635879022326585,0.7631224941741739,0.06616661355998277,0.17605677935381134,0.0,0.08858182813778119,0.5923822294541841,25.568645746521952,52.0,3
42349,5.701060861471607,1.0,136.70061622356587,0.5288420113742089,0.7403721686283902,0.025435779189136993,0.21678920175813712,0.11582139301496633,0.09479702346996888,0.11628585138727694,26.89523539962775,43.0,3
72515,4.359420279727952,0.0,128.82473831005703,0.21628596073801443,0.10447895411641248,0.03887052098015331,0.3749579057766519,0.14875542823625373,0.07066635954166857,0.21236501541503539,27.558841738881636,39.0,2
133014,1.5954046671017168,1.0,98.4464295928241,0.9798822134503042,0.5044662873129322,0.0415290707388654,0.25420234783544504,0.0,0.09999929605428569,0.4568076672489063,30.037848527020657,36.0,2
84097,3.3619271977508447,1.0,130.4939895276092,0.9537351345706274,1.1900592475800453,0.09239789907154937,0.35129560712583835,0.13046348084387843,0.11749437973115917,0.7195662755401635,21.223766025786425,21.0,2
11711,6.117892928831929,0.0,121.3986726407572,1.6633439737814455,0.8911068094754843,0.10739334615536911,0.025948304091180735,0.0,0.1363631935094853,0.3463010242500451,27.279965578631035,36.0,2
22318,5.701060861471607,0.0,172.96940171939428,0.977251050003743,1.5247664907417113,0.1184119586187488,0.07215307736630519,0.06081100334518816,0.1087314302634894,0.30921905351352663,27.21726815919572,5.0,1
5331,6.117892928831929,1.0,162.3584758538287,0.47507469484593656,0.007805700589922212,0.03932053869617266,0.3752128331966564,0.1487173288253286,0.08858182813778119,0.07900421476816377,27.34269421632513,12.0,1
45451,0.872923795046736,1.0,100.72976831171079,0.17997846256625932,0.7938794242950211,0.06575768768239226,0.251050356351249,0.14532578146166253,0.14513195443986376,0.00399793783833783,23.661479353854446,44.0,3
93271,0.0,1.0,92.66733631460347,0.4731990747180825,0.24193525533195437,0.032756846992377936,0.35517419821277874,0.14695474598007935,0.10160035464617702,0.3426056156966485,22.68603588015727,17.0,1
40867,1.5954046671017168,1.0,108.59750587417373,1.9319040049871248,0.6130236887191868,0.07007114572550133,0.012655488324436899,9.599647934558595e-06,0.05455329609963527,0.686731754906846,29.177620662558475,19.0,1
43850,0.872923795046736,1.0,158.2148632998253,0.9667630100669081,0.10057482118550591,0.030773095804082808,0.3651023417513228,0.14748398906460924,0.07567160824092482,0.21521517345479477,25.331450013430146,43.0,3
4182,1.5954046671017168,1.0,119.75274070772005,1.5698625629767227,1.2039155262962848,0.09628957850027947,0.2911238442445418,1.8798649840248102e-05,0.14126138831856755,0.7710446098806706,30.988656134902854,3.0,1
6185,4.359420279727952,1.0,94.50606063010557,0.7972654942346424,0.6755598265644066,0.054513815382196025,0.19791321344492074,0.14824048470688458,0.05198289530985515,0.4105258689230816,25.053534823237786,47.0,3
39604,4.824000686513771,0.0,97.34396252275288,0.9382217518481557,0.6165363485918351,0.11204863260618833,0.29488694732514714,0.0,0.090631273449164,0.4649320304843778,20.60561875190911,25.0,2
49042,0.0,0.0,117.14215716542974,1.499281057085816,0.9404137982053083,0.06969534196105091,0.053080236648718124,0.14600810543103446,0.12476668575403163,0.8718827224649798,29.800021641689444,49.0,3
5692,0.0,1.0,101.93651866043301,1.13316055416276,1.4887850777116909,0.026953409443536608,0.09642761173667264,0.0,0.12215914027194473,0.7126689085118315,24.931408525547557,66.0,4
43114,2.81870192439919,0.0,100.61996163333761,1.4761622725906902,1.0928693631362019,0.10038079826288383,0.22961717273145504,0.0,0.11315533132292098,0.5178827095260955,27.459483168852685,32.0,2
31654,2.81870192439919,1.0,126.96019087852332,0.977251050003743,1.262433119818314,0.029178943760520885,0.18973683608982944,0.0,0.12441380069370117,0.6719828838800403,31.907528782861675,29.0,2
12930,2.81870192439919,0.0,99.81942331323141,1.6179475077937715,1.4055865716025768,0.03503165581756767,0.300600368224815,0.1438366992484712,0.09747580878089683,0.6650292642763783,22.314995906768793,13.0,1
81711,0.872923795046736,1.0,182.95015584492378,0.6895327855205698,0.04654658683773202,0.11700973333376255,0.19791321344492074,0.1297586523898561,0.07610775407689287,0.07527710803127369,26.026456464063266,42.0,3
10456,1.5954046671017168,0.0,118.51744332997107,1.0853850452792237,0.5143288414977084,0.026198033914667747,0.27830897511718755,0.035267599177157063,0.12268131026148278,0.5089451600367382,24.425537693750407,37.0,2
3825,2.81870192439919,0.0,145.07289981649876,1.4176418973042995,1.3173907569336416,0.03880600336970576,0.1614580741411667,0.0009961907158109078,0.07344443758622808,0.6858652061907988,28.646278514047392,41.0,3
23029,0.0,1.0,117.59743193375004,0.9330796361672831,0.9404137982053083,0.023107041720981665,0.09642761173667264,0.0,0.10388706186522997,0.3463010242500451,25.882916862870317,26.0,2
345,3.3619271977508447,1.0,193.77718512625884,0.5426649349516074,0.2951485489927977,0.026953409443536608,0.35966488890428205,0.05970014375000635,0.0692325431781873,0.1999933056484613,19.750215068518617,76.0,4
146751,0.872923795046736,1.0,108.05418907342018,1.1189948897666122,0.8809746737279629,0.04071676728200563,0.2665568873392643,0.0,0.07523239892816581,0.3352063471934248,31.07707096613941,49.0,3
90737,3.873488880460096,1.0,133.67276368382022,0.9101188546911463,0.7726819849845797,0.024356933190339956,0.27254559242494636,4.179933251589071e-06,0.11020651288205074,0.2952388627866774,29.026026857543847,38.0,2
119142,4.359420279727952,1.0,103.90161472665186,2.0332846826395863,0.8251223509347365,0.10501676070355577,0.21245753954102564,2.9196742966756527e-05,0.08190524688566762,0.44867055468068734,22.90720605414664,44.0,3
113555,3.3619271977508447,0.0,111.94204653168161,1.0468602170294494,1.5377163817742514,0.044982288551343556,0.19217553698332104,0.0,0.07610775407689287,0.5437179067418695,27.677058536093014,39.0,2
111564,3.3619271977508447,0.0,111.45262358311096,1.5125831187873215,0.7938794242950211,0.08226457702046334,0.27099193577783337,0.0,0.11667954399222695,0.5923822294541841,27.285401634441623,42.0,3
59015,0.0,1.0,100.63042014941963,1.443486624022477,0.6993657939488159,0.10200572894442908,0.3051012612299239,0.00010795545433572989,0.06185421441045832,0.34999362956189706,22.30728365071043,31.0,2
95234,0.0,1.0,125.1474719114899,0.7118274915660402,0.7309728561567572,0.041962598355487504,0.3362515133779401,0.0219432665386193,0.10829773278800112,0.25022020596358363,21.96000340619673,48.0,3
81496,6.117892928831929,0.0,100.94933040577814,1.0523187556135853,0.8468851234775537,0.03414355059055638,0.16697724760173577,0.0,0.11239606234866689,0.14147261013649215,27.917180269626208,6.0,1
17722,5.270402895934253,1.0,61.18114071333262,1.5495079674127066,0.4047791174136846,0.08280689613768356,0.3101645249866143,0.14849077983319456,0.1005400101632899,0.24833490189782328,23.223372949474516,51.0,3
131479,4.824000686513771,1.0,117.3007647000464,1.3168623695632067,1.5559343178098457,0.09563039090246964,0.029803226206433615,0.0,0.13964293023864935,0.49640736697300886,26.246876511732566,20.0,1
31845,0.872923795046736,1.0,65.08176507673063,1.6075736872862627,0.5443052610488156,0.04667357177237511,0.3221090549720343,0.0,0.07479010183432175,0.10850576495669459,25.964929002268185,8.0,1
81867,3.3619271977508447,0.0,170.780210542258,1.8112948160060567,0.9115158496685433,0.06575768768239226,0.04649739313307388,0.11167039330784133,0.10080771222471868,0.7341966756319006,26.5451141109346,20.0,1
96272,1.5954046671017168,1.0,139.66899532324487,1.0332792011007887,1.0818076464946016,0.025665182038479516,0.1252878557882259,0.0,0.059348811008672966,0.45771100209068194,21.87595015447467,17.0,1
130979,0.0,1.0,70.14003549412809,1.6006790321669766,0.6792018079786396,0.03887052098015331,0.024930878123229857,0.14779779239226265,0.09259922813974525,0.44142678332063784,28.56018182173515,14.0,1
88099,4.359420279727952,0.0,109.79143944340849,1.3447892366328362,0.7347269443802338,0.026122119145500968,0.0978759997682047,2.869968533253586e-06,0.07782218133052284,0.14050664092053686,24.604941016635866,20.0,1
60434,0.872923795046736,1.0,103.4069355841969,0.2710396899408596,0.2580359139260108,0.03191278463166446,0.3735420189563072,0.14868488297490098,0.07697095147323091,0.029587516290542796,30.51962777478042,20.0,1
119835,3.3619271977508447,1.0,103.97448632984667,1.7094653201885666,0.8648633807671563,0.06322975991368103,0.23041492083456172,0.0,0.03946287364222885,0.7074906062297831,27.142394705112807,27.0,2
23845,2.81870192439919,0.0,129.33441346286466,0.8067838170617007,1.2459205763017733,0.10586085027058409,0.11398938173084487,0.0,0.08307607176161669,0.2915038241674874,24.70864288089716,23.0,2
155614,5.270402895934253,1.0,106.07942480634834,1.2559580752183774,1.1151419433655108,0.08612600426799331,0.07780136378093551,0.0,0.06349651996342705,0.5826836339638324,22.011229807636855,68.0,4
52782,1.5954046671017168,1.0,126.13024640821992,1.1907821343351075,1.0928693631362019,0.03730610971165305,0.04100310783805979,0.0041431020879845026,0.05360626031774556,0.06820588457288007,25.293042730285077,10.0,1
71700,3.3619271977508447,1.0,142.89695613387,0.6036650358901219,1.7631694513334089,0.05932625929375025,0.00017495423964992984,0.015507462237164751,0.11812843327074328,0.3259413065890475,26.36430058403709,25.0,2
116306,0.0,1.0,107.52602141821026,1.1878644052004304,1.0995302396656046,0.07434357648268704,0.26623522842521585,0.0,0.10339044157515012,0.8339418701621327,33.32987968214187,40.0,2
47219,1.5954046671017168,1.0,138.5756548899116,1.814995089313839,0.8290620173475927,0.10673658905851677,0.1680649782500538,0.0009296834212699104,0.07479010183432175,0.6988499935977971,29.803311685426987,54.0,3
66056,0.0,1.0,115.75430594983773,1.7965377462689096,0.6901723993940194,0.11170849943950471,0.1482346753096205,0.0,0.0912961293942096,0.6589379823386252,28.441335537593172,23.0,2
15507,1.5954046671017168,1.0,90.58986931232856,1.928065764092387,0.8231553808396798,0.1069043158630909,0.1410276701496655,0.0,0.052406841695625636,0.6283842755198784,27.287472318768565,36.0,2
68063,0.872923795046736,1.0,140.37227781574958,0.8924617548512922,1.1648442414606313,0.032756846992377936,0.2579748766335213,0.14849077983319456,0.07907699494507488,0.03573606867387859,25.968944680542347,35.0,2
61129,0.872923795046736,1.0,77.52937223293132,1.035987948999315,0.7745995549638897,0.11145548955579519,0.21764387222561646,0.0,0.1236889362795961,0.23511597741337825,29.781860998838226,22.0,2
142331,6.117892928831929,1.0,126.16568680897346,0.7073417138831405,0.3731024592325629,0.03345331143459896,0.23396181207368982,0.12676058324946168,0.06474316603131854,0.425999744827912,25.055866264103887,40.0,2
156161,5.270402895934253,1.0,93.33896314930047,1.7490618513824774,1.3101611541437503,0.0521332511675159,0.004430446080032668,0.07793270547573594,0.11122066945651018,0.20189888019114546,26.77572845668761,26.0,2
9632,2.81870192439919,1.0,134.10949568910095,1.0441365530273317,0.716031549250245,0.07400365818851558,0.10359265120566807,0.0,0.055431191649043365,0.6893306308342276,29.060009034978187,14.0,1
37252,4.359420279727952,1.0,97.18632205530025,1.13316055416276,0.4341039988334495,0.02770197444137078,0.35178875490316674,0.0,0.12189331958493682,0.5623496876972396,23.921958576916598,61.0,4
10827,1.5954046671017168,0.0,109.9773394304913,1.684540299697343,0.9591921604105726,0.04954523409962817,0.20577278583815367,0.14806663858333122,0.07066635954166857,0.7109433115136713,28.22652756993806,23.0,2
10703,6.117892928831929,0.0,143.11078535206886,1.2801294904916005,0.7688525187496839,0.03482762600454365,0.1416366259819575,0.0009961907158109078,0.07479010183432175,0.28496036755879967,23.814534762431983,55.0,3
3490,0.0,1.0,89.59644250035016,1.9127577036644625,0.8688796649587435,0.08612600426799331,0.11398938173084487,9.806324568574275e-05,0.05658694707312501,0.6126068486236221,22.463404534837583,8.0,1
92385,0.0,1.0,128.13293477286678,1.456507450130662,0.9238541349219103,0.02770197444137078,0.22434514853910228,0.0,0.07654086052747315,0.7642061619901985,24.717363671968815,9.0,1
97537,3.3619271977508447,0.0,91.7460243937082,1.6563128757565557,0.8153065731672732,0.08911637209763554,0.2016502871049115,0.0,0.0682595902191365,0.34168132433451065,25.987411370884313,13.0,1
159474,0.872923795046736,1.0,116.73270529434176,1.586940561014816,1.2225035455976938,0.11160832397974157,0.2797896221963635,0.006560269632074809,0.05419944900036305,0.3250138217148678,28.82430221694838,11.0,1
159261,2.81870192439919,1.0,123.90983325114867,0.9984031852273931,1.616519151327676,0.0431865287142909,0.0019940376062208094,0.0,0.12093734207546923,0.490127341111776,25.155158936698072,1.0,1
138788,2.81870192439919,1.0,104.16704045765628,1.3857033743699478,0.9156208630438081,0.03345331143459896,0.30681102033760776,0.0,0.0846000186739813,0.7109433115136713,24.311784369614582,60.0,3
101083,5.270402895934253,1.0,108.37505179865295,1.6528037535325126,1.03805616547117,0.10337243046019386,0.1360999778061121,0.0,0.08995736455673303,0.58621235383743,29.67713700807839,29.0,2
109866,1.5954046671017168,1.0,125.38060054087781,1.6110273795933783,0.8568538604471809,0.029762299662850177,0.1847723004118197,0.0,0.08384328428839721,0.8525191769204221,22.60792263975258,24.0,2
53265,4.359420279727952,1.0,124.10777094112763,0.9589353474702558,1.3173907569336416,0.03345331143459896,0.18726924343725465,0.02603785273729381,0.0944893301378407,0.6711141375205762,24.377508849648905,24.0,2
111212,1.5954046671017168,1.0,147.49174503718444,1.2142637860645362,1.3101611541437503,0.026198033914667747,0.06976627626521868,0.0009961907158109078,0.07434469244013149,0.567661430117058,26.75553487527818,55.0,3
18076,1.5954046671017168,1.0,100.01833514898514,0.6267561796552508,0.3451025488963846,0.032054095044992494,0.3177359858549214,0.14879875578746896,0.07344443758622808,0.28870060070904596,28.664928271276246,13.0,1
52450,0.872923795046736,1.0,47.08090487746238,1.2201731395132756,0.6253501522484253,0.06534527571603274,0.2878162330360538,0.09140365257152867,0.0682595902191365,0.5694308716311162,26.403495332030687,26.0,2
23668,0.0,1.0,57.22223375601108,0.6763163713235399,1.743808288579192,0.03503165581756767,0.1781395052452503,0.0,0.08030591854684666,0.5729680510664715,20.160948310545706,55.0,3
74769,2.234779091684268,1.0,126.97536554202875,1.1274828423974343,1.5247664907417113,0.03226558454660768,0.03513985507097917,0.0014617796264512592,0.12727503714890795,0.13760742289418632,26.23797224211995,14.0,1
53989,0.872923795046736,1.0,72.24958115537045,1.8039074821054202,0.8548562783934225,0.10539871697488398,0.13170501708479113,0.0,0.13050531086363082,0.49371684008158656,23.165867969567383,23.0,2
152728,1.5954046671017168,0.0,139.62907757851062,0.9228387905195625,1.1062090211057984,0.02770197444137078,0.29932277078008496,0.0,0.07948948280021469,0.3054950288257411,28.306753422960785,47.0,3
105579,5.270402895934253,0.0,74.48142107845136,1.7166256457400175,0.3465606792872782,0.10224203121314437,0.35736816540440997,0.14831419246295957,0.06727271957900667,0.648480779421834,25.078076153004293,20.0,1
101330,0.0,0.0,95.75010618809497,0.26646250553968936,1.7026730866736057,0.03880600336970576,0.09129645354967957,0.14538864290523457,0.13877038382498053,0.011981502361555608,21.88361397362436,50.0,3
118441,2.81870192439919,1.0,111.8132807371647,0.6719375043041697,0.45137224364169387,0.029178943760520885,0.27651261005460964,0.0,0.09630503739313614,0.4123487785843696,28.846486770073177,46.0,3
150213,4.824000686513771,1.0,65.97116194570808,1.313779393613908,1.319804715011444,0.10974151508476628,0.12398442007630957,0.013010360238434363,0.08961697180144913,0.3821859095722139,35.47898297171465,6.0,1
79210,5.701060861471607,0.0,130.5040663101519,1.5059237685634277,1.257705099064472,0.04804096838564263,0.31728994901761837,0.0,0.04050620259112294,0.7247340486652429,26.23770641145793,22.0,2
973,0.0,1.0,83.13470068765339,1.0632807525460788,0.8448971249366763,0.080004802065222,0.3491304041867901,0.008698409363821236,0.07989911657905567,0.7462184204087837,25.19193241830318,44.0,3
7618,2.234779091684268,1.0,99.70423795581053,1.5835165182702335,0.9633865604732803,0.03684347528477961,0.06493263849957365,0.0,0.08858182813778119,0.8246325601771349,28.36754577260919,56.0,3
99362,2.234779091684268,1.0,90.95603479705763,0.5506329600414857,0.005815433656129395,0.042516051572452085,0.375466997075387,0.1488048488491456,0.07479010183432175,0.20951304419171235,18.255444975333546,42.0,3
143880,2.81870192439919,0.0,34.534413450657574,0.6588804120467933,1.6674107491010164,0.11345384110696889,0.14525821594835667,0.14369449700609652,0.09540627374586548,0.3490707404716398,21.979335063944962,17.0,1
60200,4.824000686513771,0.0,152.0168091487683,1.6739227970966106,1.1308513369073827,0.040085503505564654,0.10849580240222706,0.11600597990351828,0.0652563208801996,0.7821407418654969,26.10402739766504,10.0,1
148520,5.701060861471607,0.0,128.07231340240799,1.4499888131526906,1.2861952396200695,0.10337243046019386,0.27316267531591903,0.0,0.10979175009966557,0.7470761963978335,26.395288897886825,30.0,2
40257,5.270402895934253,1.0,143.77684365025056,1.0909488099104507,0.8153065731672732,0.032054095044992494,0.19362507690967473,0.0,0.08190524688566762,0.5481598184332552,24.829717125695282,64.0,4
38458,0.872923795046736,1.0,95.07565789101646,1.9744220162276542,0.45611891744501903,0.11378673119378105,0.20211257541611768,0.0,0.07113757653068406,0.23417030061314106,25.47071965440308,10.0,1
156765,4.359420279727952,0.0,156.39500266171186,1.2710355796097998,1.4887850777116909,0.0461533086282955,0.09715277734440843,0.0,0.07113757653068406,0.6849985289500192,28.475415973410225,45.0,3
148661,5.270402895934253,0.0,40.364142188521704,1.5528898930012174,0.4640655093621761,0.07468068007540363,0.3273603516800775,0.14793612824899144,0.11020651288205074,0.8136127138519201,28.05824279416985,27.0,2
132539,5.701060861471607,1.0,131.8281966442722,0.8308234223741906,0.8648633807671563,0.04438898378389238,0.23041492083456172,0.0,0.09776367429658296,0.27465930423277096,25.917512096586513,45.0,3
76590,5.701060861471607,0.0,94.89111967104172,1.6563128757565557,0.5817394956459299,0.08253683745040954,0.05752870250965461,0.0,0.07782218133052284,0.37300954001041753,27.84908287256129,1.0,1
130911,4.359420279727952,1.0,115.0158821504707,1.237995013338512,1.3173907569336416,0.029105727562491277,0.17183062586123532,7.977567801707269e-05,0.10237756976806238,0.5178827095260955,28.565826767139868,39.0,2
43405,6.117892928831929,1.0,120.18619285076687,0.9798822134503042,1.4280529796370869,0.029907481693841425,0.02223288089874668,0.0,0.11315533132292098,0.5729680510664715,24.278036444253118,46.0,3
24281,0.872923795046736,1.0,96.65533028462598,2.0690952261837947,0.8409268716865445,0.0916158468366306,0.04736046046136347,0.040287340300327955,0.07697095147323091,0.6090947568251034,23.19304310525502,30.0,2
78108,5.270402895934253,0.0,97.02338854096733,2.1582034404125174,0.7030562129490128,0.09200993864114734,0.03513985507097917,0.0,0.062334781593264214,0.7462184204087837,27.534668125621703,23.0,2
108580,0.872923795046736,1.0,40.64972446952516,1.0010637611083457,0.3760861961379488,0.03841768798409405,0.19744118313193104,0.14837748463692157,0.07160547706998972,0.20761071993731683,32.404172902726216,14.0,1
4067,5.270402895934253,0.0,100.58335560411255,0.8020177118754851,0.26617686285745656,0.04557037994341877,0.32612116500044036,0.0,0.0692325431781873,0.33335476170646205,23.39775684486725,50.0,3
74933,2.81870192439919,0.0,142.83230106575925,0.6697530468859387,1.126352958314032,0.032054095044992494,0.0009985074216367666,0.14707637421252515,0.0682595902191365,0.28121715024146815,27.6866701491589,40.0,2
10256,0.0,1.0,119.13021656900493,0.3149566351558883,1.6593243330522978,0.038157654766122096,0.051639214901532914,0.12027383939465348,0.10080771222471868,0.4928196937814543,32.73218906827938,24.0,2
121527,5.270402895934253,0.0,115.69279642250036,1.2201731395132756,0.6755598265644066,0.045862486478646186,0.03225671020274005,0.0,0.0412639597179342,0.4150819119420289,28.54135982984764,50.0,3
53377,4.359420279727952,1.0,121.70915476326373,0.7996398684795895,0.7309728561567572,0.025435779189136993,0.28528427046142996,0.029983207994882504,0.08190524688566762,0.3766821266125737,23.609408000596947,60.0,3
61358,2.81870192439919,0.0,104.2034638934353,1.6528037535325126,0.9591921604105726,0.036444621844153466,0.30211763121333013,0.0003395588099666558,0.06510275914425293,0.539272361790861,26.770877698157257,36.0,2
46928,5.270402895934253,1.0,111.80812966445264,1.9588977384166186,0.986595383828515,0.10888089716477334,0.16914742208479003,0.0,0.0878799146864748,0.601184514321482,24.285881114400137,44.0,3
60156,5.270402895934253,0.0,100.2695114851116,1.246958858166756,1.0358893422160114,0.10293027132491821,0.15864721974158413,0.0,0.0834609979772711,0.5685462219497042,23.718028171339295,29.0,2
140034,2.81870192439919,0.0,68.6844891517276,0.8478595149544487,0.02112907361608464,0.0492140238184839,0.30583674985983916,0.14837748463692157,0.07344443758622808,0.25022020596358363,32.627759374137376,14.0,1
85232,4.359420279727952,1.0,117.29564880706316,0.3953989566038604,0.10886415102659006,0.030629476337651843,0.36860238188452427,0.12735141084815144,0.07523239892816581,0.08214020476678746,26.492859683716414,24.0,2
123286,5.701060861471607,0.0,141.36897701077424,0.9485494790226465,0.9844757146265559,0.028221954072082344,0.057195281465609184,0.14824048470688458,0.0846000186739813,0.3674955385332786,22.46296162467599,26.0,2
972,6.117892928831929,1.0,94.46912540579693,1.2801294904916005,1.1353577070957022,0.04379041442699696,0.0341517760422906,0.0,0.09417957066797655,0.428725547103319,27.248110989963227,80.0,4
134181,0.872923795046736,1.0,128.03189687290995,1.2172165115891747,1.103980770181698,0.04899224740895944,0.09642761173667264,0.0,0.07697095147323091,0.17610414704469207,20.37873556626789,57.0,3
65175,3.873488880460096,1.0,80.03652411519505,1.347912282370425,0.6288885490015691,0.037174223482640885,0.2800839896815336,0.13462023119004507,0.09747580878089683,0.7940679687734105,25.55876988478236,3.0,1
23175,1.5954046671017168,0.0,141.7026458406454,0.43813908429016785,1.2600680937293525,0.06697413709052649,0.04675657125578322,0.0,0.07344443758622808,0.12889791880300963,33.30764493870558,30.0,2
138935,1.5954046671017168,1.0,105.88217981948605,0.6895327855205698,1.716331415385084,0.05170941569813888,0.009852506517610308,0.0,0.08927426336727629,0.4990965284816648,26.018704100034473,41.0,3
52042,0.0,1.0,85.79403542399982,1.2054289960576283,0.6253501522484253,0.0711798012622476,0.0046474680041790365,0.0022799239558746022,0.07298954199416931,0.40779027040891674,33.30629020779538,29.0,2
64744,0.0,0.0,99.46857230681952,1.789185585833376,0.5275795784089966,0.11493958942953454,0.13296876435285718,0.0,0.07523239892816581,0.3821859095722139,28.57836836291569,4.0,1
10851,5.270402895934253,1.0,152.15482320240386,1.6633439737814455,0.9844757146265559,0.036177528458350545,0.07420568102693714,0.0,0.07113757653068406,0.4159926286676566,26.236377230687985,39.0,2
79439,0.0,1.0,111.11242249724464,0.4041624271651455,0.23794773678388204,0.02844379682282684,0.3381352494969032,0.11864383254650614,0.07523239892816581,0.19140808741899407,23.84702311393637,15.0,1
69728,3.873488880460096,1.0,136.85575851938944,1.5360221992945484,0.9696927940084842,0.05824462509301763,0.27067931385650346,0.14844628185416234,0.07253143383276514,0.6606790044748683,24.7508432310924,19.0,1
16273,4.359420279727952,0.0,147.43233376440332,0.9050560474853104,1.1084392632811322,0.10452341798063405,0.2370566471492302,0.0,0.06318149722485808,0.3986608665711685,21.466085820192276,20.0,1
561,0.872923795046736,1.0,78.14232061219417,1.6318388174675127,0.7197556293230039,0.11046979282060683,0.13795961794494901,0.0,0.10673525114395638,0.44142678332063784,22.057295084820034,11.0,1
36052,3.3619271977508447,0.0,104.1566334274757,1.6283596013417518,0.8688796649587435,0.05117544300866493,0.09055548875425853,0.0009961907158109078,0.07654086052747315,0.3277957400099712,24.143569923209043,54.0,3
12275,0.872923795046736,1.0,57.409187677477256,2.117422027987917,0.6218191154126793,0.11458463290479251,0.1523395503043589,0.0,0.07207008747600625,0.6815305328788934,28.04833718771862,57.0,3
11699,2.81870192439919,1.0,80.31200085450304,1.0414166221981487,1.395655262877005,0.058717534870942424,0.22760737007515214,0.0009961907158109078,0.13375726721458914,0.7522202886606224,29.336807801058548,34.0,2
109640,1.5954046671017168,1.0,98.46216630955128,0.9382217518481557,1.3489319860322233,0.05581785744347516,0.27347028496277787,0.0,0.14595722364496716,0.6719828838800403,27.95144112553174,61.0,4
127072,3.3619271977508447,0.0,76.97006556419939,1.4728761491942823,1.3029499461191854,0.03637793803600697,0.013808340475834706,0.14807567465457025,0.07782218133052284,0.22849210047277335,23.146485332604946,20.0,1
110636,3.873488880460096,1.0,165.90782959898056,0.4094558895082161,1.3416224885557462,0.054817363853910714,0.0,0.14570966597125287,0.08534643612555834,0.06446889349782105,28.548638671841257,33.0,2
121477,4.359420279727952,0.0,69.37420912497132,0.38325336735090565,0.31062274053913125,0.032054095044992494,0.37023507737824185,0.14879263879272445,0.08030591854684666,0.23227835647910366,30.74396156046433,12.0,1
73095,4.359420279727952,1.0,106.99229906280443,1.0441365530273317,1.2435697576993787,0.06102200408319748,0.33080127724609326,0.0,0.1455579926336506,0.7487913817984178,25.30939108594441,52.0,3
79467,2.81870192439919,0.0,90.44122022110388,1.437000860302872,0.585186269256022,0.06056899457987591,0.32465874438882003,0.0,0.07654086052747315,0.428725547103319,24.888451385114433,19.0,1
21339,4.359420279727952,1.0,159.01837202625524,1.2260981136938247,0.9529151814138451,0.04263844285355163,0.32756561202397355,0.0,0.058513707912555175,0.20856198321458377,22.439035744849168,33.0,2
62338,0.0,1.0,172.06418159332804,0.366150337342963,0.23662190264723806,0.03345331143459896,0.3699650424587189,0.14825709864946238,0.05658694707312501,0.13180306839931838,21.44522652969426,15.0,1
57872,4.824000686513771,0.0,98.8607101982626,1.7781902494919293,0.5955704093858848,0.11092289844555954,0.09424038591331747,0.0,0.09029545927515505,0.43961424622178924,26.549069928565302,25.0,2
2805,3.873488880460096,0.0,117.06028319234412,1.573269725078865,0.7030562129490128,0.11281100403753022,0.2930180791304926,0.0,0.07207008747600625,0.35460545987661984,29.972717644866908,2.0,1
43731,4.359420279727952,1.0,111.34439391058068,1.3984299557000819,1.4330682921235658,0.029178943760520885,0.20025699425502924,0.0,0.09747580878089683,0.7565036843130809,25.78916418777497,51.0,3
64147,5.270402895934253,0.0,146.1293716763685,0.9025300258404296,0.9993545321705947,0.09844389461644934,0.19169008643354407,0.0,0.11020651288205074,0.35737047171995895,20.933794150101203,4.0,1
151459,4.359420279727952,1.0,146.70922117704438,1.4273029632982537,1.5481140364786548,0.06450986144918483,0.13547693088861773,0.0,0.11277808358501228,0.7881072528363212,23.213410376692032,45.0,3
152401,4.824000686513771,0.0,136.38524926901977,1.0550536357269065,0.5595130343273138,0.11754158013819367,0.315716026570639,0.0,0.04607435182641571,0.2313320887455652,20.971076267464202,3.0,1
13917,3.873488880460096,0.0,87.50349652520627,1.8447562024754598,0.13113598796462372,0.07501499474701619,0.3250784302488298,0.00784568534949911,0.06985760413807163,0.5703153792725135,32.403137444760915,26.0,2
157809,2.81870192439919,1.0,92.06386663814777,1.5360221992945484,1.4658701681640962,0.03684347528477961,0.010821767172170031,0.11449707371701147,0.11935085950785726,0.5035754392914052,26.81176267046648,54.0,3
3151,4.824000686513771,1.0,139.81368344930297,1.818699770638293,0.7593119202228912,0.03317547616112335,0.24122535807105008,0.0,0.0603937192379254,0.15208393623644478,23.907946809697584,29.0,2
33652,4.824000686513771,1.0,125.21336238669451,0.9101188546911463,0.7803636199698412,0.03012476416116336,0.0026891436195031772,0.011102651710593039,0.1228099104642298,0.18758708461990609,19.52616671366842,14.0,1
115646,4.359420279727952,1.0,115.51849401184869,0.7830919477975231,0.24593781307764753,0.03880600336970576,0.3731517753340202,0.14858359650791927,0.07479010183432175,0.23700674147691309,26.74582777604115,40.0,2
31773,0.0,0.0,111.37016424417938,1.4827469254218961,1.1694107022410731,0.040085503505564654,0.07254895465454227,0.00010895462572752477,0.028985133900341215,0.5985452841347247,27.801193703693382,50.0,3
10635,5.270402895934253,0.0,97.88491791097702,1.3354442055656686,1.262433119818314,0.11180732738915318,0.13919151447689318,0.0,0.07739805058592603,0.5035754392914052,24.692580097287863,56.0,3
55628,6.117892928831929,0.0,115.91830850830237,1.1675486338704655,1.0100410881731547,0.07331527306353508,0.06655282238106731,0.13833355630017338,0.10741349334001439,0.23795182913777405,28.89256345962127,30.0,2
69810,6.117892928831929,0.0,127.75903747749666,1.1502855016786524,0.8035905104059599,0.028221954072082344,0.014670307255570792,7.259798647499678e-06,0.1384950913702589,0.2952388627866774,26.625996823664305,1.0,1
146319,6.117892928831929,0.0,131.43065505317804,1.0037280259604542,1.4658701681640962,0.07261531317345733,0.09129645354967957,0.0,0.11700849582798221,0.4919223952704212,28.347879984144758,31.0,2
120500,5.270402895934253,1.0,93.68772510082198,1.3698863849283012,1.486230640455675,0.054817363853910714,0.05752870250965461,0.0,0.100270542490563,0.6728515002130602,25.433676929240747,32.0,2
12577,3.3619271977508447,0.0,116.0207932514656,1.0965276954317247,1.042395729804522,0.04379041442699696,0.12135717411903511,0.0,0.07207008747600625,0.6187477473978619,24.278036444253118,23.0,2
131518,3.3619271977508447,0.0,130.56956268121402,0.4272934474675271,1.6325075429004299,0.08489042627422848,0.003976213546291906,0.1403031301721906,0.13853502772633525,0.20570758564253153,26.31949591525669,49.0,3
28619,0.872923795046736,1.0,95.78697048512062,1.0743027900555246,1.1762754558995927,0.10235887299442069,0.2197638288032268,0.015947865155063325,0.10937167434329613,0.35921294629456185,24.201460856779644,20.0,1
14045,4.359420279727952,0.0,86.25927202368646,0.9667630100669081,0.25129798432132566,0.040085503505564654,0.34126489173914065,0.0416750504807666,0.07654086052747315,0.43417279113429047,23.138237161851904,16.0,1
1907,1.5954046671017168,1.0,109.1145893944566,1.0577922600757719,0.9321184334126422,0.05581785744347516,0.10074959601613999,0.004905852458809698,0.07389614600927014,0.37117222363207886,22.270031940732807,78.0,4
89545,4.359420279727952,1.0,83.09170971510586,1.5903688309600632,0.6865080892331454,0.11594541912829057,0.022699683570500607,3.3499571276060607e-06,0.0550811810864441,0.22849210047277335,35.53634176116104,18.0,1
117091,4.359420279727952,0.0,87.48215781912802,1.4728761491942823,0.8251223509347365,0.10304203740104016,0.16643138894708484,0.0,0.0652563208801996,0.2709078202006909,21.705527697320818,1.0,1
931,6.117892928831929,0.0,127.1018109779412,1.792859470542298,1.476033739652881,0.08660651291880815,0.27469455038309665,5.939865209847217e-06,0.06561335504490168,0.7539340114733682,24.473781405687404,69.0,4
46669,3.3619271977508447,0.0,118.55830895972537,1.3261352750235784,1.0057605767148683,0.06534527571603274,0.09570049597102921,0.12699896453563442,0.09776367429658296,0.39500445441039295,27.003565250442858,44.0,3
117992,3.3619271977508447,1.0,40.73891106000245,1.1360051413715428,0.17493039519290357,0.11899745487734145,0.30849864803585886,0.0,0.11964725123583841,0.406878074585287,25.49837609005293,35.0,2
100576,4.359420279727952,0.0,127.1422697131394,1.116173191799425,1.2295073977449773,0.10482157753073958,0.05919019669413417,0.0,0.07523239892816581,0.5268053829272235,22.088815519157038,41.0,3
89308,0.872923795046736,1.0,79.15516995545461,1.249954663221884,0.971798776571637,0.03345331143459896,0.0,0.0,0.07523239892816581,0.4694400923118106,27.286566407548573,40.0,2
26869,0.0,1.0,115.12874068705247,1.2923101708008011,1.5377163817742514,0.041962598355487504,0.1133089973400213,0.0,0.10510074374136276,0.7273162537818824,29.87283187938955,51.0,3
40855,0.872923795046736,1.0,118.12911916283512,1.6774576631672329,1.0862263751542853,0.07261531317345733,0.00047466300203340226,1.3099344429888262e-05,0.07253143383276514,0.46853879156411365,30.1672167831935,1.0,1
110744,2.81870192439919,0.0,131.6671878556197,0.4601550350785543,0.7861447309043834,0.030629476337651843,0.02129722678586382,0.14224708538862296,0.10263327184459343,0.3426056156966485,23.80346202449253,31.0,2
124111,1.5954046671017168,1.0,129.10736606491628,1.789185585833376,0.8911068094754843,0.10793809036212502,0.16697724760173577,1.1899945902425863e-06,0.08608269509259017,0.581801103291445,31.699389906698425,59.0,3
3351,2.81870192439919,1.0,146.05500816641927,1.3230403074748542,0.9362622300425101,0.029907481693841425,0.08757148586722448,0.0009961907158109078,0.0909648244230264,0.7659164955773288,23.92592049511692,47.0,3
11228,4.824000686513771,1.0,101.07476383040779,1.13316055416276,0.7253558029455678,0.07434357648268704,0.07452016071660737,0.0,0.09630503739313614,0.4123487785843696,25.507319403775828,57.0,3
4604,3.3619271977508447,1.0,111.5196153726821,0.9459621033695175,0.716031549250245,0.028073724243569836,0.1765793395003656,0.0,0.1254539880533494,0.599425165844399,21.092515594033394,10.0,1
138648,5.270402895934253,0.0,84.02605160857938,0.4882897127387084,0.3205773944213085,0.04673112473458526,0.2847155259014564,0.12565298513121476,0.12162428428057229,0.37851739929939954,29.746615029653494,67.0,4
86948,6.117892928831929,0.0,117.39284531695765,2.093175597478864,1.0620215341973758,0.0756753591574628,0.1098800831673712,0.0,0.08384328428839721,0.8710420542341463,29.04860199207382,56.0,3
234,1.5954046671017168,1.0,157.20474757985198,0.8211656767816108,0.6271184303094184,0.02851761080959776,0.057611999183461174,0.0057692447770308405,0.1441597800944334,0.13180306839931838,29.81391124620383,12.0,1
38008,5.270402895934253,1.0,108.40092190309356,1.7745339005343035,1.0906530470009785,0.03809250140100743,0.1997904096162951,0.0,0.12405459357167793,0.6099729853020663,27.93310430741233,63.0,4
23958,1.5954046671017168,1.0,177.04660685743102,0.5912348122088464,0.2993483601119892,0.02680288136667475,0.3576775834173402,0.14864509091371522,0.0846000186739813,0.5089451600367382,20.163805318879582,22.0,2
4339,6.117892928831929,1.0,104.82758342858304,0.8799567951318898,1.7659439067404081,0.07664561864626834,0.011788166338059581,0.0009961907158109078,0.07344443758622808,0.47484463488452405,28.531066889075493,44.0,3
158228,5.701060861471607,0.0,93.90428694053917,1.3635879022326585,0.5817394956459299,0.11297815609525026,0.21764387222561646,0.0,0.07389614600927014,0.25493008433871256,30.118249287330666,23.0,2
12034,4.359420279727952,1.0,151.41525221975255,0.4601550350785543,0.03068562834647795,0.03880600336970576,0.356590267128926,0.09341227693443308,0.09600744425199255,0.3481476766638229,27.820100678623675,22.0,2
152126,6.117892928831929,1.0,159.21426134630119,1.3635879022326585,1.1443944415571772,0.02844379682282684,0.11398938173084487,1.0799554418735879e-05,0.06687402409031792,0.6099729853020663,25.704480669219496,22.0,2
9996,5.270402895934253,0.0,102.69295984808262,1.2953652640842788,0.2702700593198571,0.11936558191184433,0.3450089936356306,0.0,0.11461791565793807,0.6554543597330946,27.73469412998021,47.0,3
6547,6.117892928831929,1.0,72.5126543132818,1.6041242390834507,0.48009200488394477,0.10665182007938102,0.10429869371523375,0.0,0.13615621999528407,0.5152030121689768,21.71036188568874,33.0,2
7389,4.359420279727952,1.0,147.07084117734985,1.0495876169697003,1.1084392632811322,0.03550559855419764,0.16860685887279303,0.0,0.07253143383276514,0.475744849543228,28.349393067797767,68.0,4
7601,0.0,1.0,165.3283973137192,1.104924423867234,0.7012100698643479,0.027028571290768577,0.1744815277128284,4.039937648051768e-06,0.12417503957929378,0.6624195015311976,31.58735772492695,55.0,3
10382,5.701060861471607,1.0,65.8378614646973,1.433764130961678,0.6883393129818888,0.03756917664631072,0.17183062586123532,0.00011994500725293128,0.104861145959801,0.03860874099813829,23.193765555133027,22.0,2
32952,1.5954046671017168,1.0,163.3932174830802,0.6015852734389804,0.744145053523369,0.032054095044992494,0.20936643468293328,0.0,0.07610775407689287,0.11142498856964167,28.7938729542075,46.0,3
91759,2.81870192439919,0.0,100.17009827703914,0.8552135014387723,0.6182954332776928,0.11314092919575607,0.2053189330857846,0.0,0.07160547706998972,0.2530467117592156,31.184453437586264,16.0,1
2423,1.5954046671017168,1.0,88.0100732255842,1.4048176378816764,1.3562599631415344,0.10682075272588769,0.2053189330857846,0.0,0.0878799146864748,0.34168132433451065,28.812956166699507,15.0,1
116159,3.873488880460096,0.0,89.65492271723127,0.977251050003743,1.0036232661278224,0.032756846992377936,0.17710064452048874,0.13758299323655312,0.07253143383276514,0.5826836339638324,22.444206369275197,45.0,3
86679,3.3619271977508447,0.0,92.77315028593459,0.9075856561859189,1.4406068112877073,0.04438898378389238,0.3070534560250145,1.8298720700335727e-05,0.09510266620308695,0.8068215443635162,26.184503427107998,32.0,2
130783,3.3619271977508447,0.0,87.93011513073084,0.5347472887120701,0.07143476024469965,0.027328538996671415,0.3728906279665226,0.14825709864946238,0.07253143383276514,0.23795182913777405,18.171386094076322,43.0,3
50529,1.5954046671017168,1.0,81.80049708141493,1.4663162944046058,0.6810255875210611,0.1110323446790209,0.14704857682625724,0.0,0.10388706186522997,0.5525981112890355,23.077689894514673,39.0,2
153311,5.270402895934253,1.0,116.78389800122048,1.5293044363985917,0.48979344763555255,0.045862486478646186,0.26494198701602334,0.0,0.07523239892816581,0.29337171326094935,29.068190462630273,26.0,2
76703,2.234779091684268,1.0,94.26330567869664,1.5835165182702335,0.5612118533538111,0.10432098682144851,0.29193879468905093,8.689711516061614e-06,0.06281225440812803,0.5330424673029763,28.495649836266466,44.0,3
28046,2.81870192439919,1.0,76.3993024270342,0.9000075885026969,0.010075921542028915,0.03597658040809012,0.3739304991678018,0.14844628185416234,0.07298954199416931,0.16363021503347241,25.974967407234843,1.0,1
128251,4.359420279727952,1.0,119.6558207257877,1.0468602170294494,1.393177598252768,0.0594657695986922,0.1488254969080726,7.497851567443367e-05,0.06190776427503039,0.5870941836445066,31.955526693389672,24.0,2
101365,5.270402895934253,0.0,86.14165985208525,0.7413141514439969,0.9012871754952682,0.03240626087208351,0.08981251686689971,2.1998151110921453e-05,0.0694254831739047,0.219012573347335,19.36307589333871,30.0,2
98764,1.5954046671017168,0.0,124.69117068821085,1.5427567021324977,1.1946699466487898,0.06279572776316904,0.15175752601352488,0.0,0.07207008747600625,0.5605779646133879,29.019822795247496,9.0,1
25812,5.270402895934253,0.0,109.0525578980855,1.6144853188230401,0.48979344763555255,0.07296675335244636,0.23041492083456172,0.025231074929758734,0.07066635954166857,0.5268053829272235,23.39718228945546,18.0,1
41952,0.0,0.0,138.1259788702522,0.9667630100669081,1.0707955444139763,0.03783130597669388,0.2460265192220273,1.1199952079569987e-06,0.08823206529773955,0.4387077377800461,28.330097118513056,52.0,3
83619,3.3619271977508447,1.0,95.86595858887077,0.9407982425356697,0.4124347299272793,0.029178943760520885,0.17236337369497504,0.14312178860368255,0.07160547706998972,0.3610547290259492,28.04211321389529,19.0,1
142748,1.5954046671017168,0.0,106.29737146037029,0.562679835601423,1.353815249832546,0.05223874875548161,0.016577632105374596,0.14259676968086224,0.07253143383276514,0.15593612213162947,23.53809433327998,40.0,2
153413,0.872923795046736,1.0,83.55369697490636,0.6675719032394865,0.9259172992484815,0.055419740524264245,2.449910291774544e-05,0.14780794421992247,0.14079768875833876,0.0874267693199992,27.87766188847527,12.0,1
55883,0.0,1.0,96.93402131935945,1.0660306262012467,0.6042741472907891,0.08226457702046334,0.027606174259840268,1.5899903421498297e-06,0.11700849582798221,0.2521047362767937,25.971889243228038,20.0,1
8144,6.117892928831929,1.0,92.40801915327988,1.3416702104497014,1.448164004953569,0.06331612256348311,0.12593704731803265,0.0,0.061800626064382434,0.7462184204087837,25.292906463883927,45.0,3
95287,0.872923795046736,1.0,124.28029513969739,0.11996830113552034,0.7049042238456557,0.04843439090520536,0.018473777957743368,0.14765109619313957,0.1329476683409684,0.02690693500206039,21.361958360487918,51.0,3
57421,3.3619271977508447,0.0,124.35639785665623,0.5667208372492745,1.1331035227505035,0.06279572776316904,0.3477747674240067,0.0,0.09227673809299898,0.7599282170448584,19.71027912945358,19.0,1
153956,1.5954046671017168,0.0,115.67741830979948,0.8332466137621517,0.5990464133621874,0.08822904207283068,0.2821283049873707,0.0,0.07989911657905567,0.5932630825882477,28.443096833595504,13.0,1
38116,2.81870192439919,0.0,100.06020412260744,1.3730416877687452,0.8153065731672732,0.09181366582891372,0.2044080949271225,0.0,0.0912961293942096,0.4378010692265794,22.71403615230261,16.0,1
54466,0.0,1.0,104.67160344205182,1.5562760176399235,1.1831582989482943,0.04379041442699696,0.1912034946595629,0.0,0.07253143383276514,0.25398849438243537,24.24047033357373,51.0,3
135857,6.117892928831929,1.0,104.31792570944503,1.6075736872862627,1.0250847906186369,0.1059512892555724,0.11125707260979383,1.9099860633218067e-06,0.06088370615990778,0.2680922205501752,23.126078348776627,5.0,1
30540,5.270402895934253,0.0,121.15427893402452,1.437000860302872,0.6755598265644066,0.03127373074081886,0.2894796749158462,0.1482817668352984,0.1340791708092471,0.4023146165258838,23.47881742377171,42.0,3
12966,3.3619271977508447,0.0,142.9566340142353,0.8527586441232778,1.1151419433655108,0.03684347528477961,0.2128951275573229,0.0,0.11479565148345594,0.563235334781676,28.33968315580641,40.0,2
95425,4.359420279727952,1.0,125.15254058586838,0.9825170437964712,1.0840160182295047,0.09239789907154937,0.16860685887279303,0.0,0.09323773806836998,0.6240060675375,26.57688119567997,37.0,2
133812,3.3619271977508447,1.0,140.2077251285908,1.5393873568146128,0.35534568477806994,0.03198347162171691,0.31087190645524865,0.0,0.062121579541474924,0.31944514756429193,24.60591285949616,30.0,2
154094,0.0,1.0,140.2077251285908,1.5393873568146128,1.2131933798627534,0.03550559855419764,0.06896625627207055,0.07573354737493142,0.07907699494507488,0.8102180588519682,27.90443657648751,35.0,2
127259,3.3619271977508447,1.0,88.49493073453434,1.0770677015296135,1.5196011969191976,0.09829752883170788,0.22227665399240484,0.12699896453563442,0.10696278729458521,0.3922603925171521,27.653724886282394,54.0,3
19156,0.872923795046736,0.0,139.67897450399076,0.8824506569237538,1.103980770181698,0.037174223482640885,0.20577278583815367,0.0,0.14435452758751188,0.646736059972371,29.212099780585365,41.0,3
147110,3.873488880460096,0.0,117.13192336661186,1.5461302380608775,0.7123149584016482,0.1069043158630909,0.06695646051523181,0.0,0.12892496155362296,0.3231583147981585,29.191959449245353,29.0,2
91352,0.0,1.0,131.85838265593796,0.4024038435051266,0.2499554292750488,0.030629476337651843,0.36679927499094567,0.13833355630017338,0.05884883476647055,0.12986652282760713,21.20197992260618,46.0,3
136204,4.359420279727952,1.0,92.82076095363563,2.211916140691261,0.5359198474324859,0.1063065939423024,0.23896380348877203,0.0,0.10437726552568219,0.7505060789938793,26.09655750504147,5.0,1
46960,6.117892928831929,0.0,107.5829984863076,1.0660306262012467,1.2062319625131506,0.04257727432062326,0.08606729572137231,0.0,0.11979409945598393,0.581801103291445,21.681043522487972,62.0,4
108480,4.359420279727952,1.0,142.58856347123273,1.0063959825440436,0.9972231075729378,0.03482762600454365,0.19744118313193104,0.0,0.10363955969640551,0.3684149667388865,26.238636810766444,2.0,1
66256,1.5954046671017168,1.0,140.37227781574958,0.8187599816799841,1.366059372813981,0.03127373074081886,0.0012775554687158546,0.0002717175831050738,0.0529487442858004,0.08957861213177688,29.792222025801564,21.0,2
102629,2.234779091684268,0.0,90.27660377338344,0.7713755595229619,1.366059372813981,0.03822275004970231,0.002013917923477835,0.02384571265710935,0.08892922146119757,0.39957455327271907,30.520227180925836,27.0,2
119229,0.0,1.0,102.53652026715898,2.1705285737127054,1.6032536372686526,0.08307477277729898,0.1252878557882259,0.0004641750691764907,0.06692398527059899,0.6222538369971233,25.83512917768097,31.0,2
39406,3.873488880460096,1.0,94.97021374659973,1.9861127510729824,0.5392685908845773,0.06969534196105091,0.1200332692849557,0.0,0.12777722757972032,0.3324287028011156,24.611465748908085,15.0,1
8403,3.873488880460096,0.0,147.23922341536274,1.5562760176399235,0.49629680953734306,0.1134918076281394,0.06920649536037776,0.0,0.09162520541474937,0.35921294629456185,30.408838743684964,9.0,1
29145,4.824000686513771,0.0,120.61432589729698,1.3604447167824396,1.5795086777003646,0.044864046298832415,0.013424509655619364,0.07573354737493142,0.06879642243195909,0.35552730403390576,26.371851300124533,26.0,2
120962,4.359420279727952,1.0,99.44238231502479,0.2469107435942193,0.08942431325482048,0.03482762600454365,0.3753400103877654,0.03152094615885867,0.0909648244230264,0.0880137468287464,25.023075438741486,10.0,1
95943,5.701060861471607,0.0,109.1249274869738,1.8039074821054202,0.5765830106954144,0.039448600807730404,0.19217553698332104,0.0001569058769573269,0.04851206876569219,0.652840258681475,26.632839147518204,8.0,1
121351,0.0,1.0,153.83912413131824,0.7185814057543572,0.7197556293230039,0.02844379682282684,0.20712811703028133,0.0009961907158109078,0.09660065570186806,0.3064263084600735,23.363841771866905,50.0,3
28349,0.872923795046736,1.0,69.88672874293417,1.382531875836705,0.7328489612337938,0.10235887299442069,0.031985046601678425,8.899697404992662e-06,0.13349331785811236,0.23417030061314106,30.87949904792841,17.0,1
34143,1.5954046671017168,1.0,175.37196404211514,1.310700409278527,1.1443944415571772,0.027552803013641613,0.13233770064580988,0.0,0.06830856655814778,0.5089451600367382,22.45986108903377,6.0,1
123283,4.824000686513771,1.0,100.47352609478357,1.7599522449896807,0.45611891744501903,0.10673658905851677,0.1642345639618373,0.0,0.04800450740497957,0.4586141796681728,22.321668528235964,41.0,3
101186,6.117892928831929,0.0,37.876913806840825,2.005688063444212,0.7707663064582774,0.0685487630522728,0.013712425199831665,0.14534683189159373,0.0560111652642022,0.8440817409401928,26.503289772288795,40.0,2
85316,5.701060861471607,1.0,72.74273201670643,1.310700409278527,0.7631224941741739,0.03550559855419764,0.03683917775901111,0.14841601368529395,0.09259922813974525,0.49461383429655437,27.4587099926813,19.0,1
27617,3.873488880460096,1.0,71.10251979789318,0.7807417810472599,1.4180472143719791,0.09181366582891372,0.02129722678586382,0.010552014101597989,0.12567774876200102,0.44414439156625246,24.067269184996523,54.0,3
1452,0.872923795046736,1.0,137.1509597712101,1.6633439737814455,1.3005502950795864,0.10731328807663247,0.2743894066920769,0.0,0.14059519997011408,0.6073378881905973,28.02051252263789,74.0,4
49738,3.873488880460096,1.0,155.21611666097752,0.4094558895082161,0.26617686285745656,0.032756846992377936,0.3443059588382177,0.11544880796978638,0.10785844760529659,0.425999744827912,22.98783058469748,24.0,2
96074,3.3619271977508447,0.0,105.14464054063454,1.6110273795933783,1.4709477900653012,0.04438898378389238,0.1220165471564242,0.004905852458809698,0.11935085950785726,0.8617873707738007,26.26826494881253,18.0,1
112907,3.873488880460096,0.0,102.83372636410743,1.2529544013102096,1.1534632002710248,0.11029334661670147,0.28096359619784445,0.0,0.13273675530204682,0.7023077593058966,32.13985227390075,30.0,2
32155,3.3619271977508447,1.0,83.76308279124669,0.18958077544120372,0.6060203886768876,0.044982288551343556,0.08682041266096152,0.14866510521289292,0.12065670517582489,0.028892725219952037,21.345461955685266,50.0,3
13774,1.5954046671017168,1.0,143.50351513212178,1.5427567021324977,0.8429110412156785,0.05170941569813888,0.06493263849957365,0.13499334566157378,0.09889625578485943,0.6693762543425813,24.84116803216474,13.0,1
21721,4.359420279727952,1.0,85.30166947374147,1.0826088263724851,0.556120840764112,0.04257727432062326,0.3399871369797906,0.05685311494931573,0.07567160824092482,0.5366032848165226,23.476237876322884,41.0,3
104754,6.117892928831929,0.0,55.06310223196243,0.9407982425356697,0.9238541349219103,0.07261531317345733,0.19696805351856575,0.005864813330088342,0.10894620868502075,0.3757642353460366,20.89445280816411,24.0,2
127155,0.872923795046736,0.0,88.96876583324033,1.5766811031181405,0.45611891744501903,0.07664561864626834,0.1614580741411667,0.14419090708077217,0.07160547706998972,0.40779027040891674,25.070948506081884,4.0,1
37032,1.5954046671017168,1.0,109.57449922565793,1.3076254137645986,1.0510985468541778,0.0853906261142464,0.131070708116066,0.015947865155063325,0.065765824499414,0.3490707404716398,28.19236859444826,4.0,1
152270,0.872923795046736,1.0,96.57643464352599,1.437000860302872,0.630660508976416,0.10698728321032973,0.025948304091180735,0.0,0.09195206939260495,0.44052059468949495,27.994449508172536,11.0,1
45262,3.873488880460096,1.0,99.40047627890937,0.39191414442930206,0.19253140681836964,0.032756846992377936,0.36832732859560113,0.0,0.07697095147323091,0.3398322134003418,23.27285434223538,14.0,1
119203,3.3619271977508447,0.0,107.46904003415912,0.2021130503443883,1.8615556176242443,0.04557037994341877,0.3195041081777926,0.14894969779215567,0.14584717146993612,0.0019994840278861,20.938127963096644,51.0,3
85947,2.234779091684268,1.0,78.8682940837552,1.6423020601527738,0.3205773944213085,0.047871617065426426,0.33080127724609326,0.0,0.12589889796513168,0.7169807027788505,26.85051179310742,52.0,3
116702,0.872923795046736,1.0,114.86708987046875,1.3984299557000819,0.8769353064372962,0.037503497957860635,0.08606729572137231,0.0,0.06318149722485808,0.6353823972414456,28.053798265972876,56.0,3
39226,3.3619271977508447,1.0,43.54346016768796,1.4794525303974508,0.3205773944213085,0.04667357177237511,0.34879317068115623,0.14805756513607893,0.08384328428839721,0.15112035188052228,21.790926098811678,21.0,2
137346,2.234779091684268,0.0,136.9158068362927,1.50925136242719,1.0598329809424267,0.10421865593665172,0.32465874438882003,0.0,0.07113757653068406,0.10461029557445183,25.170747684164326,2.0,1
147121,4.824000686513771,1.0,145.25153568001255,0.6225285599873925,0.6792018079786396,0.030629476337651843,0.327975051138946,0.0,0.1173334149753333,0.15978487678331918,27.949786055393744,20.0,1
40832,5.270402895934253,0.0,51.91078860050696,1.4112216109464688,0.8972092364676427,0.11268268778192085,0.32979984747365504,2.5299755470162807e-06,0.053248268515888486,0.7957699699053866,31.044261500785854,28.0,2
32249,6.117892928831929,1.0,55.13716295600636,0.6697530468859387,0.012109364452542617,0.03684347528477961,0.37483015478170034,0.14823212672171301,0.07253143383276514,0.2332244270349452,16.89399888041094,54.0,3
67284,5.270402895934253,0.0,107.9920708880782,1.2862118976616896,0.8074882515588501,0.08684389572442322,0.29328660272751916,0.0,0.09600744425199255,0.7505060789938793,24.70296632578506,25.0,2
49307,0.872923795046736,0.0,156.59135956196403,0.9177400165281233,1.0036232661278224,0.030629476337651843,0.04038650080234692,0.005864813330088342,0.10107366171887236,0.23606145763498151,22.562910457220944,22.0,2
29017,0.872923795046736,1.0,140.5417880429138,0.9075856561859189,0.7328489612337938,0.026198033914667747,0.24783790767316516,0.0,0.07989911657905567,0.5339328914848354,26.098425114386686,46.0,3
150629,5.270402895934253,1.0,134.54100765420378,0.7972654942346424,0.5126805935065077,0.02770197444137078,0.1028847268953419,0.003939573289650818,0.062121579541474924,0.19904021217904416,25.71297101394531,7.0,1
29729,3.873488880460096,0.0,125.95808702963646,0.7574292631964193,1.0751944363573847,0.038157654766122096,0.019417686065019802,0.07013582035545378,0.08858182813778119,0.3352063471934248,26.804034471748025,19.0,1
50651,1.5954046671017168,1.0,103.66212800077983,1.7166256457400175,1.3005502950795864,0.0708133464056408,0.010724970060022793,0.0001948548161328989,0.10763668424531088,0.6003049092046717,26.638759424206363,19.0,1
7996,5.270402895934253,1.0,115.77480808653428,0.9719997127794917,1.4734897236080668,0.04673112473458526,0.02223288089874668,0.0219432665386193,0.10339044157515012,0.33890739350112375,27.37950967216453,62.0,4
148274,2.234779091684268,1.0,88.78246923159003,0.7925271422579314,0.9929661400695023,0.023107041720981665,0.20712811703028133,0.002965912600349943,0.03369720618794504,0.41417103144871215,19.36584774996155,45.0,3
105677,0.872923795046736,1.0,23.78804020756406,1.249954663221884,0.971798776571637,0.03345331143459896,0.0,0.0,0.07523239892816581,0.4694400923118106,27.286566407548573,30.0,2
96851,5.270402895934253,0.0,98.72439210179144,1.4959659338530724,0.7900082832763979,0.11017367031918551,0.23357115209643636,0.0,0.12306481658547469,0.7031718835524514,24.232194894098686,36.0,2
114386,3.3619271977508447,0.0,99.45809642829809,1.2260981136938247,0.8035905104059599,0.03684347528477961,0.1373413159554467,0.0,0.07948948280021469,0.7161185947953245,29.160927211034807,35.0,2
80628,5.701060861471607,1.0,182.36440643063884,0.9356488839762348,0.5680252931599925,0.11214289994463984,0.3323855330835508,0.0,0.1382096979464234,0.4241817332356303,24.310524643288513,33.0,2
99379,6.117892928831929,1.0,58.563002926794276,0.3971457665070668,0.013332358152778978,0.03530284399437761,0.3749579057766519,0.14655975062581145,0.06702380099356973,0.4775448150825342,17.77703582251048,48.0,3
39214,5.270402895934253,1.0,138.19094501887696,0.8163577776207587,1.378354930922237,0.039448600807730404,0.0009985074216367666,0.014176275640349664,0.11781335401820275,0.20570758564253153,25.74704801208849,33.0,2
14705,4.359420279727952,0.0,107.72801156790632,1.1762322066763853,0.22476437703283975,0.05728648091811103,0.3398033608963911,0.1471677431825504,0.07253143383276514,0.19617970441626129,24.57313352830037,45.0,3
114057,6.117892928831929,0.0,180.2977176220383,1.6283596013417518,0.9844757146265559,0.10706965946680329,0.08303424155368089,0.0,0.12441380069370117,0.5259137815807644,25.697606138467506,5.0,1
3607,5.701060861471607,1.0,80.88413067136773,1.1474217637968984,0.7997003756155685,0.05531977924046881,0.21376733495324746,0.09341227693443308,0.09227673809299898,0.22659778538501857,28.63438339745408,64.0,4
119346,3.873488880460096,1.0,98.41495508160342,1.9705341629668967,1.2039155262962848,0.044982288551343556,0.1988539897807107,0.08601671280632918,0.07907699494507488,0.5143094816331635,22.7109587256172,12.0,1
75556,5.701060861471607,0.0,128.4713286926015,1.8522407310256643,1.2695403925683402,0.09887638189285769,0.07452016071660737,0.0,0.03662306332385418,0.6763246671744051,22.302981806032644,34.0,2
77573,3.873488880460096,0.0,113.64492112061961,0.9126556457501946,0.7141723179935984,0.09200993864114734,0.32381489060734037,0.0,0.09689431395432624,0.39043018103571125,25.7789421906542,39.0,2
103075,2.81870192439919,0.0,94.9280314102471,0.5606640996118144,0.7309728561567572,0.040085503505564654,0.304855180705445,0.14408424779759432,0.07697095147323091,0.23511597741337825,23.84404507823703,42.0,3
90298,6.117892928831929,0.0,90.90298038436245,1.0743027900555246,1.3464934343650294,0.03550559855419764,0.008880373055813805,0.0,0.11700849582798221,0.551710741535826,30.752191227226827,47.0,3
142236,0.872923795046736,1.0,73.40499802884888,0.5546359185885782,0.4232262745791235,0.03134499269087866,0.37341213421007735,0.018555850659359212,0.13382235463599929,0.5623496876972396,23.777896264432364,19.0,1
33037,0.0,1.0,161.01971723763324,0.6246407414236833,0.7422576704438388,0.04843439090520536,0.10918885741547443,0.12913183983277274,0.1453084363235561,0.1980869142931519,23.81595409273064,39.0,2
64791,1.5954046671017168,0.0,131.77788442476978,1.5226033909488335,1.460800869304105,0.03482762600454365,0.06166502125087374,0.0,0.1005400101632899,0.6910625738607122,21.7161015463613,43.0,3
26629,0.0,1.0,142.96657998047831,1.7023222984191564,0.5527359021169996,0.09512248854355311,0.14645328997075285,0.14273189978193468,0.07344443758622808,0.6988499935977971,25.831502382159123,40.0,2
81772,5.270402895934253,0.0,83.39795134963003,1.3952422166886544,0.11234239474604059,0.053799353682425805,0.3599669935990206,0.14685679130306498,0.07298954199416931,0.29243786124942284,26.233851661123577,43.0,3
128936,6.117892928831929,0.0,128.06726143610305,0.5526328582336586,0.35534568477806994,0.02770197444137078,0.26331043601343235,0.14839298975671497,0.07479010183432175,0.055604357335072484,25.389802499607327,25.0,2
3206,4.359420279727952,1.0,130.66527968465883,0.9851555438001129,1.2155178905375075,0.044982288551343556,0.09350737751597628,0.0,0.07207008747600625,0.6345081025096693,26.97970593008059,1.0,1
1899,4.824000686513771,0.0,112.44660451846687,1.2054289960576283,1.1557353982549923,0.03880600336970576,0.04126698976593212,0.0,0.07066635954166857,0.3277957400099712,24.03512330229031,65.0,4
30508,4.824000686513771,1.0,92.0109038172897,1.7094653201885666,0.650273779481411,0.11228194452486069,0.10217491408483344,0.0,0.08961697180144913,0.4169031817689732,25.91925443726452,50.0,3
9993,4.359420279727952,1.0,111.13304498070046,1.2113149601562354,0.4466415085671937,0.030629476337651843,0.3265356852367424,0.14834609522529177,0.09889625578485943,0.3619753613456227,21.20781147567033,34.0,2
42243,0.872923795046736,1.0,146.68444801141402,1.9013237270942018,0.716031549250245,0.07366089915094279,0.06872581707120798,7.289796980047994e-06,0.07523239892816581,0.07821984253433137,29.928149659502765,7.0,1
144454,3.873488880460096,1.0,118.44081483915005,1.433764130961678,0.9887170107264152,0.058717534870942424,0.15751312861954064,0.0,0.05828948169065652,0.553485336862008,23.81779913670912,46.0,3
77495,1.5954046671017168,1.0,143.82156304193364,1.0798363793789911,1.0642120665634267,0.03191278463166446,0.2382034174387412,5.628789292099969e-05,0.06952174827474746,0.3481476766638229,21.87835468393381,53.0,3
18762,2.234779091684268,0.0,145.84676145292525,1.3604447167824396,0.9591921604105726,0.1131809531893536,0.33199153204608667,0.00010995378948621224,0.11566792219410234,0.6910625738607122,21.349434093131862,38.0,2
112449,0.0,1.0,148.105460975422,0.7925271422579314,1.4836782886015223,0.041962598355487504,0.1988539897807107,0.0,0.1344540309462206,0.3601339240615556,28.68181854662626,45.0,3
80818,5.701060861471607,0.0,152.3519550078067,1.0993228154521477,1.319804715011444,0.03345331143459896,0.020358832082419225,0.0009961907158109078,0.07253143383276514,0.4269085074607398,24.142304268219746,32.0,2
88642,4.824000686513771,1.0,98.66671097022756,1.1502855016786524,0.7574094640680615,0.050636785623080244,0.1580808751609178,0.10904337752235276,0.09323773806836998,0.48743361513789707,26.16013855523297,38.0,2
138095,4.359420279727952,0.0,97.80616460792888,1.0523187556135853,1.5455114753399843,0.03414355059055638,0.11601985112802114,0.001984806558653298,0.14225571663480727,0.8567336732943355,28.730824432725186,13.0,1
133301,0.872923795046736,1.0,82.99496843380975,0.7344587426213406,0.9487402689416761,0.02785087616681932,0.05727867189653805,1.05999570756531e-06,0.12973537823509393,0.49820029281298683,32.71116145650241,1.0,1
48821,6.117892928831929,0.0,142.65820887255404,1.6563128757565557,1.2529852016303604,0.050636785623080244,0.0009985074216367666,0.13855438495860464,0.04685152863155863,0.5071558543350404,27.277117826277898,8.0,1
62159,0.872923795046736,0.0,125.70991569893624,1.1502855016786524,1.3101611541437503,0.03880600336970576,0.1786570689416453,0.002965912600349943,0.11443906789033216,0.2858957051591956,25.38953067113797,36.0,2
3027,4.824000686513771,0.0,154.24748768960455,1.2559580752183774,1.236529463082332,0.09529309823863626,0.09055548875425853,0.0,0.1173334149753333,0.6554543597330946,27.196390384209263,54.0,3
23139,0.872923795046736,1.0,61.74769389151354,1.0144220302914997,0.1347054969338301,0.09296857348240582,0.3616115599963557,0.0011053080646422546,0.07824336696718033,0.11531412862393906,25.354176143625462,59.0,3
39832,4.359420279727952,1.0,86.45167901649543,1.0171047814103484,0.05623046500040285,0.0431865287142909,0.37470221175114343,0.14862483687317665,0.06971386977315287,0.3444536710269561,25.3907538837054,23.0,2
153222,3.873488880460096,0.0,122.3399498502747,1.0523187556135853,1.752093072887597,0.04379041442699696,0.008880373055813805,0.13849961000975505,0.08111111514562246,0.6849985289500192,26.63178656015329,38.0,2
123041,6.117892928831929,0.0,116.01054536007348,1.5192591302375724,1.1129057238060638,0.044982288551343556,0.1847723004118197,0.10835511142078431,0.11634650289624089,0.7547906905198852,25.592986133856385,15.0,1
68548,0.0,1.0,45.715039246363865,1.6739227970966106,1.2155178905375075,0.0634453904836841,0.03325079712840182,0.000558803895931932,0.09999929605428569,0.17610414704469207,22.82989496280819,34.0,2
82037,0.872923795046736,1.0,98.95506854039314,1.7094653201885666,0.7536102102164997,0.11926377293613004,0.0949714230421777,0.0,0.1429452837490557,0.646736059972371,31.4545070767249,15.0,1
30377,5.701060861471607,0.0,142.54378885318573,1.4016217618309161,1.5847705774637866,0.04899224740895944,0.07294428524369923,0.13690638332063543,0.07298954199416931,0.24927765074655053,24.976926895273984,47.0,3
76301,2.234779091684268,1.0,106.93527712360786,1.6248846462339144,0.5011931214681938,0.09957570687151389,0.30583674985983916,0.14859745292575602,0.05918251295515509,0.6161167520118906,24.606745846982417,16.0,1
92026,2.81870192439919,0.0,77.25793613496381,1.0441365530273317,1.044568472103753,0.10200572894442908,0.0187572410526497,0.0,0.1228099104642298,0.6615493185898008,21.663802791000005,30.0,2
145176,1.5954046671017168,1.0,138.70052777170815,1.1966292274711101,0.7958178421299469,0.02770197444137078,0.1304347681620652,0.06081100334518816,0.11389577405950702,0.461322770147165,24.37555283189043,31.0,2
65859,3.3619271977508447,0.0,108.52508612394912,1.0798363793789911,0.8769353064372962,0.07501499474701619,0.16752177592828701,0.0,0.08823206529773955,0.5472717260619129,22.591748738655863,30.0,2
11208,6.117892928831929,1.0,126.70218183573154,0.9746235506992239,0.817265915439901,0.030485597741861343,0.014191719016064072,0.0,0.08608269509259017,0.3250138217148678,18.95236511191777,65.0,4
79880,4.359420279727952,0.0,70.09599149880785,1.9939292486457882,1.3907019974812584,0.10999102442631178,0.1642345639618373,0.0,0.12464975206108977,0.6936595288584673,30.289337711111028,24.0,2
21388,2.234779091684268,1.0,128.32487536737062,1.2142637860645362,1.160285808401269,0.03550559855419764,0.10003407720918936,0.0,0.13033759494934527,0.5588056688922406,28.217421270019795,59.0,3
117326,0.0,1.0,98.85546769112375,1.2024918523025487,0.5629124880905149,0.03684347528477961,0.33776107338884,0.0388792474124064,0.08229821707572699,0.7152563614657733,26.657566809206823,49.0,3
90336,4.359420279727952,1.0,140.96045253139394,1.249954663221884,1.3882284599771346,0.04557037994341877,0.19932274257607036,0.0,0.0929195560165614,0.45771100209068194,30.19946929144934,44.0,3
149045,0.0,0.0,114.55402295096158,0.7713755595229619,1.1218625664872488,0.02844379682282684,0.2619930523580206,0.06715721024796094,0.11684452751132064,0.6650292642763783,30.193431292471946,46.0,3
127773,4.359420279727952,1.0,52.15200895210414,0.870016916351664,0.9259172992484815,0.07501499474701619,0.3691499569589991,0.0,0.0846000186739813,0.7710446098806706,31.049593176796243,18.0,1
83682,5.270402895934253,1.0,135.14278639685625,1.532661226759913,0.736606806235421,0.05680116751690537,0.002986602388962986,0.14545064231024507,0.13033759494934527,0.6589379823386252,27.46386422025853,49.0,3
54887,4.359420279727952,1.0,132.72329529035954,1.0441365530273317,0.8789540273492653,0.05581785744347516,0.1912034946595629,0.0,0.1031396955853106,0.4504799087144882,27.420935149605047,45.0,3
133280,5.701060861471607,0.0,75.58831817078809,0.7006382405716461,0.9823580025054448,0.11382252188875658,0.13857634901143603,1.409992405060968e-06,0.14059519997011408,0.43235768782226963,20.367859520911612,19.0,1
110852,0.0,1.0,99.520949336289,1.1820405678953774,1.2295073977449773,0.05170941569813888,0.1523395503043589,0.0,0.0929195560165614,0.5694308716311162,28.5619381086406,60.0,3
87548,5.701060861471607,0.0,101.64416138649453,0.870016916351664,0.8769353064372962,0.08889717616409516,0.14284992485469716,0.013280431973232367,0.1282651059706081,0.4622253199987333,30.19681267382127,37.0,2
139078,0.872923795046736,1.0,130.4990279328093,0.6015852734389804,1.7054004852858022,0.10452341798063405,0.009852506517610308,0.14755211061393636,0.08497450704940865,0.15401045902161728,26.410376810734356,25.0,2
3981,4.359420279727952,0.0,137.5860905737592,0.8478595149544487,0.6592628138396347,0.05009339799691467,0.09129645354967957,0.01941222798933369,0.10080771222471868,0.5641208390442669,22.704509873464417,59.0,3
143202,0.0,0.0,124.38683707664417,1.1704392993079824,0.8310347149247238,0.10539871697488398,0.02502350614647099,0.002965912600349943,0.08030591854684666,0.4568076672489063,25.063545264998712,49.0,3
148411,4.359420279727952,1.0,189.67197829181382,1.4208581649724286,0.7997003756155685,0.022949522254053095,0.3197233365022114,0.008033601613895979,0.07253143383276514,0.5348231690526993,24.6045245045986,16.0,1
105659,3.873488880460096,0.0,85.33379262355619,1.3292342453589678,0.11700238927665027,0.047871617065426426,0.3070534560250145,0.14856962913636654,0.07479010183432175,0.08762243777067151,20.166344655091255,21.0,2
132642,4.824000686513771,1.0,109.28515002699262,1.0798363793789911,1.1129057238060638,0.03345331143459896,0.026870414285047127,0.0,0.07907699494507488,0.6055804699512913,25.023761737448748,49.0,3
73496,3.3619271977508447,1.0,126.2315009153646,1.1502855016786524,0.5292440246282983,0.029907481693841425,0.20936643468293328,0.03075491501815847,0.08961697180144913,0.6650292642763783,25.22157077252733,9.0,1
121808,2.81870192439919,0.0,139.62907757851062,0.6183139566629519,0.729098628509576,0.04557037994341877,0.2312091724753965,0.07391897168127363,0.10807879371529658,0.23511597741337825,23.904407607165545,9.0,1
127944,3.3619271977508447,0.0,139.03510772394546,1.3199493399191744,1.4836782886015223,0.05276348676969412,0.228815907594239,0.0,0.07866163055322024,0.7324773129381172,28.52114811979714,12.0,1
157513,2.234779091684268,1.0,102.3278810923472,0.5132321194330479,0.8708906902532544,0.10115040624203152,0.2855678070131954,0.042361366366486,0.13610378426591627,0.18567534203771005,23.860775543872165,37.0,2
74707,4.359420279727952,1.0,140.62653216928953,0.7118274915660402,0.7178926528129836,0.06776810307407538,0.33850815172552834,0.0,0.10413295990069908,0.3619753613456227,31.865882663872434,35.0,2
50746,2.81870192439919,0.0,139.88352520991302,0.9075856561859189,1.236529463082332,0.02844379682282684,0.0993166428042023,0.140165266892379,0.10650624542551308,0.5596918883888553,26.742679012758657,62.0,4
54483,0.872923795046736,1.0,69.00464101893985,1.5461302380608775,0.6755598265644066,0.0689341804959577,0.05919019669413417,0.011468359494094787,0.07739805058592603,0.43235768782226963,23.682428713207266,5.0,1
1479,4.359420279727952,1.0,135.6189223987178,1.0881650388686348,1.01218429027079,0.08777467453951815,0.2535070519600315,0.0,0.07523239892816581,0.6414987105437209,26.638364766942704,34.0,2
53563,5.701060861471607,0.0,104.63520333381447,1.4663162944046058,0.9259172992484815,0.11310063945232358,0.16752177592828701,0.0,0.13369182205421112,0.6563254629183313,29.046865869209523,40.0,2
64331,0.872923795046736,1.0,155.55026432637337,1.6457983485520453,0.8568538604471809,0.10723265730154023,0.19838414786356615,0.0,0.07824336696718033,0.5232380909858012,28.9390872858314,24.0,2
40302,2.81870192439919,1.0,147.2738869194134,0.318177144217186,0.4063067360061781,0.02770197444137078,0.3496341766766264,0.10496463168547732,0.08680895131871912,0.12502128870570975,23.82021174087133,41.0,3
125917,0.0,1.0,176.31332682640289,0.9877977162194078,0.7086058516452183,0.07759212050764247,0.2797896221963635,0.0,0.08892922146119757,0.4999926128156961,27.055406526849037,5.0,1
30016,5.270402895934253,1.0,115.97980090884009,0.6288748773919356,0.729098628509576,0.03296644366899756,0.2629821075691872,0.144137830994696,0.07389614600927014,0.17131070112413319,27.296918457909545,22.0,2
30821,6.117892928831929,1.0,131.3199166273069,1.3292342453589678,1.5144442747914244,0.09546239530113286,0.12723040671399632,0.12165947486732004,0.07567160824092482,0.553485336862008,32.66781980975982,50.0,3
124397,0.872923795046736,1.0,109.22830071409923,1.338555201025666,1.020776755417497,0.11345384110696889,0.1200332692849557,0.0,0.09417957066797655,0.723011956415217,27.195093267910348,25.0,2
64271,0.0,1.0,142.58358861318564,0.9177400165281233,0.15887332376590999,0.06737279893323408,0.33850815172552834,0.1374628889344402,0.07434469244013149,0.03781648672357541,28.41012307944609,16.0,1
2683,0.0,1.0,115.84656147589585,1.3952422166886544,1.4130567522589161,0.03345331143459896,0.08150525731732736,0.08823651191531458,0.08961697180144913,0.8153093455915745,26.08641746924843,43.0,3
71921,0.0,1.0,118.46124979677406,1.6110273795933783,0.7900082832763979,0.07534654601913696,0.17710064452048874,0.0,0.07253143383276514,0.37117222363207886,26.23956718765195,41.0,3
55476,0.0,0.0,80.78701728764432,1.698757269387999,0.6395479508797876,0.10648044685009093,0.06655282238106731,0.0,0.07739805058592603,0.6336336735553394,23.092909198370297,8.0,1
94466,4.824000686513771,0.0,173.8836130522481,1.6144853188230401,1.448164004953569,0.030629476337651843,0.006927442155667886,0.14408424779759432,0.044233989532123916,0.8364783729313319,26.370129336379406,57.0,3
85659,2.234779091684268,1.0,78.25615582350903,1.4663162944046058,0.8016444925314857,0.03835276660146445,0.16089867049836257,0.0,0.07434469244013149,0.27465930423277096,20.56632871148601,20.0,1
140467,2.81870192439919,0.0,68.24807864787903,1.274062926972884,0.31203970931051467,0.06322975991368103,0.3293968198283105,0.1376425709870549,0.13083510655997968,0.3110799737441455,20.18030719224268,20.0,1
76450,5.701060861471607,0.0,161.31789976667739,0.515172448703798,1.7135954813782412,0.06776810307407538,0.0,0.005864813330088342,0.13033759494934527,0.5800356203400376,24.43851126611803,36.0,2
3804,2.81870192439919,1.0,108.11112625920187,0.787802634069226,1.5351222119478976,0.04263844285355163,0.0015364627382165764,9.636450832451215e-05,0.09630503739313614,0.6711141375205762,29.799412347036387,49.0,3
108460,3.873488880460096,1.0,124.28029513969739,1.50925136242719,0.6449025530655125,0.11449153950467976,0.17342500988932696,0.0,0.07479010183432175,0.28121715024146815,30.95981873759847,14.0,1
85494,3.873488880460096,1.0,126.98042370549786,0.9615409198141054,1.2838098666500841,0.11017367031918551,0.05836061652265536,0.0,0.12696665599738943,0.3490707404716398,24.70919664387518,58.0,3
18786,5.270402895934253,1.0,143.53333641217955,0.7505023214854164,1.716331415385084,0.1038017549402223,0.0050613883656933836,6.418425717152524e-05,0.09162520541474937,0.17131070112413319,32.85884382750831,11.0,1
135295,0.0,1.0,170.00916312395245,0.5974354268582583,0.9135673883268748,0.02770197444137078,0.11736465633327059,0.07252479276527941,0.07567160824092482,0.25775370012333004,29.474539033869355,53.0,3
31216,1.5954046671017168,0.0,154.43931581219974,1.3076254137645986,0.15887332376590999,0.04245477455583468,0.372759757602228,0.14835399033743163,0.08422295110813957,0.04266657509315209,23.19174265723799,11.0,1
760,0.872923795046736,1.0,94.03102176917277,1.5226033909488335,1.1129057238060638,0.08867623283039489,0.007211335776434794,0.022109994703684955,0.08030591854684666,0.3619753613456227,30.170479346400793,50.0,3
109437,4.359420279727952,0.0,106.4633831893349,1.5226033909488335,0.7104594698327914,0.0769637268850384,0.0596868281862714,0.0,0.05198289530985515,0.5035754392914052,20.280552987182137,60.0,3
3899,4.359420279727952,1.0,177.88066533439712,1.0632807525460788,1.1489248154734721,0.026953409443536608,0.056694445884583236,0.08966760967333837,0.08680895131871912,0.20475571420411642,25.969346225171506,54.0,3
159233,2.81870192439919,0.0,90.00037672468758,1.4663162944046058,1.0229297889556126,0.032756846992377936,0.16697724760173577,0.0,0.09195206939260495,0.7659164955773288,23.202000411656126,57.0,3
94247,5.701060861471607,0.0,71.93151918870943,1.6598262815654952,0.8409268716865445,0.10656644096509568,0.049336228479676184,0.0,0.13178108471221095,0.7005791303777831,22.53743563626041,4.0,1
114792,4.824000686513771,0.0,98.53559957326125,1.6318388174675127,0.6165363485918351,0.1129367836452434,0.3529300906205135,8.689711516061614e-06,0.07654086052747315,0.417813571389132,27.005911293482576,28.0,2
48307,4.359420279727952,1.0,77.11673572438778,1.8075989478811065,1.3101611541437503,0.10673658905851677,0.02952943058970155,0.0,0.1260085040040869,0.3175874845356611,22.08299174478888,16.0,1
8663,1.5954046671017168,0.0,104.94194767370581,1.3762010353347607,0.5973074966131857,0.08438210118699253,0.03352136395786496,0.0,0.07207008747600625,0.2980382035009999,21.409109321234183,25.0,2
87073,2.81870192439919,0.0,121.71933258446364,0.9228387905195625,1.699947820491657,0.07434357648268704,0.0993166428042023,0.011468359494094787,0.14440110615839277,0.6029433102477434,28.3220229479426,32.0,2
32318,4.359420279727952,0.0,166.6134684331186,0.6939649337958178,1.1580096007646004,0.05343884909580955,0.06076000051844631,0.0,0.06571503760599098,0.35829179556682933,21.620963581864395,66.0,4
80341,0.0,1.0,76.6331166522118,1.8002204158456978,0.16996042887706822,0.09370898039945591,0.3627897932232881,0.1485053757043052,0.06494886800397695,0.4513843481564584,28.693825275496895,40.0,2
101089,4.359420279727952,0.0,106.83677444413831,0.7807417810472599,1.6432088154910538,0.053335443953215246,0.00014596814807408336,3.189611282159012e-05,0.11874712021012017,0.3342806431153462,22.086127751505188,28.0,2
40320,3.873488880460096,1.0,113.7168652653569,1.4827469254218961,1.331905210558965,0.1080137256563241,0.06001745175361135,0.0,0.09259922813974525,0.6345081025096693,24.06698732975591,40.0,2
143575,4.824000686513771,1.0,118.49190128757105,0.8429744814568473,0.028597055548981593,0.06575768768239226,0.3752128331966564,0.1488819281952906,0.07479010183432175,0.25398849438243537,22.453659153781732,26.0,2
73387,0.0,1.0,176.26506938926659,0.6653940706483308,0.7631224941741739,0.02844379682282684,0.25865153931348445,0.0,0.1253411175128383,0.4973039056850378,28.633005850080014,65.0,4
124674,3.873488880460096,1.0,108.79403898638982,1.1646618235594426,1.1762754558995927,0.10064118982096132,0.05585783783563089,0.0,0.12405459357167793,0.6685071173338719,20.91196117424116,11.0,1
139020,5.270402895934253,0.0,133.96896052447715,1.6457983485520453,1.5533254571377446,0.03684347528477961,0.2267972213526766,0.001984806558653298,0.09804963764136568,0.7255949080509491,24.516672599911313,2.0,1
144341,1.5954046671017168,1.0,142.4442824842267,0.4920930517323875,1.224836140286072,0.05009339799691467,0.003976213546291906,0.02842257543207075,0.12787593330562827,0.22849210047277335,28.09340112875821,28.0,2
151772,3.3619271977508447,1.0,43.87897749263877,0.8774664929240397,0.002554930494772368,0.03482762600454365,0.3629360322594781,0.1485905385235853,0.07782218133052284,0.3342806431153462,18.548411845511,27.0,2
124357,3.873488880460096,1.0,106.72788795657833,1.0826088263724851,1.5351222119478976,0.1193971592251387,0.34794520309859733,0.0,0.14365251109644495,0.47394426546045465,22.231251617753838,19.0,1
3245,3.873488880460096,1.0,110.8752245667387,0.9126556457501946,0.9823580025054448,0.04257727432062326,0.16643138894708484,0.0,0.07654086052747315,0.3766821266125737,24.779041865555584,72.0,4
58607,3.3619271977508447,1.0,94.60102746320317,1.3292342453589678,1.1694107022410731,0.027999508729725647,0.0023715609085723875,0.0,0.13139465733721323,0.19904021217904416,27.153693117892477,43.0,3
18148,0.872923795046736,0.0,110.84943781322283,1.3604447167824396,1.3101611541437503,0.10838398143894828,0.14041716978012045,0.0,0.11041192561352685,0.6737199866144137,30.511834760259482,25.0,2
3679,6.117892928831929,0.0,117.01422548240805,1.2142637860645362,0.7938794242950211,0.040085503505564654,0.1997904096162951,0.0,0.08823206529773955,0.6832647885223685,26.85731514109419,49.0,3
3900,0.0,1.0,132.86401850938293,1.440241690388494,1.3857569851549003,0.08800276332840526,0.1558014307814477,0.0,0.14481510853413201,0.4649320304843778,26.635470492122483,27.0,2
131513,1.5954046671017168,1.0,120.66527961907133,1.6214139493243716,0.7328489612337938,0.09529309823863626,0.1912034946595629,0.000750838567087891,0.08190524688566762,0.45409671780157784,30.77627519557718,1.0,1
30514,0.0,1.0,107.38615031048039,1.752687621763492,0.74981849672868,0.10888089716477334,0.1892456434457902,0.0,0.06401855885443866,0.49640736697300886,21.723048194891017,26.0,2
87644,4.359420279727952,0.0,141.54827576688842,1.2831687122254798,1.5273522784822862,0.06446771645373552,0.3145794733439592,2.3397908318896694e-05,0.11239606234866689,0.3250138217148678,21.715648452269416,5.0,1
109543,5.270402895934253,1.0,162.13871573619758,1.3984299557000819,1.0973079588623809,0.08058365006988354,0.11262682189264288,0.1122969461452981,0.11479565148345594,0.6126068486236221,22.75489536155371,12.0,1
48726,0.872923795046736,1.0,115.2620985594454,0.37809193959369286,1.6245038255176485,0.06492934472932263,0.010821767172170031,0.12239772377456234,0.07344443758622808,0.2896351940766277,30.489407242493375,43.0,3
29571,0.0,1.0,177.85174786076462,0.8552135014387723,1.1173801565958892,0.036177528458350545,0.12398442007630957,0.1477875979271654,0.11717145598614156,0.5089451600367382,26.559748634231926,12.0,1
2137,3.3619271977508447,0.0,91.18411850727645,1.5293044363985917,0.5817394956459299,0.10511329257752373,0.18677221769714705,0.03430668390340979,0.13335915191286388,0.3240861578407269,25.972558430395733,29.0,2
17908,0.0,1.0,102.1974507469658,1.1388535531640749,0.8688796649587435,0.032686855767870546,0.09203541848258019,1.5499908217703367e-06,0.09259922813974525,0.3867677441611076,27.022850819475753,11.0,1
120168,1.5954046671017168,0.0,183.8378693252782,0.7948945864056484,1.0164765902676833,0.04438898378389238,0.012751715278126845,0.0,0.0878799146864748,0.5481598184332552,28.612587793097077,9.0,1
82110,4.824000686513771,0.0,116.60470947091949,1.94730195698168,0.7555088942782333,0.11482428707732073,0.2972532295256157,0.0,0.08268848505094586,0.686731754906846,24.058812556981028,2.0,1
137102,5.701060861471607,0.0,114.49242161868207,1.7309982986371468,0.11934197262109546,0.11510712233699172,0.3250784302488298,0.0,0.07697095147323091,0.21236501541503539,25.30762035999908,3.0,1
22210,6.117892928831929,1.0,140.42712256795787,0.7783950615769446,0.6324343108852805,0.06200506183954953,0.09277239074984024,8.259739358961133e-06,0.0807099107755365,0.4241817332356303,28.668682253354117,40.0,2
11360,5.270402895934253,0.0,124.66074211565801,1.274062926972884,1.1062090211057984,0.08360405773041377,0.2548947328680451,1.3899261916871145e-05,0.14131345052778904,0.5232380909858012,22.321520262330598,59.0,3
88569,6.117892928831929,1.0,84.75531139806999,1.7346023120600809,0.6883393129818888,0.053799353682425805,0.1902268730920707,0.0,0.07654086052747315,0.2915038241674874,24.747386019660077,11.0,1
148225,4.359420279727952,1.0,118.99238198884329,0.702869376209742,1.057646406189738,0.08933383591792979,0.3694224856483645,0.11796375845620094,0.14004105458925628,0.6589379823386252,22.77303916034088,22.0,2
22453,6.117892928831929,0.0,95.13364505467358,1.7094653201885666,1.6809306175645167,0.037174223482640885,0.058028131468666956,0.00012294222374441464,0.14583620352731874,0.8280193672926581,26.50038547114943,37.0,2
75223,1.5954046671017168,1.0,87.39679557014428,1.116173191799425,0.9053728438287705,0.037503497957860635,0.11669313372009094,0.0,0.11549563035956101,0.3453774353206826,31.346465467566844,41.0,3
69960,2.234779091684268,0.0,39.810015711807544,1.1733338226503915,0.5077466257061825,0.02680288136667475,0.048993543153111364,0.14752959621331127,0.10650624542551308,0.28776582155373864,19.685936877255237,20.0,1
159412,1.5954046671017168,1.0,106.76937039464443,0.7231008787618839,0.28402374109287,0.030701318429724542,0.3575229982578859,0.14847606628565815,0.07019179955184995,0.15497339791921644,20.278655670548297,27.0,2
98685,5.270402895934253,1.0,67.94401442046339,1.4467356640090427,1.4684079384441668,0.09724115111165019,0.05844367941831383,0.0,0.09776367429658296,0.7966207941075201,27.02428383219786,34.0,2
99119,0.872923795046736,0.0,122.26366878507086,0.9279519897293446,1.0642120665634267,0.10089770454746333,0.15407694726749513,0.007761030056575878,0.1087314302634894,0.39134537056455715,25.860909760719252,30.0,2
111842,0.0,1.0,105.52389007684543,1.4240785193695762,0.9929661400695023,0.04730387785758131,0.32167877725314264,0.0,0.07567160824092482,0.41872379767106116,27.838871232042173,10.0,1
111765,4.824000686513771,1.0,111.86994029780894,1.6388100440527043,0.6095183704904821,0.04557037994341877,0.06493263849957365,0.14750688964916195,0.100270542490563,0.37851739929939954,27.882763181182757,10.0,1
146727,0.0,1.0,167.14363190818526,0.4454294914141913,0.33061589901214944,0.030629476337651843,0.29328660272751916,0.1367148843160287,0.05658694707312501,0.3008358881800992,23.683425989633452,24.0,2
45718,1.5954046671017168,0.0,126.35805270101089,1.0414166221981487,1.2295073977449773,0.05276348676969412,0.005946621798604477,0.014176275640349664,0.06318149722485808,0.29337171326094935,23.346440227385017,34.0,2
114295,6.117892928831929,1.0,112.59585037027634,1.6633439737814455,1.1173801565958892,0.037765861341979366,0.07032497169385166,0.0,0.041879361459595435,0.686731754906846,26.7581580042403,33.0,2
112540,2.234779091684268,0.0,95.95546720990058,1.1246497122921346,1.103980770181698,0.07632487083264694,0.07686774310307744,0.12165947486732004,0.09570786137811908,0.41325998704410216,28.089214166649768,11.0,1
3167,6.117892928831929,0.0,86.52114431083675,0.9851555438001129,0.9176762744407007,0.10152244608703388,0.2889273505092688,0.1266403540043594,0.14082604921859473,0.22849210047277335,27.607145655897043,75.0,4
110319,5.701060861471607,1.0,185.2377671641631,0.07779416071566081,0.20145259986694777,0.03482762600454365,0.3508000342321385,0.14784812917141846,0.08961697180144913,0.05067119003167404,19.648013309494463,33.0,2
123319,1.5954046671017168,0.0,113.58838900843988,0.8724965562789044,0.6920073491138415,0.023185693996060786,0.30085444038956244,0.00010096104085374003,0.12807164233603202,0.40779027040891674,20.466076258176194,45.0,3
18362,4.359420279727952,1.0,99.55237366422129,1.7855160893099271,0.9362622300425101,0.11341562392299441,0.003649967665351513,0.0,0.05704457738396264,0.4999926128156961,27.48846657304276,59.0,3
131551,2.81870192439919,1.0,115.9080593212552,1.0144220302914997,1.1421322571741443,0.03822275004970231,0.24419571757330444,0.001521096414929698,0.06120860553233578,0.31386999284176065,22.467685696903477,21.0,2
130994,5.701060861471607,1.0,135.47861250161282,0.9485494790226465,0.7842157988769721,0.03822275004970231,0.13296876435285718,0.0,0.09386772939038489,0.2802808782739762,19.36062991830737,41.0,3
2415,5.270402895934253,0.0,109.78627491276787,1.4305314995612604,0.9508267515704789,0.09984812356667594,0.20757782895809845,0.0,0.09600744425199255,0.5410510166898501,27.848317088122442,40.0,2
57457,1.5954046671017168,1.0,101.98349347142576,1.5495079674127066,0.6449025530655125,0.1035886709897732,0.13547693088861773,0.0,0.07019179955184995,0.39591880754975406,26.850250102446147,22.0,2
1617,4.359420279727952,1.0,85.45156276528262,2.1541043833322413,0.4995592265814947,0.05090670273808929,0.23667272982350548,0.14807567465457025,0.07697095147323091,0.5897388344096739,25.063133930373702,34.0,2
82283,1.5954046671017168,0.0,127.92579478912756,1.4240785193695762,0.7067541031969141,0.06969534196105091,0.1847723004118197,0.0,0.06806333665025688,0.8752442881447556,23.19434350411161,31.0,2
109632,1.5954046671017168,1.0,102.62517354635398,1.9511627062983132,0.5680252931599925,0.11923917805335,0.2351286933140305,0.0,0.05687327673656359,0.5339328914848354,29.4321599049388,24.0,2
96915,6.117892928831929,0.0,62.71642040812016,1.867263047261125,0.46088154821066385,0.10974151508476628,0.03994530929716438,0.00021682022011532666,0.1268626611347868,0.3849355163638353,28.56030727324648,7.0,1
15240,3.3619271977508447,0.0,117.16262437936439,1.532661226759913,1.1286011489630472,0.03624439140222119,0.131070708116066,0.01898484078968305,0.06349651996342705,0.44867055468068734,25.699223787415395,43.0,3
46349,5.270402895934253,1.0,83.85969723447992,0.9851555438001129,0.8270912295607865,0.0340748050535792,0.13233770064580988,0.0,0.13511032793040229,0.4793441631124205,32.17755507337219,37.0,2
92973,0.872923795046736,1.0,95.00184874381564,0.6246407414236833,0.5748678265386208,0.029178943760520885,0.2946215020022468,0.14613203178735013,0.08030591854684666,0.3064263084600735,27.46592572669926,31.0,2
133386,0.0,1.0,114.256239229399,0.14024060869760296,0.042495582027757224,0.02932517795428082,0.370638584893952,0.14877414314378565,0.07434469244013149,0.03811360054577563,18.49231755716482,56.0,3
105728,4.359420279727952,1.0,146.0996269234638,1.8899300099487994,1.2957571169063415,0.09200993864114734,0.051639214901532914,0.026838662246328037,0.11684452751132064,0.6979852345359636,27.858653966444006,28.0,2
96230,0.872923795046736,0.0,121.99408776022393,1.756317752022725,1.0014879181509468,0.05857608960232434,0.21849470962927253,0.0,0.07298954199416931,0.3757642353460366,26.371321473268274,64.0,4
47399,0.872923795046736,1.0,134.61123501191278,0.7925271422579314,0.4545349207481146,0.026953409443536608,0.35146025839216477,0.00681651852218226,0.07782218133052284,0.2709078202006909,25.410184012411015,2.0,1
71955,5.701060861471607,0.0,116.03104101337256,1.3730416877687452,0.7517134112457518,0.07941640169894552,0.33719740797510417,5.4988445541556885e-05,0.07160547706998972,0.5888574238226963,21.249521802285354,64.0,4
27732,4.359420279727952,1.0,98.53559957326125,1.0224814030232345,0.5990464133621874,0.054817363853910714,0.2292169810837569,0.11995564177216478,0.08150955334797905,0.17897769686555445,23.666040824681097,59.0,3
103842,2.81870192439919,1.0,113.69631045987414,1.1360051413715428,0.46885477553086813,0.027627422474071267,0.031077796772054658,0.1308539056356855,0.07207008747600625,0.11142498856964167,25.698684578779407,27.0,2
149257,0.872923795046736,0.0,99.8770088724341,1.499281057085816,1.1421322571741443,0.04071676728200563,0.18224553925865877,0.0,0.04620435854448919,0.5932630825882477,23.744064118704028,39.0,2
50034,0.0,0.0,105.09787022347766,1.1791344541649518,1.2482734227611447,0.05223874875548161,0.07294428524369923,0.0,0.11700849582798221,0.6038225012683465,30.764711735643132,38.0,2
83617,0.872923795046736,0.0,139.4344551445815,1.9822113074352263,1.1443944415571772,0.061916456303725574,0.03234721238490471,0.003939573289650818,0.07207008747600625,0.39774701348203345,26.9406917263618,33.0,2
26139,1.5954046671017168,1.0,135.4836239277035,1.1417057923154803,1.393177598252768,0.041342447356368994,0.0993166428042023,0.14079098886830635,0.07697095147323091,0.4050531875874435,25.837949779643463,43.0,3
41825,3.873488880460096,0.0,162.28034381466182,0.1882012741463376,0.6920073491138415,0.04954523409962817,0.2824180459292544,0.1414538593150346,0.1329476683409684,0.036825947133042346,22.198676686362887,24.0,2
198,0.872923795046736,1.0,62.033494880615365,1.826122368673923,0.9341893605956845,0.07971180677246352,0.1680649782500538,0.0030245415616549243,0.04926784610042771,0.745360522114038,26.71367228363156,75.0,4
35715,2.234779091684268,1.0,124.56945001717851,1.5427567021324977,1.4532125165491048,0.05631163987576615,0.08906753062547003,0.0,0.11296729991626979,0.6152394809651552,24.003513059741607,71.0,4
134578,5.701060861471607,0.0,144.84956063747555,1.232038730877049,0.7141723179935984,0.03880600336970576,0.002986602388962986,0.14793612824899144,0.12344151675057939,0.17131070112413319,23.718597469371115,14.0,1
50787,0.0,1.0,120.82321659739372,1.6041242390834507,0.7631224941741739,0.027552803013641613,0.3184020243569555,7.109806881839536e-06,0.08190524688566762,0.7761684083032372,22.97721768091073,46.0,3
9700,5.701060861471607,0.0,109.10425116190717,1.071541642188199,0.9115158496685433,0.10530426513964988,0.049079250964874775,0.0,0.11964725123583841,0.35276125013630455,26.332491952663464,49.0,3
155659,5.270402895934253,1.0,139.81368344930297,1.433764130961678,1.126352958314032,0.09708557810085501,0.1955420346167789,0.0,0.11425910032408468,0.3647362240112409,26.24382005362959,1.0,1
159507,4.359420279727952,0.0,93.66131023538816,1.3984299557000819,0.5259169346537883,0.11521531410293635,0.3208135880075849,0.0,0.08892922146119757,0.6257577563290178,21.39706117257161,11.0,1
4461,4.359420279727952,1.0,137.81608003648358,1.1675486338704655,1.5900409064989947,0.04071676728200563,0.07530484433310232,0.0,0.10979175009966557,0.7187045430626944,25.157210461779474,60.0,3
103722,2.81870192439919,0.0,193.89619625242284,0.9641501397610845,0.7555088942782333,0.037503497957860635,0.1744815277128284,0.0,0.14173616000316402,0.283089132646496,27.287601732984488,52.0,3
110494,3.873488880460096,1.0,105.27454249500768,1.3230403074748542,1.0751944363573847,0.03637793803600697,0.011015275563230354,0.06741021762804475,0.13033759494934527,0.7522202886606224,30.039545244720887,16.0,1
27747,1.5954046671017168,1.0,123.26495270734091,1.5059237685634277,0.7938794242950211,0.04432936460452302,0.034331660008063536,0.0,0.07824336696718033,0.35737047171995895,27.28436625212924,24.0,2
97244,3.873488880460096,1.0,128.79949937384384,1.1966292274711101,0.9300494478737024,0.02770197444137078,0.20303395783663156,0.018555850659359212,0.1135278727644392,0.42963382439383313,26.847763954575957,25.0,2
62721,0.872923795046736,1.0,61.270941148100036,1.5293044363985917,1.0995302396656046,0.11035256799638082,0.26331043601343235,1.2999354400148289e-05,0.06667382324345433,0.2755967034714958,22.422336540775863,7.0,1
62816,5.270402895934253,1.0,106.48931917867418,1.6668659552267933,0.858853361084863,0.1132994499859932,0.11262682189264288,0.0,0.10388706186522997,0.3315024662333718,27.941255017929233,4.0,1
47072,3.873488880460096,0.0,104.53639391590661,0.5506329600414857,1.2318460617081535,0.03763479673457211,0.007827229062026406,0.0,0.11859386596217729,0.5348231690526993,24.07952772935562,29.0,2
3321,3.873488880460096,0.0,52.381596069547065,0.6741252782109894,0.19889545459857308,0.032054095044992494,0.3695584367825989,0.14861119938559042,0.08030591854684666,0.22943896094336566,16.878826131264272,29.0,2
17428,4.824000686513771,1.0,131.8281966442722,0.7760517866541442,1.329481015462743,0.04438898378389238,0.029620722255763815,0.12381015704961333,0.08497450704940865,0.5401617621376549,25.424580263539063,24.0,2
113928,0.872923795046736,0.0,94.29497442388842,1.13316055416276,0.5259169346537883,0.022949522254053095,0.3337538310560312,0.14821530793506596,0.13075335469188817,0.3250138217148678,20.483514523739853,6.0,1
98567,2.81870192439919,0.0,102.44264015146177,1.5192591302375724,1.1286011489630472,0.039895027311060795,0.012847913841678807,0.006255886494113843,0.05300873647830464,0.5667764960218026,23.334930268085746,8.0,1
53312,6.117892928831929,0.0,113.33137410473829,1.8484962499838813,0.7919429048882065,0.09389050618719966,0.27192601356089097,0.0,0.06556245931881248,0.19522579199641732,28.57548412886232,17.0,1
157244,5.270402895934253,1.0,140.13790653820485,0.8067838170617007,1.8218843084598937,0.05680116751690537,0.009852506517610308,0.0,0.0652563208801996,0.3352063471934248,28.426613221605972,38.0,2
65477,0.872923795046736,1.0,162.08010582354981,1.3667351240154904,1.5221827970798172,0.0594657695986922,0.005779592397128285,0.14703635922097283,0.08823206529773955,0.5071558543350404,25.971889243228038,28.0,2
137886,1.5954046671017168,0.0,184.04411450463803,1.8298402910541283,1.3101611541437503,0.05581785744347516,0.008880373055813805,0.12676058324946168,0.09417957066797655,0.6178708851250911,26.896019572385043,58.0,3
8326,0.872923795046736,1.0,122.42639349589462,1.6951965578252368,1.224836140286072,0.09800143618007766,0.04649739313307388,0.0009961907158109078,0.065765824499414,0.6310095803516407,26.015763137658787,1.0,1
99922,4.824000686513771,0.0,76.546127888225,1.437000860302872,1.0164765902676833,0.11129950713727828,0.12463698198191898,0.0,0.06677399494927812,0.5747357907610485,28.840505567234413,4.0,1
5621,3.873488880460096,0.0,120.59394354611693,1.2350149125555943,1.4990236923422753,0.044090360401503007,0.007348300448771298,2.2498066118360353e-05,0.1268626611347868,0.3203737089709441,23.1894306282488,58.0,3
81384,1.5954046671017168,1.0,53.89905632164343,0.9433783587917097,0.5159788866289045,0.07881827414418355,0.35533255507846917,0.002965912600349943,0.09162520541474937,0.7795818849243831,27.648723071824808,12.0,1
2300,0.0,1.0,88.46297379394217,1.4467356640090427,0.9675887642154379,0.058717534870942424,0.3175131692008499,0.0,0.10186112363500793,0.8237855713050897,26.47199112395706,26.0,2
9642,6.117892928831929,0.0,107.23070741896748,1.7965377462689096,0.716031549250245,0.06657208594270177,0.3087379533602607,1.1499494787303795e-05,0.06835750813165495,0.20665925415005007,23.1202869229945,35.0,2
24048,1.5954046671017168,1.0,96.3975704375415,0.8824506569237538,0.016194558689205236,0.04379041442699696,0.3744457480405054,0.1481114486462506,0.07160547706998972,0.21711427425888152,22.38550961872617,6.0,1
93957,4.359420279727952,0.0,142.39452556426414,0.4454294914141913,0.4263253917583581,0.028959096633576646,0.36146323341331466,0.1487428283688967,0.08497450704940865,0.0625006735746169,23.54081235285162,28.0,2
54625,0.872923795046736,1.0,99.09658196905845,1.4597729435754092,0.6342099553792683,0.10281767652483301,0.03683917775901111,0.0,0.0834609979772711,0.4023146165258838,26.521766619920836,43.0,3
158389,3.873488880460096,1.0,135.2530708234046,1.2083700310814445,1.1625640217662516,0.02770197444137078,0.1827532997044595,0.0,0.09195206939260495,0.567661430117058,21.209039034180385,60.0,3
48179,5.270402895934253,1.0,140.297484568283,1.2984243322312379,1.3734305307687875,0.05581785744347516,0.2080265135636827,0.0,0.06727271957900667,0.7915140840670115,27.88709877945552,20.0,1
146902,2.81870192439919,1.0,107.39133118607921,1.0414166221981487,1.6351796831827423,0.039448600807730404,0.014670307255570792,0.07749888638937574,0.13107761505746676,0.7846985293539909,24.279997772490482,40.0,2
125884,6.117892928831929,1.0,109.53833655513162,0.7299054380798758,0.9238541349219103,0.03134499269087866,0.1857746293957585,0.07299273513137654,0.14144141141182232,0.43961424622178924,26.71380358406239,27.0,2
132137,0.0,1.0,57.51678869194812,1.2350149125555943,0.3760861961379488,0.03345331143459896,0.3175131692008499,0.0,0.08823206529773955,0.39591880754975406,25.35404010013371,4.0,1
57742,5.270402895934253,0.0,124.94470082191677,0.9075856561859189,0.48331867960419655,0.032054095044992494,0.2995792592214203,0.0009961907158109078,0.0807099107755365,0.35829179556682933,26.104961032120563,44.0,3
5336,4.359420279727952,1.0,91.63474250769698,0.7737119535467464,0.4032532494108121,0.026953409443536608,0.3036178439671784,0.009628717289747853,0.100270542490563,0.684131723091564,23.324568029634072,64.0,4
19210,0.872923795046736,1.0,99.10182265269655,1.3604447167824396,1.0642120665634267,0.10621872520381574,0.08981251686689971,0.0,0.12441380069370117,0.7040358811081453,28.559303650615675,35.0,2
153512,4.359420279727952,1.0,110.98351957044436,1.104924423867234,1.1580096007646004,0.08867623283039489,0.31818041246442436,0.0015112121689597575,0.07298954199416931,0.33890739350112375,30.991740527242737,5.0,1
39173,0.872923795046736,1.0,115.09283286994653,1.1560244956058299,1.0840160182295047,0.07261531317345733,0.018473777957743368,0.0,0.10437726552568219,0.3398322134003418,26.940430632304803,10.0,1
104894,0.872923795046736,1.0,79.12811252632739,2.137754682254632,0.9675887642154379,0.10706965946680329,0.0808144821993754,0.14471891507251883,0.11277808358501228,0.4123487785843696,29.19245380424562,37.0,2
21900,5.701060861471607,1.0,147.20455874146606,1.4305314995612604,0.3850791304369432,0.03462304693822591,0.3465737819785577,1.21999431385685e-06,0.07066635954166857,0.6073378881905973,22.165920629279633,52.0,3
79410,2.81870192439919,0.0,90.96133999546515,0.5426649349516074,0.6112701122260614,0.030629476337651843,0.20257379790106939,0.14831419246295957,0.08608269509259017,0.16170797203546602,24.486737675755005,27.0,2
12579,4.359420279727952,0.0,89.78781207438765,0.8849480810453934,1.691784810850091,0.054817363853910714,0.0,0.14712892389044713,0.13008243038714398,0.581801103291445,26.284066188296993,38.0,2
14786,6.117892928831929,0.0,61.708451676392166,1.1388535531640749,0.8608547809331345,0.04456752565515649,0.033341012116425914,0.051218239684962405,0.11566792219410234,0.2407859170145463,25.638919614279153,33.0,2
105368,5.701060861471607,0.0,140.45703659361703,0.5268798488130423,1.3464934343650294,0.054208681350252266,0.011401949328277764,1.5499082223275265e-05,0.08150955334797905,0.425999744827912,33.320400127486224,38.0,2
155621,5.701060861471607,1.0,130.2773117314416,1.9165779889820305,1.5979622149768788,0.028665038788637076,0.0844032078558397,2.2899799663741794e-06,0.046915984095589794,0.8836404764239773,23.770365029995236,55.0,3
103369,4.824000686513771,1.0,139.44443672869318,1.6492989120715298,1.1557353982549923,0.04300431850321821,0.2312091724753965,0.0,0.05873728712785969,0.7582161929317754,26.89562748795181,48.0,3
7494,4.359420279727952,0.0,116.12326504611084,1.8899300099487994,0.7234872037486205,0.05265890464584999,0.15349925612982013,0.0,0.08229821707572699,0.6449908092028069,26.634286408936475,35.0,2
48208,0.0,1.0,40.48911924930021,0.9459621033695175,0.334943843105283,0.029834923427193325,0.00810059022331678,0.14854135749879283,0.12901708090428082,0.08723109158537594,26.909740077334057,18.0,1
80644,3.3619271977508447,0.0,107.02340010783934,0.6502417239435571,1.8050118109561257,0.07790245322973517,0.0,0.0009961907158109078,0.13215685807976912,0.3619753613456227,29.87064204135959,21.0,2
115577,3.3619271977508447,1.0,144.32327751179557,1.2083700310814445,0.4356650081024779,0.03482762600454365,0.25315830735000466,0.0,0.1087314302634894,0.555259355923415,21.0735667810411,31.0,2
80388,5.270402895934253,0.0,120.57356070193694,1.6179475077937715,1.1286011489630472,0.0689341804959577,0.1523395503043589,0.0,0.10133787158252591,0.4856370331868439,24.975277664597822,24.0,2
36222,5.270402895934253,1.0,106.48413205304024,1.0278728688856018,0.895173163886735,0.04843439090520536,0.09350737751597628,0.12165947486732004,0.11081886050973534,0.3601339240615556,24.887487027111554,61.0,4
60125,3.3619271977508447,0.0,115.8824357864045,1.1791344541649518,1.2529852016303604,0.03177121969776521,0.16312805578940295,0.0,0.07434469244013149,0.5959048078477117,21.718366921668895,18.0,1
97554,5.701060861471607,0.0,104.93674968543924,1.8937234471278688,1.4684079384441668,0.07851550707857491,0.14224404248746633,0.0014518908549621067,0.05812088615492801,0.6745883431787558,22.017515248095933,44.0,3
861,0.872923795046736,0.0,117.83264361330183,1.789185585833376,1.0057605767148683,0.054867801755124936,0.07310226462928597,0.0,0.08608269509259017,0.475744849543228,26.89484330741271,41.0,3
17064,3.3619271977508447,1.0,162.08499009904506,1.0550536357269065,1.3464934343650294,0.058717534870942424,0.03144101174407487,0.14757443468811024,0.12008513127007257,0.14726385588242943,32.63543070426003,7.0,1
150737,5.270402895934253,0.0,123.32590692589302,0.9904435638128387,1.3125689770901088,0.08171337117473375,0.1098800831673712,0.0,0.08229821707572699,0.3213020905324471,31.548117097381578,17.0,1
123541,5.270402895934253,1.0,57.42051544440272,1.3952422166886544,0.22870190427755221,0.08845352666152759,0.3576775834173402,0.14689913906523044,0.07389614600927014,0.4014014281029086,20.962262512489847,39.0,2
126083,1.5954046671017168,1.0,43.3667259965936,0.463866698007316,0.3835759578380506,0.0348956968896556,0.3717056213181921,0.14887032284599905,0.05940416375632923,0.07439387476968277,19.384265742061007,26.0,2
57483,0.0,0.0,127.09675350640225,0.7830919477975231,1.03805616547117,0.04730387785758131,0.06330339403872892,0.07662227615159621,0.11684452751132064,0.4504799087144882,24.147507229688145,51.0,3
67631,5.270402895934253,0.0,135.32324511499078,0.8211656767816108,1.1017545099034765,0.026198033914667747,0.03950348483126515,0.13160890768332106,0.08190524688566762,0.08018049185016339,22.46222342801796,1.0,1
21307,4.359420279727952,1.0,109.65715035243332,1.1966292274711101,1.0510985468541778,0.07881827414418355,0.09055548875425853,0.0,0.0875253578926078,0.3490707404716398,28.25118040099686,6.0,1
27693,3.3619271977508447,0.0,131.0379766093527,0.9719997127794917,1.262433119818314,0.10915407460466377,0.24711566424780276,3.3399573830165454e-06,0.07654086052747315,0.6143620734538914,27.798254670225788,14.0,1
26510,4.824000686513771,0.0,112.65245346391436,0.9305140056689871,1.288582650538607,0.05776762020712451,0.03950348483126515,0.0,0.10437726552568219,0.5711997449849593,29.4321599049388,58.0,3
84880,5.270402895934253,0.0,149.5838134874115,1.3168623695632067,1.353815249832546,0.06279572776316904,0.22060518339361856,0.0,0.09889625578485943,0.7906625533781805,28.83801314914817,37.0,2
26847,6.117892928831929,0.0,97.63812728336508,1.688088075804631,0.7650306132434314,0.10778520225113049,0.048993543153111364,0.0,0.10915962010817792,0.7031718835524514,30.17084183850165,34.0,2
132364,4.359420279727952,1.0,33.30842456957162,1.408017586653165,0.5077466257061825,0.07501499474701619,0.3208135880075849,0.14161141790178466,0.07207008747600625,0.34999362956189706,26.437229383771662,9.0,1
96522,5.270402895934253,0.0,101.59194209707798,1.1303197887629002,1.020776755417497,0.056898566046186025,0.1832598522183656,3.849943374729479e-06,0.05918251295515509,0.28121715024146815,29.548020158853312,26.0,2
140672,5.270402895934253,0.0,155.07849646896165,1.0937363611747035,1.1694107022410731,0.05009339799691467,0.1781395052452503,0.001984806558653298,0.10080771222471868,0.6248819796008633,28.730449604609504,57.0,3
133520,2.81870192439919,0.0,125.69978476783552,1.347912282370425,0.8055384298711078,0.05009339799691467,0.19071575807816873,0.14283152377451044,0.07523239892816581,0.2999035103297946,29.38900085441353,11.0,1
70325,3.873488880460096,0.0,157.20474757985198,0.9693795334875999,1.2506282976724197,0.05328367386024081,0.1827532997044595,0.0,0.07610775407689287,0.5932630825882477,23.998571418009973,55.0,3
20600,4.359420279727952,1.0,130.01521380105544,1.4663162944046058,0.38057483496004635,0.03414355059055638,0.3669392649501902,0.14853421865942973,0.07654086052747315,0.4105258689230816,24.043444540113565,32.0,2
51149,0.872923795046736,1.0,61.00148372262,1.7094653201885666,1.6138618224161947,0.049490153228170956,0.14704857682625724,0.14824048470688458,0.090631273449164,0.038410692203098756,27.026107591743493,17.0,1
4440,6.117892928831929,0.0,107.83675306863265,0.28026797556529187,1.6620176809780942,0.04379041442699696,0.37023507737824185,0.1478281207680936,0.1441973523769398,0.006993692540088694,19.687872094006465,38.0,2
44661,0.0,1.0,107.19961497677782,0.7807417810472599,0.27850199182241897,0.03414355059055638,0.3504682971490409,0.14867172392528688,0.07066635954166857,0.5169896259943355,29.11031228962448,38.0,2
156822,5.270402895934253,0.0,103.77667498270046,1.2529544013102096,0.9929661400695023,0.05680116751690537,0.16312805578940295,0.1205882402115548,0.07907699494507488,0.5923822294541841,26.74018606289678,35.0,2
137335,1.5954046671017168,1.0,150.48265442435266,1.2409790360109807,1.0315616104748004,0.04257727432062326,0.2821283049873707,0.001984806558653298,0.08644706391858864,0.6196244736187164,22.206563062987147,44.0,3
104812,1.5954046671017168,0.0,136.16993882021325,0.9433783587917097,1.2295073977449773,0.05117544300866493,0.21678920175813712,0.0,0.08680895131871912,0.5976652639695638,28.8671652319776,30.0,2
11866,4.824000686513771,1.0,115.9080593212552,1.313779393613908,0.8389446157210648,0.06931636345747896,0.1912034946595629,0.0,0.10186112363500793,0.745360522114038,30.31812928621414,9.0,1
40060,3.873488880460096,0.0,57.76586066132391,0.16115064642162136,0.021335443815955965,0.04597896911406768,0.3477747674240067,0.1472812298315819,0.07479010183432175,0.03633058485711972,28.713828865361815,54.0,3
83792,6.117892928831929,0.0,96.66584900862351,2.0135500188167925,1.5481140364786548,0.07790245322973517,0.330000833431264,0.0,0.07344443758622808,0.602063981300623,25.97590419057855,8.0,1
74938,0.0,1.0,150.25061005703037,1.0063959825440436,1.1129057238060638,0.0634453904836841,0.08659469250842437,1.0499957882332181e-06,0.07434469244013149,0.06800928645454744,21.71806488078988,22.0,2
91322,4.359420279727952,0.0,112.89425726527503,1.2831687122254798,0.9508267515704789,0.06408679225719048,0.30801870464992115,0.13233086960454454,0.05186136939192016,0.5694308716311162,22.55643314790647,12.0,1
4721,0.872923795046736,1.0,140.1179574541017,0.4807198931074894,0.036988310190462684,0.03684347528477961,0.375466997075387,0.14854135749879283,0.05884883476647055,0.13664057928942153,22.514594907361776,21.0,2
1167,4.359420279727952,0.0,128.35012764741953,1.6916401609057337,1.1286011489630472,0.04747472386211118,0.09859728595086668,0.0,0.07907699494507488,0.38951482378095875,27.928136672460166,72.0,4
20693,5.270402895934253,1.0,119.47725449882877,0.6288748773919356,1.5533254571377446,0.11069945647795845,0.1997904096162951,0.0009961907158109078,0.10237756976806238,0.3490707404716398,24.445902723179632,19.0,1
149828,0.872923795046736,1.0,86.09888611456385,1.2113149601562354,0.7997003756155685,0.10823744678519129,0.03234721238490471,0.0,0.065765824499414,0.2727839400024509,25.665643394720043,25.0,2
90644,0.0,1.0,104.42196633421577,0.6610483277676394,1.126352958314032,0.024589270636504634,0.03522952514767057,7.907610279889246e-05,0.06913586784584445,0.5268053829272235,32.88037589824658,29.0,2
119258,3.3619271977508447,0.0,100.3375229370867,0.9798822134503042,1.2695403925683402,0.09512248854355311,0.1750078775205933,0.0009961907158109078,0.12892496155362296,0.40779027040891674,27.23593221068199,33.0,2
91386,5.270402895934253,0.0,114.07135212328872,1.5835165182702335,0.5817394956459299,0.06446771645373552,0.23551596238262423,0.003053845995479114,0.07567160824092482,0.31479963689727203,25.96948007244405,32.0,2
35863,0.872923795046736,1.0,135.2280073125089,1.593801330922556,1.0337244907542096,0.041092841861565026,0.10429869371523375,0.0003275893890312226,0.11181393054084698,0.47664490956611383,23.906531171164183,38.0,2
58016,4.359420279727952,1.0,57.63568296796331,0.6523964551813372,0.2979467232653671,0.11901478210671095,0.3257051775707076,0.0,0.08892922146119757,0.4504799087144882,20.091026094383633,5.0,1
105314,1.5954046671017168,1.0,122.69583824201469,0.9050560474853104,1.7493293362478723,0.07331527306353508,0.0,0.001984806558653298,0.14088235307935956,0.3213020905324471,27.74480395123997,55.0,3
48194,5.270402895934253,1.0,110.16835650124388,1.1303197887629002,0.9217929097588613,0.1090864959917678,0.06968637408784202,0.0,0.1294698537927405,0.4387077377800461,35.93725617655851,29.0,2
149423,3.873488880460096,1.0,85.58001290119427,0.15850165105744968,0.07809126010710563,0.03802728989697946,0.373801201041412,0.148710890826415,0.07782218133052284,0.05520992623419359,16.791005088083878,34.0,2
60732,6.117892928831929,0.0,126.46940326366007,1.7855160893099271,1.224836140286072,0.04373026595070187,0.23041492083456172,8.519722692505902e-06,0.05721550628430818,0.768481093321827,26.63178656015329,28.0,2
130658,5.270402895934253,0.0,90.24473758122431,1.2054289960576283,0.6610661750968433,0.04342872429828728,0.29594365698262864,0.058403052033042434,0.06761972143576706,0.2980382035009999,32.162176926028835,42.0,3
151958,4.359420279727952,1.0,103.94325653666012,1.8823565270014346,1.1511930062111049,0.06697413709052649,0.050703087888205475,0.0,0.07253143383276514,0.6178708851250911,21.488908884422056,33.0,2
42213,4.359420279727952,1.0,121.96865118937477,1.698757269387999,1.7548589521511095,0.03462304693822591,0.002540314450893359,0.1461667279715321,0.039951207445538914,0.3398322134003418,26.499857393139315,46.0,3
76034,0.872923795046736,1.0,114.17407246920492,0.7830919477975231,0.6324343108852805,0.023890353676344383,0.21376733495324746,0.0,0.07019179955184995,0.539272361790861,30.59185805315425,26.0,2
45391,4.824000686513771,1.0,105.13424739379822,1.6006790321669766,1.4080745642651042,0.029032445208904446,0.12593704731803265,8.707102520471953e-05,0.12578864764343925,0.7109433115136713,25.681695573692895,54.0,3
151941,4.359420279727952,1.0,103.04743030783277,1.9900187305277914,0.4063067360061781,0.10586085027058409,0.028706613028225754,0.0,0.05828948169065652,0.6108510766913567,24.839512700529433,29.0,2
125988,5.270402895934253,0.0,111.0453956454616,1.1878644052004304,1.2766659695073987,0.093155845558655,0.09350737751597628,0.0,0.13620837712054312,0.3315024662333718,27.39603335945715,56.0,3
82521,3.873488880460096,1.0,106.97156431488837,1.2529544013102096,1.2648001779253042,0.08911637209763554,0.2548947328680451,0.0,0.07739805058592603,0.5543724183688273,24.20974339917169,38.0,2
153903,4.824000686513771,0.0,117.96044787005182,1.9939292486457882,0.8211903186456566,0.032616801606282324,0.005051539127022021,2.019984411834724e-06,0.10673525114395638,0.6571964343496536,24.61035523887626,28.0,2
93555,4.824000686513771,1.0,69.77655468392696,1.6774576631672329,1.4785798387800124,0.06331612256348311,0.1252878557882259,0.0,0.041401070697273966,0.7718988755203128,24.326477916089882,24.0,2
30408,5.270402895934253,0.0,70.17857076533856,0.8356733126244692,0.4529526963721108,0.053799353682425805,0.023165805092240477,0.1456512507835498,0.08534643612555834,0.5071558543350404,25.223482113501518,21.0,2
90215,5.270402895934253,0.0,97.6066156894305,0.3165654838115098,0.035723333180926846,0.030844808525263702,0.3749579057766519,0.14787782996294624,0.07066635954166857,0.11628585138727694,28.12852946066714,34.0,2
131682,0.0,1.0,124.85343846506915,0.9485494790226465,1.2388742016849947,0.10621872520381574,0.01913480414395804,0.0,0.11651353817190897,0.5187756442984244,22.448785396135396,5.0,1
126694,5.701060861471607,1.0,123.69154178292034,1.0037280259604542,1.3489319860322233,0.04673112473458526,0.0009985074216367666,0.035267599177157063,0.08608269509259017,0.4595172001147029,24.372898066509315,35.0,2
136365,2.81870192439919,0.0,120.94037655487352,0.9025300258404296,1.3832875724289047,0.032756846992377936,0.1458565046907266,0.005864813330088342,0.07434469244013149,0.406878074585287,26.855352757259013,33.0,2
101073,2.81870192439919,1.0,157.84230722604036,1.1417057923154803,0.9362622300425101,0.032054095044992494,0.1988539897807107,0.0,0.07298954199416931,0.539272361790861,27.19457440959083,42.0,3
1990,5.270402895934253,0.0,157.95997012403024,1.1762322066763853,1.079601259342487,0.04379041442699696,0.002986602388962986,0.12803828646132973,0.1252275809854624,0.24644882252897388,27.545599475898154,13.0,1
117363,4.824000686513771,0.0,118.54298458478658,1.0171047814103484,1.2131933798627534,0.03684347528477961,0.16860685887279303,0.018555850659359212,0.09747580878089683,0.3277957400099712,31.778863516122037,49.0,3
15119,3.3619271977508447,0.0,78.59210336849137,0.8774664929240397,0.334943843105283,0.05276348676969412,0.24855708884017558,0.14857662675398156,0.07207008747600625,0.1971334117769646,28.058496752698378,53.0,3
28837,4.359420279727952,1.0,73.07670836390898,1.0937363611747035,0.06275643746977358,0.04730387785758131,0.3599669935990206,0.14826535491985524,0.07739805058592603,0.3110799737441455,24.134146748646614,37.0,2
2924,2.81870192439919,0.0,98.02665106559573,1.3014873780326923,1.1511930062111049,0.09612667909729579,0.07764597405794815,0.0009961907158109078,0.08229821707572699,0.3259413065890475,27.391386758976903,62.0,4
62576,2.81870192439919,1.0,140.6913315636611,0.4254963039363433,0.13232421621990417,0.027028571290768577,0.3567463464301085,1.3799927247751448e-06,0.0846000186739813,0.1491925360676931,19.9776936877479,15.0,1
126630,0.872923795046736,0.0,105.42520007169733,1.7202123044997546,0.9135673883268748,0.05581785744347516,0.11601985112802114,0.11744276161502963,0.12654701746975344,0.5508232274881332,26.941213909307983,32.0,2
114833,3.3619271977508447,1.0,98.48839337267084,1.2680121847925503,0.46088154821066385,0.05728648091811103,0.35373740916090357,0.08713778001551319,0.12654701746975344,0.6502249683384824,27.3553573745302,56.0,3
65727,3.873488880460096,1.0,112.47748529359838,1.5125831187873215,0.7880755588262914,0.0719035626650213,0.060842390389807495,0.003939573289650818,0.08680895131871912,0.39957455327271907,30.034697305667244,32.0,2
154098,4.359420279727952,0.0,141.53333544748662,1.4959659338530724,0.9362622300425101,0.0614711458158501,0.015625372543004,0.026838662246328037,0.09162520541474937,0.6275089041868975,21.917703645921407,24.0,2
146834,5.270402895934253,0.0,131.80807208653374,0.9305140056689871,1.3611555555156263,0.09546239530113286,0.16914742208479003,0.0,0.133626016934442,0.745360522114038,24.771856042762902,16.0,1
94311,5.270402895934253,0.0,137.56608888805744,1.532661226759913,0.973906712521262,0.029471148318205066,0.13233770064580988,0.0,0.0994514137349725,0.4169031817689732,26.633233860483735,28.0,2
15618,4.359420279727952,1.0,134.8920919996744,1.580096699910016,1.3029499461191854,0.059651224241981105,0.20349305848707883,0.005864813330088342,0.10133787158252591,0.49371684008158656,26.372646026839494,76.0,4
99139,5.270402895934253,1.0,106.31812495193466,1.0881650388686348,0.6147791006233524,0.032054095044992494,0.2668778892785336,0.0,0.10212019116983716,0.602063981300623,22.054903675392122,41.0,3
86623,2.81870192439919,0.0,119.06895957430386,1.8039074821054202,0.8035905104059599,0.10838398143894828,0.01695775279068509,0.0,0.07989911657905567,0.3986608665711685,26.507381829277904,61.0,4
73004,0.872923795046736,1.0,23.78804020756406,1.249954663221884,0.971798776571637,0.03345331143459896,0.0,0.0,0.07523239892816581,0.4694400923118106,27.286566407548573,31.0,2
92627,3.3619271977508447,0.0,93.26495944967931,1.1966292274711101,1.5716316228929437,0.03671076172813789,0.009658310013008445,2.829969404061324e-06,0.0409891269145896,0.5339328914848354,26.51028560910093,36.0,2
134744,5.270402895934253,0.0,67.2300847072944,1.5562760176399235,0.16748523226641907,0.10176588683583664,0.34288568786942675,0.14861803168969095,0.07066635954166857,0.539272361790861,24.7590009538522,35.0,2
49728,4.824000686513771,1.0,104.6092021486371,0.6036650358901219,0.022368214238170644,0.032054095044992494,0.3753400103877654,0.14854135749879283,0.07298954199416931,0.3619753613456227,21.902690559639847,50.0,3
136936,4.824000686513771,1.0,127.92074199472549,0.6675719032394865,1.2062319625131506,0.02844379682282684,0.0009985074216367666,0.07013582035545378,0.10650624542551308,0.5008885459395205,27.773583989477068,39.0,2
73714,3.3619271977508447,0.0,103.0578532698279,1.6809968297595563,1.7355427726221995,0.05476688216271569,0.14764237027396704,1.4099240524821673e-05,0.06869912804803781,0.6901966663783777,26.76720645623976,47.0,3
80513,3.3619271977508447,1.0,93.84091037263252,1.7599522449896807,1.1286011489630472,0.11058541423287303,0.14465841868461957,0.0003804460551086099,0.14185402487760038,0.43961424622178924,26.766813088568103,17.0,1
132990,5.701060861471607,0.0,137.9610451313654,1.4926549618789116,1.0995302396656046,0.08115311709967152,0.0007012641601798319,0.10367860948018143,0.13139465733721323,0.6082163911561125,24.585220876790697,20.0,1
90179,3.3619271977508447,1.0,151.40538777910874,0.5871171410342558,1.0337244907542096,0.09220467864151599,0.0,0.13132974407872078,0.13997635496695057,0.7812879084874744,31.108200206794827,28.0,2
27788,6.117892928831929,1.0,113.57297046134141,2.021430197171811,0.6956828410527327,0.10235887299442069,0.13422605430153228,0.07062026919522872,0.09747580878089683,0.5729680510664715,22.67562146912905,62.0,4
129365,4.359420279727952,0.0,78.70584566771642,0.9825170437964712,0.9135673883268748,0.10139935755464843,0.015625372543004,0.0,0.12022932698877,0.38768360549391373,26.267202448846586,46.0,3
75722,6.117892928831929,0.0,134.88707743132517,1.4597729435754092,1.1106714973128837,0.04707538101428019,0.08757148586722448,0.01717223111155458,0.1340791708092471,0.8466141568671022,23.19188715388998,27.0,2
40181,2.81870192439919,0.0,127.82978680747729,1.2113149601562354,1.6539440066230873,0.10348094851633399,0.15637341109399755,0.0,0.13829229377990773,0.7238730648159113,24.05049491313215,20.0,1
71492,0.872923795046736,1.0,110.72564945175567,1.4048176378816764,0.6574613049083465,0.04650060861552689,0.04232025444488725,0.0,0.08190524688566762,0.49820029281298683,25.052849077353148,55.0,3
67864,5.701060861471607,0.0,91.49163745518271,0.7095829213622472,0.7745995549638897,0.10337243046019386,0.007778390679855584,0.0,0.07479010183432175,0.19904021217904416,21.85445178612683,11.0,1
119329,0.0,1.0,122.2534974618002,1.0387004217770066,0.650273779481411,0.10501676070355577,0.09203541848258019,0.0,0.11161742520075171,0.686731754906846,31.923339866757953,25.0,2
34961,3.3619271977508447,0.0,116.53302303068944,1.035987948999315,1.4734897236080668,0.054817363853910714,0.0,0.0,0.08961697180144913,0.3766821266125737,26.094289571598008,39.0,2
158623,3.3619271977508447,0.0,135.89447061782644,1.5059237685634277,0.46885477553086813,0.04678862706739734,0.32979984747365504,4.1293484594396734e-05,0.07344443758622808,0.8271728376179924,20.42723652140237,20.0,1
152320,4.824000686513771,1.0,99.85083420627309,1.713043318578456,1.3464934343650294,0.08029540932132537,0.0019940376062208094,0.0,0.11700849582798221,0.7974715008392304,23.906106468560115,22.0,2
38786,0.872923795046736,1.0,95.20216883511567,1.563060875323366,0.9654866865759476,0.059651224241981105,0.3223236178244389,0.0,0.08268848505094586,0.4856370331868439,26.378208658003025,64.0,4
93098,4.824000686513771,0.0,170.74627558507262,1.6041242390834507,1.3709714197337277,0.04557037994341877,0.0341517760422906,0.002965912600349943,0.06874779249788905,0.8330961411733153,27.19768745836927,12.0,1
15883,5.270402895934253,0.0,140.8906875038386,2.33460570267036,1.481128021569572,0.0977007986551314,0.23160499351003486,0.0,0.02281789110561537,0.8794437592650981,26.073738657256875,45.0,3
119973,3.3619271977508447,0.0,112.01414612429954,1.2024918523025487,0.6773798878749421,0.030629476337651843,0.1892456434457902,0.14860433983858176,0.07389614600927014,0.03959883734464437,27.286048734794235,20.0,1
84835,4.824000686513771,1.0,122.27892554290942,2.005688063444212,0.9383370423726153,0.09080883719607807,0.20303395783663156,0.0007766869008476881,0.12356559458620506,0.3803519932120896,23.621826561618228,45.0,3
103048,4.359420279727952,1.0,126.07455146920186,0.5016553233969697,1.7135954813782412,0.06697413709052649,0.03234721238490471,0.05970014375000635,0.09162520541474937,0.4123487785843696,30.372288572733268,26.0,2
100796,3.3619271977508447,0.0,119.41602300317116,1.3635879022326585,1.0143294574313837,0.11375070569540104,0.131070708116066,0.0,0.08030591854684666,0.5125219727084062,22.51769037058605,19.0,1
95658,2.81870192439919,0.0,47.62800740180847,0.3936550834673648,1.3857569851549003,0.07727921957627658,0.056694445884583236,0.14784812917141846,0.10533879505897356,0.14533430943290376,26.490350764797903,9.0,1
4691,0.0,1.0,115.20568061610066,1.1966292274711101,1.7493293362478723,0.09929914618218678,0.10359265120566807,0.0,0.11651353817190897,0.5232380909858012,30.002930040010067,42.0,3
6608,0.0,1.0,107.60371635065955,1.826122368673923,0.971798776571637,0.0493246207804653,0.25315830735000466,0.0,0.10339044157515012,0.5959048078477117,23.75643510469422,26.0,2
61669,5.701060861471607,0.0,109.92054142662494,1.3952422166886544,1.3709714197337277,0.03482762600454365,0.12915797286804528,0.020262220644609228,0.10894620868502075,0.509839587862524,24.61021642273723,51.0,3
34398,2.81870192439919,0.0,86.376861336901,0.15850165105744968,1.8303496651633075,0.044982288551343556,0.2292169810837569,0.1490456372658924,0.14567920298342515,0.0,19.984559998273284,59.0,3
128022,5.701060861471607,0.0,103.29753986658957,1.6041242390834507,1.03805616547117,0.041342447356368994,0.0009985074216367666,0.14666670525816566,0.0807099107755365,0.3803519932120896,27.067770703004733,27.0,2
10923,0.872923795046736,1.0,85.75658698183742,0.9511404885049599,0.23397523815617677,0.06931636345747896,0.011884649306872191,0.14834609522529177,0.07344443758622808,0.5276968367130614,25.19603129448259,23.0,2
17645,5.270402895934253,1.0,97.43327593984327,1.0826088263724851,1.0685990710633249,0.025435779189136993,0.0978759997682047,0.003939573289650818,0.10673525114395638,0.5579193060105864,24.492448106572287,29.0,2
75547,5.701060861471607,0.0,125.26404399009022,1.713043318578456,0.6218191154126793,0.027776458983118688,0.012655488324436899,0.11847535572365805,0.06110046150989802,0.12405157644659484,26.635865178560014,21.0,2
55638,5.701060861471607,0.0,109.22313238501805,0.7948945864056484,1.5637735081033628,0.06266479355783779,0.0013871176823840737,0.001550744628946661,0.07697095147323091,0.19522579199641732,33.31193466959325,2.0,1
156638,5.701060861471607,1.0,74.4377517704159,1.7202123044997546,0.22738773227913406,0.07911856488323085,0.06305822171528386,0.00013592936812576787,0.14342147241440634,0.47484463488452405,26.11762954291782,7.0,1
145667,3.3619271977508447,1.0,107.48458083982266,1.2801294904916005,0.6646784571795217,0.11948847087220553,0.3101645249866143,0.0,0.11220324037571663,0.4105258689230816,21.808701714696053,2.0,1
82152,1.5954046671017168,1.0,111.02477083503017,1.3199493399191744,1.4557398888377278,0.06366010318565381,0.24566192079379473,0.0,0.07523239892816581,0.7881072528363212,29.557211823786293,46.0,3
2120,4.824000686513771,1.0,108.58198793761166,1.6633439737814455,0.6253501522484253,0.10816339972175154,0.21636042191977492,0.0,0.13661580237796986,0.470341237512751,25.167329659540194,54.0,3
109558,3.873488880460096,1.0,172.8145460475877,0.515172448703798,0.48170445036181103,0.02770197444137078,0.3075369769343362,0.0,0.07344443758622808,0.11725734975686705,27.829295498071343,40.0,2
30221,4.359420279727952,0.0,65.92117875135267,0.4024038435051266,0.22738773227913406,0.04121775540709883,0.2962065729522112,0.14591715828462248,0.07989911657905567,0.1770622063486073,23.311178874237626,20.0,1
9386,0.0,0.0,72.12347700597286,1.4532460742582065,1.582138574210083,0.03848255151408425,0.0413549000484903,0.0009336549608029996,0.052648126425878745,0.417813571389132,25.961582281434612,71.0,4
120638,3.873488880460096,1.0,79.04151989605141,1.6598262815654952,0.8389446157210648,0.09512248854355311,0.19217553698332104,0.14817265375133779,0.08608269509259017,0.304563566592905,27.293424939981993,10.0,1
101459,2.81870192439919,1.0,112.67303539857177,1.1704392993079824,1.5247664907417113,0.041342447356368994,0.019417686065019802,0.0,0.11277808358501228,0.6789281817495515,26.015094705620907,64.0,4
27783,3.3619271977508447,0.0,112.96112608646278,0.15323397092689434,0.2117471892219363,0.03550559855419764,0.3489619263581033,0.14553199026628977,0.11749437973115917,0.06151620510720674,24.70905820391847,51.0,3
91747,0.872923795046736,0.0,78.77624583749702,1.338555201025666,0.6993657939488159,0.06776810307407538,0.30656813300272473,0.0,0.09718602680360759,0.43054194018397496,19.69077468161169,33.0,2
103738,3.3619271977508447,1.0,96.2818095268031,1.249954663221884,0.7803636199698412,0.025205750969036836,0.3197233365022114,0.0,0.08030591854684666,0.5844482742465293,28.17869709165544,59.0,3
24009,4.359420279727952,1.0,126.51495172068569,0.2958688031541652,0.3880907013868155,0.047871617065426426,0.3699650424587189,0.050845532228205655,0.1456544565061188,0.18567534203771005,21.76650642125831,42.0,3
126663,1.5954046671017168,1.0,119.18126062183079,1.7166256457400175,0.7272262776524988,0.10867092527459508,0.017527096931831115,0.0,0.11334218617191304,0.19522579199641732,25.64188985663081,29.0,2
28405,3.873488880460096,0.0,150.3197350252223,1.0090676336197404,1.6647131528044516,0.093155845558655,0.008256694740295802,0.01846985968360163,0.06830856655814778,0.20856198321458377,30.282588855507154,19.0,1
102707,0.0,1.0,134.1797553602853,0.8650682795653099,1.5690101476162517,0.03880600336970576,0.016577632105374596,0.11847535572365805,0.11700849582798221,0.5729680510664715,25.541447051467678,20.0,1
107376,3.3619271977508447,1.0,22.946592691810928,1.0117429819484791,1.481128021569572,0.06366010318565381,0.33757350581436935,0.13197391490275998,0.0652563208801996,0.39591880754975406,25.301626510187813,3.0,1
51503,0.872923795046736,1.0,83.93483083468452,1.7855160893099271,1.3709714197337277,0.1059512892555724,0.0002099341081618676,0.0004173333115545079,0.06055740107079281,0.6003049092046717,27.287601732984488,19.0,1
110006,6.117892928831929,1.0,88.72390735975766,1.4240785193695762,1.3391900932368495,0.0973955388973874,0.09055548875425853,0.0,0.06370578415960063,0.5383828155329159,22.971837276441086,28.0,2
1947,3.873488880460096,0.0,98.00565540860345,1.1077309178046657,0.8016444925314857,0.04257727432062326,0.1926598498780871,0.09071615612822855,0.090631273449164,0.27653391437213615,24.698535229996317,49.0,3
51539,0.0,0.0,174.46853958057224,0.9537351345706274,1.691784810850091,0.04257727432062326,0.13296876435285718,0.0,0.10557531116723944,0.7889591378426426,23.07392025998805,33.0,2
6115,6.117892928831929,0.0,96.40283182540863,0.6057480280565445,0.9844757146265559,0.09829752883170788,0.19071575807816873,0.0,0.09355379050258464,0.3203737089709441,19.370575602334753,34.0,2
2930,2.81870192439919,0.0,85.49438253363846,1.593801330922556,0.5612118533538111,0.09495055493920068,0.2855678070131954,2.2399808315145566e-06,0.12982288277910556,0.3287226888922308,26.506061857838638,46.0,3
159576,6.117892928831929,0.0,106.31812495193466,1.5495079674127066,0.9053728438287705,0.06279572776316904,0.2855678070131954,0.0,0.10696278729458521,0.5446065792778642,22.207306963604996,37.0,2
131224,5.270402895934253,0.0,147.67985811170254,1.0577922600757719,1.6112066071270141,0.06322975991368103,0.05752870250965461,0.14312178860368255,0.08307607176161669,0.19140808741899407,27.551642600117063,23.0,2
6376,4.824000686513771,1.0,123.07190253790299,1.1105412085910351,0.11700238927665027,0.05170941569813888,0.3556485036265357,0.14881091808359515,0.07207008747600625,0.23511597741337825,33.3157725274046,18.0,1
991,0.0,1.0,105.77315348353952,0.8749797475547563,1.1762754558995927,0.10139935755464843,0.11803442510194988,0.12150916954141164,0.09660065570186806,0.5374931232470989,24.757480160543366,14.0,1
14663,4.359420279727952,1.0,104.35954373783373,0.7390256179332092,0.2937520101620978,0.036177528458350545,0.2675179293847566,0.002965912600349943,0.09804963764136568,0.39134537056455715,26.084949610631586,63.0,4
46915,0.872923795046736,0.0,74.97790374419988,1.767234330366132,0.2065866813387133,0.07296675335244636,0.33776107338884,0.1397871163588293,0.09029545927515505,0.16555160761465107,21.802074656413506,49.0,3
137936,4.824000686513771,0.0,181.95614267578048,1.7273986281211327,0.9591921604105726,0.0461533086282955,0.054177532011139076,0.0,0.10437726552568219,0.7659164955773288,24.095584267319566,36.0,2
126532,0.872923795046736,0.0,78.12605651236902,1.8410205856641353,1.331905210558965,0.08253683745040954,0.2016502871049115,1.5699905834881667e-06,0.0636012269960141,0.6187477473978619,23.19217614537299,9.0,1
76690,4.359420279727952,1.0,135.74418152190052,0.9511404885049599,1.5926792334280553,0.06492934472932263,0.08906753062547003,0.0345292486555109,0.08892922146119757,0.4050531875874435,27.33106126424961,42.0,3
127689,5.270402895934253,1.0,120.39009290175385,0.5953653373173764,0.7536102102164997,0.04071676728200563,0.2267972213526766,0.0009961907158109078,0.1314728113806297,0.6152394809651552,21.58898630463853,9.0,1
133419,0.872923795046736,1.0,184.7153808314525,1.0197912380668752,0.811393604128813,0.030629476337651843,0.19506447347566547,0.00681651852218226,0.06874779249788905,0.0654526455184243,24.606745846982417,26.0,2
152702,5.701060861471607,0.0,105.186211660069,1.1937037408317457,1.4080745642651042,0.06366010318565381,0.1597757214669062,0.0,0.10741349334001439,0.5241301357294121,25.29685798742074,51.0,3
92245,1.5954046671017168,0.0,66.51507645220399,0.3117473624906743,0.2895725784580875,0.032054095044992494,0.34288568786942675,0.14547111952760652,0.11964725123583841,0.2530467117592156,24.8153639511198,51.0,3
3621,5.270402895934253,0.0,127.53664589911939,0.18270909412676356,0.15642740565459196,0.03233595433488032,0.37483015478170034,0.14872374146642076,0.07866163055322024,0.035141463572600624,18.071540191645337,22.0,2
40822,0.872923795046736,1.0,105.24336811606364,1.50925136242719,0.42477495344457195,0.07468068007540363,0.00011498023742353962,0.14570966597125287,0.07697095147323091,0.3674955385332786,21.1052957527423,16.0,1
102399,0.872923795046736,0.0,151.30180558736143,0.6719375043041697,1.1534632002710248,0.08253683745040954,0.30161378407295175,0.005864813330088342,0.07866163055322024,0.4232724839940975,24.148350881751913,70.0,4
1647,3.873488880460096,1.0,93.41824353672857,1.4467356640090427,1.7355427726221995,0.05752756983506813,0.05155423288626922,0.00024776520641201324,0.07989911657905567,0.8735637266114633,32.74064320471315,21.0,2
136841,2.81870192439919,0.0,65.02055586611903,1.5393873568146128,0.7612162633794276,0.10567800055765059,0.036660739087824634,0.10741691635258989,0.07298954199416931,0.3684149667388865,23.76709625700078,6.0,1
6312,1.5954046671017168,1.0,99.59950750014454,1.1077309178046657,0.7784403718217229,0.027776458983118688,0.022792962324377972,0.0,0.1236889362795961,0.22943896094336566,28.56469783902346,3.0,1
46901,0.872923795046736,1.0,87.25805654866451,1.489348138354589,1.5170216896823014,0.1061302215723794,0.025486241740571458,0.0,0.07989911657905567,0.3849355163638353,29.315740260366926,18.0,1
65390,0.0,1.0,101.26809681611762,1.2710355796097998,1.079601259342487,0.03414355059055638,0.027789847142669463,0.007761030056575878,0.11443906789033216,0.7616397573195653,26.81333432196682,53.0,3
54862,1.5954046671017168,1.0,168.59669830646186,1.4016217618309161,1.2039155262962848,0.030629476337651843,0.005946621798604477,0.13934269201166463,0.0929195560165614,0.7066271145340868,26.76550183458256,38.0,2
86444,1.5954046671017168,0.0,111.54537991320248,1.4761622725906902,0.8528606142967284,0.0769637268850384,0.06590583178833465,0.0,0.07344443758622808,0.4214534979133966,29.317711931415303,19.0,1
97860,1.5954046671017168,1.0,94.93330434859006,0.9957462955575801,1.2459205763017733,0.05223874875548161,0.01676774829883497,0.0,0.14325841192757846,0.5160963935823022,29.305634022022097,30.0,2
25159,2.81870192439919,1.0,159.09183457504489,1.0495876169697003,0.6556616476550895,0.050636785623080244,0.26429137748300496,0.003939573289650818,0.07782218133052284,0.4332653199494439,25.96452741123922,54.0,3
43005,4.824000686513771,0.0,74.40499739735769,0.436323991484237,0.03593400836537351,0.03482762600454365,0.37130700566282,0.14665162779776317,0.06874779249788905,0.06840247319254529,25.42620967938702,40.0,2
75766,2.81870192439919,0.0,71.41012278182076,1.408017586653165,0.8330093229215549,0.06178326327999835,0.17605677935381134,6.989813345364959e-06,0.12107639339864908,0.3849355163638353,32.74075743951317,16.0,1
125521,4.359420279727952,1.0,158.5480963158726,0.1993098882802688,0.06275643746977358,0.036177528458350545,0.37023507737824185,0.14780794421992247,0.065765824499414,0.04375456099840894,21.7256150573216,41.0,3
42413,5.270402895934253,1.0,136.57047742704708,0.755116866294833,1.7714992544604575,0.05170941569813888,0.0,0.13095014562991805,0.08229821707572699,0.428725547103319,28.870154051407223,15.0,1
93877,3.3619271977508447,1.0,72.33180612848932,1.8823565270014346,0.8850217453836101,0.11155772458091937,0.2722361158306361,0.0,0.08534643612555834,0.4658339547302879,26.430484915772457,33.0,2
27597,5.270402895934253,0.0,110.21481295068898,1.5293044363985917,1.095087666887929,0.04673112473458526,0.21025463587619359,0.06081100334518816,0.07298954199416931,0.2199614227629816,27.239949026539975,30.0,2
107137,0.872923795046736,1.0,84.67492234047089,0.7505023214854164,0.4139711117068804,0.038157654766122096,0.32632860808569963,0.14305838067368332,0.10958238112235452,0.31851640614259263,29.826700384145322,27.0,2
5462,5.270402895934253,0.0,109.83275443832225,1.7965377462689096,1.2719135502914645,0.08636722143496323,0.19696805351856575,0.0,0.12578864764343925,0.8187012206330496,23.230157400063494,26.0,2
44029,1.5954046671017168,1.0,80.25259570111797,0.7367404825678648,0.03456572261248035,0.042085969832141766,0.33119941052022045,0.14816401752722969,0.06722300668770007,0.5160963935823022,28.030678968721137,24.0,2
95482,0.0,1.0,184.32704809456686,0.8332466137621517,0.120514163416919,0.03345331143459896,0.3364413409667387,0.001984806558653298,0.07610775407689287,0.23700674147691309,22.97721768091073,9.0,1
146136,0.0,1.0,119.23740546721704,1.6318388174675127,0.7593119202228912,0.05276348676969412,0.10429869371523375,0.0,0.07160547706998972,0.4856370331868439,22.01736560875959,27.0,2
4826,4.824000686513771,1.0,136.81071980455516,1.2710355796097998,1.2671692686441056,0.04954523409962817,0.2172170175632873,0.0,0.09162520541474937,0.7023077593058966,29.162658687498897,43.0,3
126117,3.873488880460096,1.0,121.5208430859277,1.440241690388494,0.729098628509576,0.03684347528477961,0.1750078775205933,0.1194711125043972,0.07066635954166857,0.388599298650405,24.610771684113217,39.0,2
79781,1.5954046671017168,1.0,108.55095111329496,1.0251752790418884,0.7880755588262914,0.05009339799691467,0.25763548768408095,0.0,0.11549563035956101,0.5463834888224122,27.386997809702223,7.0,1
20283,4.359420279727952,0.0,108.31813446095849,1.1995585970342593,1.3077553750603137,0.09477728604255982,0.06150067928691705,0.0,0.06510275914425293,0.6624195015311976,22.524027806897617,43.0,3
102460,0.0,1.0,114.21002146712358,1.573269725078865,0.5527359021169996,0.04438898378389238,0.0009985074216367666,0.1370948477600934,0.12148854744236103,0.4586141796681728,23.908654607727463,35.0,2
79980,3.3619271977508447,0.0,136.66558060196687,0.44909275400574167,0.8133491362738893,0.029616855379157963,0.021858947440339706,0.14866510521289292,0.07298954199416931,0.03860874099813829,28.557798171494362,26.0,2
135231,4.359420279727952,1.0,116.5739874830581,0.8675408250285294,0.10540024394503103,0.044982288551343556,0.37457407629954614,0.14863161505772862,0.07298954199416931,0.1385740475400913,27.03014561827055,38.0,2
50621,0.0,0.0,170.84323003866632,1.4176418973042995,0.5544274649064301,0.038157654766122096,0.24122535807105008,0.001984806558653298,0.12727503714890795,0.27465930423277096,25.166235825196775,24.0,2
72197,0.872923795046736,1.0,109.80176840049306,0.9459621033695175,1.095087666887929,0.023264274728399842,0.06428203176449125,1.1699947704574796e-06,0.09479702346996888,0.3110799737441455,23.908371490214353,34.0,2
59024,1.5954046671017168,1.0,116.86068104305915,0.8749797475547563,0.12758094272457277,0.03345331143459896,0.3504682971490409,0.0,0.06677399494927812,0.283089132646496,24.452316724497173,32.0,2
80066,4.359420279727952,1.0,91.69833451641387,0.8284037357211327,0.8035905104059599,0.03134499269087866,0.013712425199831665,0.005864813330088342,0.08307607176161669,0.1007111868006316,26.44780658498709,21.0,2
74975,1.5954046671017168,1.0,138.01102803409242,0.9904435638128387,0.288182827141673,0.027552803013641613,0.3398033608963911,9.299669594599497e-06,0.12051510801643173,0.23038562363391338,20.42928194757668,57.0,3
11194,3.3619271977508447,1.0,90.38812281500381,1.7855160893099271,0.6130236887191868,0.08845352666152759,0.1410276701496655,0.0009961907158109078,0.07567160824092482,0.2793444188864179,27.412292233658828,49.0,3
110493,6.117892928831929,0.0,91.8572870240789,1.9861127510729824,1.4887850777116909,0.06575768768239226,0.2800839896815336,0.0,0.10650624542551308,0.5614638976786368,24.87205385482334,18.0,1
128012,3.873488880460096,0.0,107.92477042283797,1.6598262815654952,0.6520678855900447,0.1035886709897732,0.09203541848258019,0.0,0.1225519383900256,0.6571964343496536,29.67444845179935,11.0,1
41112,3.3619271977508447,0.0,121.21538396983462,1.2710355796097998,1.2459205763017733,0.05728648091811103,0.026870414285047127,0.0009961907158109078,0.12964737404116164,0.417813571389132,25.696258044873918,61.0,4
107581,4.824000686513771,1.0,165.86401714928388,1.4597729435754092,1.7631694513334089,0.032054095044992494,0.03234721238490471,0.04098372227098399,0.08858182813778119,0.5268053829272235,26.005467990255653,35.0,2
152285,2.234779091684268,0.0,111.26707779135182,1.2350149125555943,1.2742887424067721,0.03590947778731781,0.05910734345074292,0.0,0.13539598647876638,0.45319275256535035,26.644810337568458,35.0,2
13228,0.0,0.0,105.64853228624813,1.5698625629767227,0.9908405959351675,0.10786191730577435,0.226390801977457,0.0,0.05862557826422581,0.5941437966272379,22.601895096307555,18.0,1
48907,5.270402895934253,1.0,101.59716419853703,1.277094229670491,0.556120840764112,0.02597008295674694,0.0059171521526392,7.029811203006565e-06,0.08190524688566762,0.19617970441626129,23.192320640204038,32.0,2
29768,5.270402895934253,1.0,105.477143824677,1.6951965578252368,1.0906530470009785,0.0858828442467042,0.04205727721172596,0.045388852461085004,0.07019179955184995,0.20475571420411642,23.348454076744762,47.0,3
52826,3.3619271977508447,0.0,171.83171549805908,0.8601338152434236,0.9176762744407007,0.029178943760520885,0.2930180791304926,0.0,0.13123702703825046,0.4123487785843696,23.181481842949093,19.0,1
121750,1.5954046671017168,1.0,177.1141238610387,0.9563334199741291,1.8615556176242443,0.10715144929109219,0.1832598522183656,0.0,0.10107366171887236,0.14726385588242943,33.31904575376835,4.0,1
101427,0.872923795046736,0.0,88.46297379394217,1.767234330366132,0.8668705620052803,0.05810195539356081,0.34465806356477197,2.0699836307385176e-06,0.08190524688566762,0.5853303840742065,28.308899067642884,9.0,1
10042,4.359420279727952,1.0,89.70808182942463,1.1704392993079824,1.0664045786492466,0.02770197444137078,0.28037777348200726,0.134001676024542,0.09479702346996888,0.6719828838800403,26.918753816752123,25.0,2
100615,0.872923795046736,1.0,146.84298591330645,1.0037280259604542,1.2766659695073987,0.10115040624203152,0.008880373055813805,0.0,0.08190524688566762,0.3203737089709441,27.229452624905605,50.0,3
94876,0.872923795046736,1.0,178.69971388250264,0.26646250553968936,0.04654658683773202,0.04379041442699696,0.3638086632494495,0.14876792934782157,0.07389614600927014,0.048696227370355664,18.490468223195442,15.0,1
105110,1.5954046671017168,1.0,155.0440886848904,0.7482001681201292,1.2506282976724197,0.03414355059055638,0.0009985074216367666,0.011468359494094787,0.10829773278800112,0.3463010242500451,28.437938542068228,41.0,3
86378,4.824000686513771,1.0,94.22635688987158,1.7745339005343035,1.4180472143719791,0.10665182007938102,0.15864721974158413,0.0,0.07066635954166857,0.58621235383743,27.274010956321085,6.0,1
131070,5.270402895934253,0.0,107.84193084425617,1.347912282370425,1.4684079384441668,0.04071676728200563,0.003976213546291906,0.12475046480955254,0.12215914027194473,0.5053659477481252,26.982183795502504,49.0,3
142468,3.3619271977508447,1.0,105.7420001523745,1.408017586653165,1.2388742016849947,0.03414355059055638,0.0,0.14504308436870547,0.0875253578926078,0.51341580185349,26.41937382834038,21.0,2
122116,2.81870192439919,0.0,99.18566821003986,1.9089419001378047,0.7707663064582774,0.04673112473458526,0.22060518339361856,0.0,0.08422295110813957,0.4223630722672164,23.199400143565583,14.0,1
17292,5.701060861471607,0.0,109.7294627827475,1.3168623695632067,0.4656601541525873,0.08334048687121909,0.3166178575193311,0.012377812595437692,0.07434469244013149,0.6493529401476361,20.478488293807203,8.0,1
56570,0.872923795046736,0.0,98.3520017460472,1.8522407310256643,1.4557398888377278,0.036177528458350545,0.11056948609566525,0.0,0.10160035464617702,0.7966207941075201,24.87191602942575,55.0,3
157916,3.3619271977508447,0.0,61.97747021641614,0.4399571780087591,1.6728123173826326,0.05328367386024081,0.0009985074216367666,0.14354883889477607,0.11700849582798221,0.41325998704410216,26.084949610631586,30.0,2
126255,0.872923795046736,0.0,123.04649797426828,1.6528037535325126,1.4105646242891337,0.054615173928087325,0.03932657754441072,0.0,0.09227673809299898,0.5959048078477117,26.766944211562432,35.0,2
21582,0.872923795046736,1.0,118.74217936670789,1.0523187556135853,1.6059025151258526,0.032756846992377936,0.09055548875425853,0.0,0.07019179955184995,0.6971203482380626,28.688572754102328,45.0,3
47367,1.5954046671017168,1.0,115.5595097263933,1.13316055416276,1.2719135502914645,0.026953409443536608,0.237821988557352,0.0,0.08534643612555834,0.5250220325545847,26.942519336529763,35.0,2
4274,0.0,1.0,138.42079012058414,0.6502417239435571,0.4263253917583581,0.04626927926115054,0.22186018419829656,0.0,0.06401855885443866,0.4910249444225651,20.022535818908977,53.0,3
137138,0.872923795046736,1.0,71.84922925953796,1.4467356640090427,0.8528606142967284,0.11542365101123925,0.2128951275573229,0.0,0.11407800504076084,0.7109433115136713,24.475314109734704,32.0,2
115908,0.872923795046736,1.0,123.15319209872558,0.7620643196394106,0.9466557329092349,0.04379041442699696,0.18527405936558464,0.10994108762794899,0.0652563208801996,0.35276125013630455,29.8652886410593,19.0,1
155269,5.701060861471607,1.0,72.32632487731307,0.6785107863592905,0.007522460071040976,0.05885861508233759,0.3755937936401596,0.14889916773163792,0.06894210541559317,0.7316174461161188,28.342583757028954,45.0,3
112191,3.873488880460096,0.0,91.12047543562257,1.874800880341669,0.9012871754952682,0.042085969832141766,0.14525821594835667,0.0075727002851875775,0.06781723411341166,0.6143620734538914,23.763400756671192,25.0,2
159098,0.872923795046736,1.0,65.20972157769761,1.3199493399191744,0.9074185780413175,0.10874140811719965,0.13980511964077502,0.0,0.05300873647830464,0.4023146165258838,23.18827455547148,14.0,1
45079,0.872923795046736,1.0,189.89639910713984,1.6668659552267933,1.0014879181509468,0.08307477277729898,0.025948304091180735,0.13095014562991805,0.06776790858233991,0.6134845293745955,26.369996874463233,19.0,1
159895,2.81870192439919,1.0,99.71994616869122,1.6006790321669766,0.8310347149247238,0.03756917664631072,0.018946077948171727,0.10367860948018143,0.06928082946967935,0.6003049092046717,24.187839628019763,38.0,2
37399,2.234779091684268,0.0,101.4979377111428,1.0197912380668752,0.9591921604105726,0.11069945647795845,0.2172170175632873,0.00013193346107539283,0.08422295110813957,0.5596918883888553,22.902543202718746,13.0,1
139733,0.872923795046736,0.0,94.08382075145691,1.8002204158456978,0.6975233845593646,0.09873331191373055,0.05560639557080918,3.0196516072525145e-05,0.12855115469138523,0.5570327996307758,24.600775681463272,37.0,2
136482,4.359420279727952,1.0,151.21794588973188,0.6632195463963222,1.5847705774637866,0.07664561864626834,5.259586519153219e-05,0.14748398906460924,0.08534643612555834,0.3739279421988962,32.167958777307625,28.0,2
103656,1.5954046671017168,1.0,83.83822872971979,1.3920585419964056,1.1129057238060638,0.09724115111165019,0.005455117851857182,0.0,0.07697095147323091,0.326868612631449,32.15384980456726,54.0,3
